LIMIT_BAL,SEX,EDUCATION,MARRIAGE,AGE,PAY_0,PAY_2,PAY_3,PAY_4,PAY_5,PAY_6,BILL_AMT1,BILL_AMT2,BILL_AMT3,BILL_AMT4,BILL_AMT5,BILL_AMT6,PAY_AMT1,PAY_AMT2,PAY_AMT3,PAY_AMT4,PAY_AMT5,PAY_AMT6,DEFAULT_PAYMENT_NEXT_MONTH
20000,Female,2,1,24,2,2,-1,-1,-2,-2,3913,3102,689,0,0,0,0,689,0,0,0,0,Yes
120000,Female,2,2,26,-1,2,0,0,0,2,2682,1725,2682,3272,3455,3261,0,1000,1000,1000,0,2000,Yes
90000,Female,2,2,34,0,0,0,0,0,0,29239,14027,13559,14331,14948,15549,1518,1500,1000,1000,1000,5000,No
50000,Female,2,1,37,0,0,0,0,0,0,46990,48233,49291,28314,28959,29547,2000,2019,1200,1100,1069,1000,No
50000,Male,2,1,57,-1,0,-1,0,0,0,8617,5670,35835,20940,19146,19131,2000,36681,10000,9000,689,679,No
100000,Female,2,2,23,0,-1,-1,0,0,-1,11876,380,601,221,-159,567,380,601,0,581,1687,1542,No
140000,Female,3,1,28,0,0,2,0,0,0,11285,14096,12108,12211,11793,3719,3329,0,432,1000,1000,1000,No
20000,Male,3,2,35,-2,-2,-2,-2,-1,-1,0,0,0,0,13007,13912,0,0,0,13007,1122,0,No
200000,Female,3,2,34,0,0,2,0,0,-1,11073,9787,5535,2513,1828,3731,2306,12,50,300,3738,66,No
630000,Female,2,2,41,-1,0,-1,-1,-1,-1,12137,6500,6500,6500,6500,2870,1000,6500,6500,6500,2870,0,No
70000,Male,2,2,30,1,2,2,0,0,2,65802,67369,65701,66782,36137,36894,3200,0,3000,3000,1500,0,Yes
250000,Male,1,2,29,0,0,0,0,0,0,70887,67060,63561,59696,56875,55512,3000,3000,3000,3000,3000,3000,No
50000,Female,3,3,23,1,2,0,0,0,0,50614,29173,28116,28771,29531,30211,0,1500,1100,1200,1300,1100,No
20000,Male,1,2,24,0,0,2,2,2,2,15376,18010,17428,18338,17905,19104,3200,0,1500,0,1650,0,Yes
320000,Male,1,1,49,0,0,0,-1,-1,-1,253286,246536,194663,70074,5856,195599,10358,10000,75940,20000,195599,50000,No
360000,Female,1,1,49,1,-2,-2,-2,-2,-2,0,0,0,0,0,0,0,0,0,0,0,0,No
180000,Female,1,2,29,1,-2,-2,-2,-2,-2,0,0,0,0,0,0,0,0,0,0,0,0,No
130000,Female,3,2,39,0,0,0,0,0,-1,38358,27688,24489,20616,11802,930,3000,1537,1000,2000,930,33764,No
120000,Female,2,1,39,-1,-1,-1,-1,-1,-1,316,316,316,0,632,316,316,316,0,632,316,0,Yes
70000,Female,2,2,26,2,0,0,2,2,2,41087,42445,45020,44006,46905,46012,2007,3582,0,3601,0,1820,Yes
450000,Female,1,1,40,-2,-2,-2,-2,-2,-2,5512,19420,1473,560,0,0,19428,1473,560,0,0,1128,Yes
90000,Male,1,2,23,0,0,0,-1,0,0,4744,7070,0,5398,6360,8292,5757,0,5398,1200,2045,2000,No
50000,Male,3,2,23,0,0,0,0,0,0,47620,41810,36023,28967,29829,30046,1973,1426,1001,1432,1062,997,No
60000,Male,1,2,27,1,-2,-1,-1,-1,-1,-109,-425,259,-57,127,-189,0,1000,0,500,0,1000,Yes
50000,Female,3,2,30,0,0,0,0,0,0,22541,16138,17163,17878,18931,19617,1300,1300,1000,1500,1000,1012,No
50000,Female,3,1,47,-1,-1,-1,-1,-1,-1,650,3415,3416,2040,30430,257,3415,3421,2044,30430,257,0,No
50000,Male,1,2,26,0,0,0,0,0,0,15329,16575,17496,17907,18375,11400,1500,1500,1000,1000,1600,0,No
230000,Female,1,2,27,-1,-1,-1,-1,-1,-1,16646,17265,13266,15339,14307,36923,17270,13281,15339,14307,37292,0,No
100000,Male,1,2,32,0,0,0,0,0,0,93036,84071,82880,80958,78703,75589,3023,3511,3302,3204,3200,2504,No
500000,Female,2,1,54,-2,-2,-2,-2,-2,-2,10929,4152,22722,7521,71439,8981,4152,22827,7521,71439,981,51582,No
500000,Male,1,1,58,-2,-2,-2,-2,-2,-2,13709,5006,31130,3180,0,5293,5006,31178,3180,0,5293,768,No
160000,Male,1,2,30,-1,-1,-2,-2,-2,-1,30265,-131,-527,-923,-1488,-1884,131,396,396,565,792,0,No
280000,Male,2,1,40,0,0,0,0,0,0,186503,181328,180422,170410,173901,177413,8026,8060,6300,6400,6400,6737,No
60000,Female,2,2,22,0,0,0,0,0,-1,15054,9806,11068,6026,-28335,18660,1500,1518,2043,0,47671,617,No
50000,Male,1,2,25,1,-1,-1,-2,-2,-2,0,780,0,0,0,0,780,0,0,0,0,0,Yes
280000,Male,1,2,31,-1,-1,2,-1,0,-1,498,9075,4641,9976,17976,9477,9075,0,9976,8000,9525,781,No
360000,Male,1,2,33,0,0,0,0,0,0,218668,221296,206895,628699,195969,179224,10000,7000,6000,188840,28000,4000,No
70000,Female,1,2,25,0,0,0,0,0,0,67521,66999,63949,63699,64718,65970,3000,4500,4042,2500,2800,2500,No
10000,Male,2,2,22,0,0,0,0,0,0,1877,3184,6003,3576,3670,4451,1500,2927,1000,300,1000,500,No
140000,Female,2,1,37,0,0,0,0,0,0,59504,61544,62925,64280,67079,69802,3000,3000,3000,4000,4000,3000,No
40000,Female,1,2,30,0,0,0,2,0,0,18927,21295,25921,25209,26636,29197,3000,5000,0,2000,3000,0,No
210000,Male,1,2,29,-2,-2,-2,-2,-2,-2,0,0,0,0,0,0,0,0,0,0,0,0,Yes
20000,Female,1,2,22,0,0,2,-1,0,0,14028,16484,15800,16341,16675,0,3000,0,16741,334,0,0,Yes
380000,Male,2,2,32,-1,-1,-1,-1,-1,-1,22401,21540,15134,32018,11849,11873,21540,15138,24677,11851,11875,8251,No
70000,Male,3,2,42,1,2,2,2,2,0,37042,36171,38355,39423,38659,39362,0,3100,2000,0,1500,1500,Yes
100000,Female,3,3,43,0,0,0,0,0,0,61559,51163,43824,39619,35762,33258,2000,1606,1500,2000,1500,1000,No
310000,Female,2,1,49,-2,-2,-2,-2,-2,-2,13465,7867,7600,11185,3544,464,7875,7600,11185,3544,464,0,No
180000,Female,1,2,25,1,2,0,0,0,0,41402,41742,42758,43510,44420,45319,1300,2010,1762,1762,1790,1622,No
150000,Female,1,2,29,2,0,0,0,0,0,46224,34993,31434,26518,21042,16540,1600,1718,1049,1500,2000,5000,No
500000,Female,1,1,45,-2,-2,-2,-2,-2,-2,1905,3640,162,0,151,2530,3640,162,0,151,2530,0,No
180000,Female,3,1,34,0,0,0,-1,-1,-1,16386,15793,8441,7142,-679,8321,8500,1500,7500,679,9000,2000,No
180000,Female,2,1,34,0,0,0,0,0,0,175886,173440,172308,168608,132202,129918,8083,7296,5253,4814,4816,3800,No
200000,Female,1,2,34,-1,3,2,2,2,2,1587,1098,782,1166,700,1414,0,0,700,0,1200,0,No
400000,Female,2,1,29,0,0,0,0,0,0,400134,398857,404205,360199,356656,364089,17000,15029,30000,12000,12000,23000,No
500000,Female,3,1,28,0,0,0,0,0,0,22848,23638,18878,14937,13827,15571,1516,1300,1000,1000,2000,2000,Yes
70000,Male,2,1,39,0,0,0,0,0,-1,70800,72060,69938,16518,14096,830,4025,2095,1000,2000,3000,0,No
50000,Male,1,2,29,2,2,2,2,2,2,24987,24300,26591,25865,27667,28264,0,2700,0,2225,1200,0,Yes
50000,Female,2,1,46,0,0,0,-2,-2,-2,28718,29166,0,0,0,0,1000,0,0,0,0,0,Yes
200000,Male,1,1,57,-2,-2,-2,-1,2,2,152519,148751,144076,8174,8198,7918,0,0,8222,300,0,1000,Yes
10000,Male,2,1,56,2,2,2,0,0,0,2097,4193,3978,4062,4196,4326,2300,0,150,200,200,160,Yes
210000,Female,1,2,30,2,-1,-1,-1,-1,-1,300,300,1159,2280,300,4250,300,1159,2280,300,4250,909,No
130000,Female,3,2,29,1,-2,-2,-1,2,-1,-190,-9850,-9850,10311,10161,7319,0,0,20161,0,7319,13899,No
20000,Male,5,2,22,2,0,0,0,0,0,18565,17204,17285,18085,11205,5982,0,1200,1000,500,1000,0,No
80000,Male,1,2,31,-1,-1,-1,-1,-1,-1,780,0,390,390,390,390,0,390,390,390,390,390,No
200000,Female,2,1,32,-1,-1,-1,-1,2,-1,9076,5787,-684,5247,3848,3151,5818,15,9102,17,3165,1395,No
290000,Female,1,2,37,1,-2,-1,-1,-1,-1,0,0,3155,0,2359,0,0,3155,0,2359,0,0,No
340000,Male,1,2,32,-1,-1,-1,-1,-1,-1,3048,5550,23337,4291,80153,25820,5713,23453,4314,80552,25949,2016,No
20000,Male,2,2,24,0,0,2,0,0,0,14619,17216,16642,16976,17332,18543,2850,0,610,630,1500,0,No
300000,Female,1,1,45,-1,-1,-1,-1,-1,-1,291,291,291,291,291,291,291,291,291,291,291,291,No
30000,Female,2,2,22,0,0,0,0,0,0,28387,29612,30326,28004,26446,6411,1686,1400,560,3000,1765,0,Yes
240000,Female,2,2,44,1,-2,-2,-2,-2,-2,0,0,0,0,0,0,0,0,0,0,0,0,Yes
470000,Female,3,3,33,0,0,0,0,0,0,165254,157784,162702,69923,29271,29889,6400,7566,3000,960,1000,3000,No
360000,Female,1,2,26,0,0,0,0,0,-1,23411,27796,30400,33100,180000,196,4796,3400,3100,146900,196,2963,No
60000,Male,3,2,30,0,0,0,0,0,0,26324,27471,28108,21993,19899,19771,1576,1213,648,768,1140,0,Yes
400000,Female,2,1,44,0,0,2,0,0,0,131595,139060,126819,104430,104990,94058,10700,3,3050,3000,3200,2800,No
50000,Female,3,2,49,0,0,0,0,0,0,48909,47863,21489,20414,19342,19482,1676,1302,700,699,849,826,No
160000,Male,2,2,33,0,0,0,0,0,0,130028,107808,71934,118418,118407,120418,4400,3547,80000,4500,4800,4500,No
360000,Female,1,1,45,-1,-1,2,0,-1,-1,390,1170,780,390,390,390,1170,0,0,390,390,390,Yes
160000,Female,2,2,32,0,0,0,0,0,-1,3826,4751,6604,8604,7072,766,1147,2000,2000,0,766,2303,No
200000,Male,1,1,53,2,2,2,2,2,2,138180,140774,142460,144098,147124,149531,6300,5500,5500,5500,5000,5000,Yes
280000,Female,1,2,39,-1,-1,-1,0,0,-2,7524,0,3968,3868,0,0,0,3968,0,0,0,0,No
160000,Female,2,1,37,-1,-1,-1,-1,-1,-2,880,1602,840,840,0,0,1602,840,840,0,0,7736,No
60000,Female,2,2,23,0,0,0,0,0,0,45648,46850,47214,19595,19209,19323,1937,1301,682,690,816,835,No
90000,Male,2,2,35,0,0,0,0,0,0,83725,85996,87653,35565,30942,30835,3621,3597,1179,1112,1104,1143,No
360000,Male,1,1,43,-1,-1,-1,-1,-1,0,3967,8322,3394,6451,26370,9956,8339,3394,12902,27000,0,68978,No
150000,Male,1,2,27,0,0,0,0,0,0,86009,86108,89006,89775,87725,40788,4031,10006,3266,4040,1698,800,No
50000,Female,3,1,22,0,0,0,0,0,0,18722,18160,16997,13150,8866,7899,1411,1194,379,281,321,197,No
20000,Male,2,1,38,0,0,0,0,0,-1,17973,19367,19559,18240,17928,150,1699,1460,626,1750,150,0,Yes
140000,Male,1,2,32,-2,-2,-2,-2,-2,-2,672,10212,850,415,100,1430,10212,850,415,100,1430,0,No
380000,Female,1,2,30,-2,-2,-1,0,0,0,-81,-303,32475,32891,33564,34056,223,33178,1171,1197,1250,5000,No
480000,Male,1,1,63,0,0,0,2,2,0,422069,431342,479432,487066,471145,469961,16078,55693,17000,0,18000,24200,No
50000,Female,3,2,22,0,0,0,0,0,0,44698,42254,38347,32496,23477,24094,1767,1362,1002,840,995,904,Yes
60000,Female,2,2,26,2,2,2,2,2,0,56685,55208,59175,60218,55447,55305,0,5000,2511,6,3000,3000,No
70000,Female,2,2,24,-1,-1,-2,-2,-2,-1,5580,0,0,0,0,26529,0,0,0,0,26529,2000,No
80000,Female,2,1,36,-1,-1,-1,-1,-1,-1,6108,2861,3277,3319,1150,1150,2861,3279,3319,1150,1150,1035,No
350000,Male,1,2,52,-1,-1,-1,-1,-1,-1,713,2272,722,867,1150,5263,2272,722,867,1150,5263,5011,No
130000,Male,2,2,38,0,0,0,-1,-1,-1,171438,178382,39940,120483,44127,126568,10908,0,133657,4566,133841,4796,No
360000,Male,2,1,35,1,-2,-2,-2,-2,-2,-103,-103,-103,-103,-103,-103,0,0,0,0,0,0,No
330000,Female,1,1,31,0,0,2,0,0,0,105879,108431,105594,105896,106491,107289,9260,0,3593,4100,15794,0,No
50000,Male,3,1,47,0,0,2,0,0,0,13244,14722,15181,15928,16671,17393,2000,1000,1000,1000,1000,1000,No
280000,Male,2,1,41,2,2,2,2,2,3,135673,138532,134813,144401,152174,149415,6500,0,14254,14850,0,5000,No
100000,Female,1,2,24,0,0,0,0,0,0,52128,52692,54477,56076,60100,59713,2000,2677,3076,5080,3000,2033,No
50000,Male,2,2,41,0,0,0,0,0,0,19015,19294,20259,20274,20311,19957,1340,1305,700,718,724,684,No
30000,Male,1,2,24,-1,2,0,0,3,2,18199,17618,18631,21319,20692,21201,0,1312,3000,0,1000,1000,Yes
240000,Male,1,2,28,-1,-1,-1,-1,-1,-1,326,326,326,5676,476,326,326,326,5676,476,326,526,No
80000,Male,2,2,26,2,0,0,0,0,0,14029,15493,16630,17055,17629,18186,2000,1700,1000,1000,1000,1000,Yes
240000,Female,2,2,38,0,0,0,0,-1,-1,50254,51445,53015,52479,1307,1203,2000,3000,3000,1307,1203,563,No
50000,Male,3,2,37,2,2,2,3,2,2,46004,45976,48953,48851,49318,51143,1000,4035,1000,1400,2800,0,Yes
450000,Male,1,1,40,1,-2,-2,-2,-2,-2,0,0,0,0,0,0,0,0,0,0,0,0,Yes
110000,Female,1,1,48,1,-2,-2,-2,-2,-2,0,0,0,0,0,0,0,0,0,0,0,0,No
310000,Female,2,1,35,2,0,0,0,0,0,304991,311243,306314,258610,246491,198889,13019,11128,8407,8599,6833,5987,Yes
20000,Male,1,2,27,0,0,0,0,0,0,19115,18962,19298,19378,19717,15630,1404,1130,600,861,313,0,No
20000,Male,2,2,23,1,-2,-2,-2,-2,-2,0,0,0,0,0,0,0,0,0,0,0,0,No
200000,Male,3,2,52,0,0,0,0,0,0,110151,99530,98951,100914,103146,104993,3568,3585,3602,3848,3669,3784,No
50000,Male,2,1,51,0,0,0,0,0,0,3347,3899,4503,5347,6375,7077,1000,1066,1300,1500,1200,134,Yes
60000,Male,3,1,55,3,2,2,0,0,0,60521,61450,57244,28853,29510,26547,2504,7,1200,1200,1100,1500,No
30000,Female,1,2,23,1,-2,-2,-2,-1,-1,4000,5645,3508,-27,13744,5906,5645,3508,27,13771,5911,3024,No
240000,Male,1,2,41,1,-1,-1,0,0,-1,95,2622,3301,3164,360,1737,2622,3301,0,360,1737,924,No
420000,Male,2,1,34,0,0,0,0,0,0,253454,247743,229049,220951,210606,188108,9744,9553,7603,7830,7253,11326,No
330000,Male,3,1,46,0,0,0,0,0,0,227389,228719,229644,227587,227775,228203,8210,8095,8025,8175,8391,8200,No
30000,Female,2,2,22,0,0,0,0,0,0,28452,26145,26712,25350,17603,-780,2000,1400,0,500,0,1560,No
240000,Male,2,1,34,0,0,0,2,2,2,10674,12035,13681,13269,14158,13891,1500,1800,0,1000,0,327,No
150000,Male,1,2,27,0,0,0,0,0,0,17444,19342,22000,24614,27200,30229,2500,3000,3000,3000,3500,5000,No
210000,Female,2,1,33,0,0,0,0,0,0,7166,7997,8792,9189,4404,5708,1500,1500,1000,500,2000,546,No
50000,Female,3,1,51,-1,-1,-1,-1,-2,-2,752,300,5880,0,0,0,300,5880,0,0,0,0,Yes
50000,Male,1,2,24,0,0,0,0,0,0,50801,50143,49586,19430,19375,18995,2360,1700,1000,900,870,2130,No
240000,Male,1,2,47,1,-2,-2,-2,-2,-2,0,0,0,0,0,0,0,0,0,0,0,0,Yes
180000,Male,2,2,28,-1,-1,-1,-1,-1,-1,1832,0,832,332,416,416,0,416,332,500,3500,832,No
50000,Male,2,2,23,1,2,2,2,0,0,10131,10833,20583,19996,19879,18065,1000,10000,400,700,800,600,No
170000,Male,2,2,29,-2,-2,-2,-2,-2,-2,12159,10000,10000,10000,9983,15846,10000,10000,10000,9983,15863,10000,No
20000,Male,1,2,29,-1,-1,-1,-1,0,-1,1199,15586,344,2340,6702,339,15586,344,2340,4702,339,330,No
50000,Male,1,2,28,0,0,0,0,0,3,4999,5913,7315,9195,10624,10138,1000,1500,2000,1583,1100,0,No
170000,Female,2,2,27,0,0,0,0,0,0,19269,20313,20852,17560,17918,9100,1661,1200,351,358,182,0,Yes
200000,Male,1,2,34,1,2,0,0,0,0,197236,176192,93069,135668,132233,59875,8000,5000,55500,5000,5000,8500,No
80000,Female,2,1,23,1,2,3,2,0,0,9168,10522,10205,9898,10123,12034,1650,0,0,379,2091,1,No
80000,Male,1,2,25,0,0,0,0,0,0,42444,55744,43476,41087,41951,31826,30000,3000,6000,8000,2000,14000,No
350000,Male,1,2,41,1,-1,-1,-1,-1,-2,208,2906,1000,630,0,0,2906,1000,630,0,0,0,No
280000,Female,2,1,56,0,0,0,0,0,0,208775,182350,132257,101783,177145,169311,8042,6700,5137,100000,7000,6321,No
30000,Female,3,2,26,0,0,0,0,0,0,9014,10406,11427,11935,13084,14206,1700,1500,1000,1500,1500,1500,No
140000,Male,1,1,34,0,0,0,0,0,0,23944,28049,32073,43129,47086,48699,5000,5000,11885,5000,3000,5504,No
200000,Female,1,2,37,0,0,0,0,0,0,105420,102870,89643,90938,92505,94031,4000,3250,3250,3500,3560,5000,No
200000,Female,3,2,30,0,0,0,0,0,0,196031,196143,189524,167163,146975,122324,7300,7108,7680,6200,5000,4500,No
50000,Male,3,1,57,3,2,0,0,0,0,12854,12362,13447,13427,13711,14083,0,1600,500,500,600,600,No
30000,Male,1,2,41,2,2,2,2,2,0,24357,27453,26718,28168,27579,28321,3500,0,2200,0,1200,1250,No
50000,Male,2,2,27,2,-1,-1,-1,-1,2,390,390,780,216,1080,540,390,780,216,864,0,390,No
290000,Male,3,1,47,-1,-1,-1,-1,0,-1,1234,396,396,792,396,423,396,396,792,0,423,369,No
250000,Female,1,1,34,0,0,2,0,0,0,141223,156858,151841,152803,155997,160220,17994,0,5469,5656,6811,3920,No
60000,Female,2,1,46,0,0,0,0,0,0,21148,23803,24908,26034,26655,27756,3000,1500,1500,1000,1500,1500,No
110000,Female,1,2,27,0,0,0,0,0,0,101640,104795,104855,74737,76058,77254,5500,3900,3000,2900,3000,2800,No
100000,Male,2,1,27,-1,2,2,0,0,0,102349,96847,58824,29336,22979,-246,3166,0,1330,1398,12,50000,No
90000,Female,2,1,35,0,0,0,0,0,2,72112,73854,75526,77317,85852,88290,3500,3500,3652,10000,4000,0,No
50000,Female,2,2,22,0,0,0,0,0,0,28040,29092,29366,27737,28318,28806,1510,1442,982,1017,1277,567,No
270000,Male,2,2,37,0,0,0,0,0,0,37695,33397,30534,27598,26344,24641,5000,2000,3000,4000,3000,2000,No
300000,Female,1,2,30,-1,-1,-1,-1,-1,-1,688,3280,0,4340,2672,800,3288,0,4340,2672,800,746,No
50000,Female,2,2,22,-1,0,0,0,0,0,8567,15273,11650,7457,3115,7725,15000,1000,149,0,5000,10000,No
360000,Male,1,2,29,1,-2,-1,-1,-2,-2,0,0,77,0,0,0,0,77,0,0,0,0,No
130000,Male,3,1,56,1,2,2,2,2,3,64617,65978,67282,68557,72796,71345,3000,3000,3000,5500,0,0,Yes
80000,Male,1,2,30,-2,-1,0,0,0,0,6187,100,600,1438,1919,5380,504,500,1000,500,3500,0,No
50000,Male,2,2,30,1,2,0,0,0,2,48860,47801,48363,30221,22877,22361,0,1500,1000,2000,0,2000,No
20000,Female,2,2,22,0,0,0,0,0,0,16001,12622,13221,13130,14034,14906,1212,1201,500,1500,1500,1000,No
80000,Female,2,1,29,0,0,2,0,0,0,77883,81811,80250,61467,10662,11486,5800,1000,600,400,1000,0,No
240000,Male,1,2,37,-1,-1,2,0,0,-1,12212,26578,25331,26605,26279,1256,15000,0,2000,0,1256,65935,No
80000,Female,3,2,35,0,-1,0,0,0,0,49608,12412,14873,17364,17770,17460,12500,6500,3000,2000,3000,2000,No
500000,Female,1,1,47,0,0,0,0,0,0,56422,110616,110340,122967,108834,70064,70010,30357,30000,20000,52183,20000,No
60000,Female,2,1,24,0,0,0,0,0,0,58024,57891,48839,18971,19323,19395,2500,1600,3000,1000,737,2000,Yes
20000,Male,2,2,25,0,0,0,0,0,-1,10642,11677,13070,12280,1615,1620,1200,1593,601,135,1824,0,No
100000,Female,2,1,38,1,2,0,0,2,0,14483,13961,15323,16268,15868,16448,0,1600,1500,0,1000,1500,Yes
360000,Female,1,2,32,1,-1,-1,-1,-1,-1,2616,57077,5287,68445,13881,16240,57087,5295,68454,13889,16250,38313,No
200000,Female,3,2,47,2,2,2,2,2,2,199436,202947,193936,196186,200162,189915,8214,7000,6800,7134,0,6836,Yes
130000,Female,2,1,34,1,-1,0,0,0,0,0,5396,10270,13576,13864,14636,5396,5000,3500,501,1000,2000,No
20000,Female,2,2,31,1,5,4,4,3,2,21703,21087,21461,20835,20219,20487,0,1000,0,0,760,0,No
310000,Male,1,2,32,0,0,0,0,0,0,59901,62147,62102,65875,60387,43328,10020,6031,10057,5028,5060,4223,No
60000,Female,1,2,27,2,0,0,0,2,0,19625,20347,21669,23005,22499,22873,1342,1664,2000,0,900,846,Yes
180000,Female,1,2,24,-1,-1,2,0,0,-2,14670,22087,21282,10200,0,0,37867,0,200,0,0,0,No
50000,Male,2,1,36,0,0,0,0,-1,-1,47790,18114,18250,-14,72,658,2000,1000,2000,500,1000,20011,No
50000,Female,1,2,24,1,2,2,2,2,2,36166,37188,37680,38462,39228,40035,1900,1400,1700,1532,1600,0,Yes
150000,Female,2,1,34,-2,-2,-2,-2,-2,-2,0,0,0,116,0,1500,0,0,116,0,1500,0,No
20000,Female,1,2,22,0,0,0,0,-1,0,18553,19446,19065,8332,18868,19247,1500,1032,541,20000,693,1000,No
500000,Female,1,1,34,-2,-2,-2,-1,-1,-1,412,138,2299,1251,1206,1151,138,2299,1251,1206,1151,15816,No
30000,Female,3,2,22,1,2,2,0,0,0,29010,29256,28122,29836,1630,0,1000,85,1714,104,0,0,Yes
180000,Female,1,1,38,-2,-2,-2,-2,-2,-2,750,0,0,0,0,0,0,0,0,0,0,0,No
140000,Male,1,2,31,0,0,2,0,0,2,27123,27299,17985,20225,27407,10833,25000,0,3000,7800,0,2500,No
140000,Female,1,2,26,-1,0,-1,-1,-1,-1,13424,18000,13001,5818,13506,487,10000,13001,5841,13506,487,7004,No
360000,Female,2,1,48,0,0,0,0,0,0,226430,231878,234192,190211,173557,146511,9100,7300,5800,5600,5600,4100,No
20000,Male,3,1,43,-1,-1,0,0,0,0,227,20351,20237,19339,19450,19337,22359,1305,1258,1459,3457,1700,No
100000,Male,1,1,47,-1,-1,-1,-1,-1,-1,390,1473,390,390,390,0,1473,390,390,390,0,2380,No
210000,Female,2,1,41,-1,-1,-1,-1,-1,-1,3088,1586,343,3763,877,0,1586,343,3763,877,0,419,Yes
80000,Female,2,2,24,0,0,0,0,0,0,81625,81554,79599,49552,49509,49568,3200,3000,2038,2000,1800,1800,Yes
330000,Female,1,1,50,-1,-1,-1,-1,-2,-2,8872,4337,2854,1690,0,1709,4345,2854,1702,0,1709,258,No
220000,Male,1,2,24,0,0,0,-1,-1,-1,105607,108917,111520,8303,0,85632,5000,5050,8303,0,85632,0,No
210000,Female,1,1,38,1,-2,-1,0,-1,-1,0,0,250,123,789,1222,0,250,0,789,1222,9616,Yes
40000,Female,3,1,43,0,0,0,0,0,0,38257,38901,38103,36207,33138,31339,1700,1504,1200,1500,1500,1000,No
30000,Male,2,2,39,0,0,0,2,0,0,28347,28108,18388,12992,7736,8032,3036,2309,0,1000,2000,148,No
30000,Male,3,1,42,-1,-1,-1,-1,-1,2,390,390,390,240,1320,780,390,390,240,1470,0,0,No
240000,Female,2,1,36,1,-2,-2,-2,-2,-2,-946,-946,-946,-946,-946,-946,0,0,0,0,0,0,Yes
80000,Male,2,2,36,2,0,0,0,0,0,79278,78501,78534,80016,76235,78245,3100,3500,3400,3000,3500,3000,No
110000,Female,3,0,31,0,0,0,0,0,0,89989,84229,79288,73315,63818,63208,4000,5000,3000,3000,3000,8954,No
310000,Female,1,2,38,-1,-1,-1,-1,-2,-2,1424,4542,126,0,0,0,4542,126,0,0,0,0,No
360000,Female,1,1,40,2,2,2,0,0,0,105167,115468,112157,114690,117845,120238,12000,0,5900,5000,4500,4700,Yes
330000,Female,3,2,45,0,0,0,0,0,0,335196,334954,335527,333860,335760,330121,12388,12378,12116,12450,12213,11678,No
300000,Female,2,2,35,0,0,0,0,0,0,291619,297268,205629,215827,208464,212508,12019,9006,17000,12000,9557,15000,No
320000,Female,2,2,33,0,0,0,0,0,0,91653,94037,108597,65913,43805,33263,10042,18832,2117,2076,5045,3754,No
50000,Female,3,2,37,1,3,2,0,0,0,52626,51537,49205,30394,30249,29957,0,24,1500,1000,1201,30592,Yes
170000,Female,1,2,28,0,0,0,0,0,0,130370,131199,128900,125514,127280,128839,6530,4860,22500,4820,4877,4962,No
350000,Male,3,1,44,-1,-1,-1,-1,-1,-2,3265,2686,1864,569,0,0,2686,1864,569,0,0,0,No
20000,Male,2,1,37,0,0,0,0,0,0,16455,16511,18902,18768,18650,19175,1609,3000,663,676,834,782,No
20000,Female,3,2,24,1,2,0,0,0,0,19154,18165,17233,7630,1730,0,0,1333,500,100,0,3200,No
50000,Female,1,2,24,0,0,0,0,0,0,35084,35796,30937,19420,10385,1308,2090,2002,1002,238,1011,389,No
50000,Male,2,1,26,0,0,-2,-1,-1,0,102800,0,0,2624,45567,46557,0,0,2624,45567,1747,2000,No
190000,Male,2,2,34,2,0,0,0,2,2,129801,131383,134379,142323,140120,150052,5000,5000,10000,0,12118,2769,Yes
60000,Female,2,1,33,0,0,0,0,0,0,58203,36367,20934,20694,20175,19421,1506,1298,1000,721,811,599,No
80000,Male,1,2,35,-1,-1,-1,-1,-1,-1,7988,3977,6848,1719,1378,19942,3983,6853,1719,1378,19942,2418,No
150000,Female,2,2,27,0,0,0,0,0,0,127402,110050,51547,44384,36900,29497,4500,1745,1566,1208,1077,2529,No
210000,Female,1,2,31,-2,-2,-2,-2,-1,-1,1440,0,7422,893,6082,2293,0,7422,893,6082,2293,3299,No
240000,Female,3,1,50,0,0,0,0,0,0,234205,231669,214642,207642,210375,214694,10116,9150,8008,8000,8009,7714,Yes
140000,Female,2,3,41,0,0,0,0,0,0,19346,21708,22940,19068,16409,16383,3000,2000,2198,1000,3000,2399,Yes
50000,Male,1,2,39,0,0,0,0,0,0,47174,47974,48630,50803,30789,15874,1800,2000,3000,2000,2000,2000,No
50000,Female,2,2,27,0,0,0,0,0,0,26655,27724,28676,27990,28790,29399,1800,1750,900,1200,1200,1100,No
180000,Female,1,2,32,-1,-1,2,2,-1,-1,3139,5853,2821,0,2821,0,2821,0,0,2821,0,176,No
30000,Female,1,2,40,-1,-1,2,2,2,2,142,215,139,19,19,79,355,120,0,0,60,60,No
20000,Female,2,2,40,0,0,0,0,0,-2,19816,20396,20102,19575,0,0,1601,2203,2114,0,0,0,No
100000,Female,2,2,27,0,0,0,0,0,0,37767,34457,30036,30337,30997,32904,1788,1799,1100,1150,2423,0,No
330000,Male,1,2,25,0,0,0,0,2,0,46140,45781,48139,51137,39450,25358,2504,4007,5056,74,1023,2566,No
50000,Male,3,1,46,0,0,0,0,0,0,35713,15392,16099,16418,16765,17484,1561,1268,587,611,1000,2000,No
50000,Female,2,2,26,1,2,2,0,0,0,50867,51486,48869,30115,29527,29998,1710,136,1206,2002,2005,3003,No
140000,Female,2,2,26,0,0,0,0,0,0,101551,105246,104781,105334,107699,106828,5366,5087,3605,3894,3785,3304,Yes
160000,Female,1,2,28,0,0,0,0,-1,0,70243,47779,28052,7222,99669,84426,7042,2000,1000,99669,12600,10000,No
400000,Female,2,2,29,-1,0,-1,-1,-1,-1,19532,3719,1453,4944,1896,2486,3127,1469,4968,1905,2494,862,No
50000,Male,2,1,25,0,0,0,0,0,0,27699,28513,29341,29928,29533,28538,1565,1393,980,994,1024,886,No
140000,Female,2,1,48,0,-1,-1,-1,-1,-1,1154,1233,862,1355,1130,21361,1233,1075,1355,1130,21361,1347,No
160000,Female,2,1,33,-1,-1,-1,-1,0,-1,8015,2453,9624,52572,7333,2210,2453,9880,52572,1546,2210,0,No
220000,Male,1,1,48,2,0,0,0,0,0,210380,213522,201852,169115,172169,162402,10000,9020,6000,5500,6000,5500,Yes
510000,Female,1,2,29,0,0,0,0,0,0,78331,99414,107686,103776,87265,36739,40010,20094,5000,5001,25365,65000,No
50000,Male,2,2,29,0,0,0,0,0,0,49276,35100,32563,27823,29130,28309,1602,1400,3000,3130,1062,6318,No
160000,Female,1,1,38,-1,-1,-1,-1,2,-1,4473,4664,5969,18941,16578,12652,4664,5969,18941,0,12652,1916,No
230000,Female,1,2,37,-2,-2,-2,-2,-2,-2,2283,50815,0,0,299,338,51315,0,0,299,338,0,No
80000,Female,1,2,37,-1,-1,-1,-1,-1,-1,10115,249,5986,188,1644,16872,258,5995,188,1644,16872,4000,No
150000,Female,2,1,25,-1,-1,-2,-1,-1,-1,6156,0,0,316,316,316,0,0,316,316,316,316,No
10000,Male,3,2,23,0,0,0,0,0,2,6974,7838,9002,9182,9729,9411,1134,1298,478,847,0,175,No
130000,Female,3,2,49,0,0,0,0,0,0,89003,91362,72197,49654,28065,27500,4100,3095,1630,561,600,0,Yes
40000,Female,1,2,48,0,0,0,0,0,0,34871,34449,33634,34586,34762,35673,1600,1600,1500,1500,1500,1500,No
50000,Male,2,2,27,3,2,2,0,0,-1,13694,14880,14242,13968,14319,2614,1700,0,426,501,2614,1390,Yes
100000,Male,3,2,32,0,0,0,0,0,0,70003,31545,20974,19713,19848,18126,2035,2004,616,2007,1009,2015,No
120000,Male,1,1,34,-1,2,-1,0,0,0,1082,632,1350,900,450,0,0,1350,0,0,0,450,No
260000,Female,1,2,58,1,-2,-2,-2,-2,-2,0,0,0,0,0,0,0,0,0,0,0,0,Yes
200000,Female,2,2,33,0,0,0,0,0,0,11253,12852,14024,14512,16325,11905,2000,1322,2000,2000,1200,3000,No
360000,Female,2,2,28,-2,-2,-2,-2,-2,-2,0,0,0,0,0,0,0,0,0,0,0,0,Yes
70000,Female,2,2,36,0,0,0,0,0,0,68699,69120,68376,30163,14310,15085,4483,12496,3268,3000,3000,2000,No
460000,Male,1,1,40,2,-1,-1,-1,-1,-1,171,2715,-13,2641,-10,22535,2728,0,2654,0,22545,0,Yes
50000,Male,3,1,33,0,0,0,0,0,0,50859,50462,50654,20046,20067,19703,2007,2199,691,707,703,697,No
250000,Female,2,1,31,0,0,0,0,0,0,103109,102594,97109,99029,100871,101299,4000,4500,5000,4000,5000,4400,No
30000,Female,1,2,27,0,0,-1,0,0,-2,1512,2458,664,1814,0,0,1000,664,1500,0,0,0,No
270000,Male,2,1,44,0,0,0,0,-1,-1,127543,109189,92630,69669,44149,43414,10063,5162,10150,44299,43509,31031,No
180000,Female,3,2,30,0,0,0,0,0,0,163935,153152,147032,122196,103692,70204,7722,6091,3563,3605,3000,3211,No
100000,Female,1,2,28,0,0,0,0,0,0,53494,52656,52600,52336,55831,56265,4173,3000,2025,5000,3000,3000,No
230000,Female,3,1,32,0,0,0,0,0,0,195126,88743,92195,94814,98182,98457,5000,5000,5000,5000,4000,5000,No
210000,Female,1,1,46,-1,-1,-1,-1,-1,-1,110346,41986,21874,20076,16171,586,41986,21874,20076,16171,586,19777,No
210000,Male,1,2,38,2,0,0,0,0,0,60502,62804,62769,62683,63663,46549,3276,2026,2000,2000,2000,2502,No
440000,Female,2,1,46,0,0,0,0,0,0,180641,181557,149944,113135,105280,97622,8610,6907,3727,3800,4001,2701,No
100000,Female,2,2,25,2,0,0,0,0,0,70896,71678,70125,69856,69718,51365,3472,2092,2000,2127,1960,1559,Yes
240000,Female,2,1,46,0,0,0,0,0,0,8751,9900,10605,10765,11765,4311,1295,1000,1000,1000,1000,1000,No
280000,Male,1,2,33,-1,-1,-1,-1,-1,-1,898,898,325,898,325,-339603,898,325,898,325,0,345293,Yes
50000,Female,2,2,22,1,-2,-2,-2,-2,-2,0,0,0,0,0,0,0,0,0,0,0,0,Yes
30000,Male,2,1,43,3,2,2,2,2,2,1700,2610,1914,2182,2000,2566,1100,0,300,0,600,0,No
10000,Male,2,2,27,0,0,2,0,0,0,7015,10227,9560,9901,9963,10182,3507,0,500,370,393,700,Yes
130000,Male,1,2,29,1,-2,-2,-2,-2,-2,0,0,0,0,0,0,0,0,0,0,0,1500,No
200000,Male,1,2,31,0,0,0,0,0,0,194353,197344,186292,133345,133634,133990,9000,7465,4715,4804,5141,5300,No
120000,Female,2,1,29,-1,-1,-1,-1,-1,-1,1686,657,2179,1423,0,1820,657,2319,1423,0,1820,2496,No
210000,Female,2,1,36,0,0,0,0,0,0,143225,142996,144415,148190,147993,131629,6483,5082,6000,5900,4544,4700,No
280000,Female,1,1,36,0,0,0,0,0,0,58983,60788,63225,29701,30172,30771,2755,3463,1300,1100,1100,2000,No
300000,Male,1,2,34,1,-2,-1,0,-1,-1,0,0,13001,12601,19595,203,0,13001,0,19595,203,0,Yes
100000,Male,2,2,37,0,0,0,0,0,0,99209,98222,67185,66926,66796,64513,3490,2332,2314,2365,2497,2305,No
440000,Female,1,2,36,-2,-2,-2,-2,-2,-2,0,0,0,0,0,0,0,0,0,0,162000,0,No
50000,Female,3,1,40,0,0,0,0,0,0,49941,51213,12104,12898,13687,14458,2400,1206,1000,1000,1000,1000,No
20000,Female,1,2,25,0,0,2,0,0,0,11968,14564,27820,15824,15761,12510,2800,0,4000,1700,1000,2000,Yes
200000,Female,1,2,27,-1,-1,-1,0,0,0,871,665,960,4242,4084,7414,665,960,3908,1014,3500,2880,No
110000,Female,2,2,26,-2,-2,-2,-2,-2,-2,432,3220,5704,1256,1848,400,3220,5904,0,3000,0,0,No
500000,Female,2,1,36,-1,-1,-1,-1,-1,-1,10483,23956,0,8500,4590,0,23962,0,8500,4590,0,0,No
300000,Female,2,1,27,1,-1,-1,-2,-2,-2,0,5215,0,0,0,0,5215,0,0,0,0,0,No
30000,Male,3,1,55,2,2,2,3,3,4,9720,10613,11339,12841,13836,14514,1200,1200,2000,1500,1500,1500,Yes
60000,Female,1,2,27,-1,-1,-1,-1,-1,-1,20847,13801,14366,4889,273,11736,13809,14583,4889,273,13557,0,No
400000,Female,2,1,38,-1,0,-1,-1,0,-1,3697,3600,1354,5322,5103,2077,1000,1354,5322,6,2386,9085,No
180000,Female,2,1,34,0,0,0,0,0,0,143301,146333,147042,127814,130331,132845,7000,5000,5000,4900,5000,5100,No
20000,Male,1,2,40,0,0,0,2,0,0,10934,13738,16567,10411,13057,14340,3000,3100,0,3000,1500,0,No
200000,Female,3,1,49,-1,2,2,2,0,0,52439,51040,56205,54723,58657,59983,0,6000,0,5000,2286,3000,Yes
100000,Male,1,2,27,0,0,0,0,0,0,55734,52557,33415,28776,17580,6441,1631,1286,200,645,909,200,No
60000,Male,2,2,23,0,0,0,0,0,0,49507,33282,34312,17277,17808,19346,1970,2000,618,809,2000,616,Yes
260000,Female,3,1,53,1,-1,-1,-2,-2,-1,0,165,526,452,397,485,165,526,452,397,485,459,No
50000,Female,3,1,46,3,2,2,0,0,0,48522,50955,29516,29742,29898,24883,3754,1,1070,1030,863,654,No
340000,Female,1,2,27,0,0,0,0,0,0,172180,180140,166281,155628,145645,103263,21105,5461,5000,5849,2732,50000,No
50000,Male,2,2,24,-1,0,0,0,0,0,1399,2441,3865,7476,8384,8085,1070,1500,3666,2477,1306,1000,No
230000,Female,2,1,28,0,0,0,-2,-1,-1,26361,18826,1100,2100,767,6173,1710,1100,1000,767,6173,1000,Yes
360000,Female,2,2,32,0,0,0,0,0,0,93029,94054,91834,95631,100123,100738,10000,7000,10000,10000,10000,10000,No
210000,Male,2,2,43,1,-2,-1,0,0,0,0,0,38013,40555,45075,37056,0,38013,3000,5000,3000,3000,No
220000,Female,2,1,41,-1,2,2,-1,2,-1,650,650,325,950,475,325,325,0,950,0,325,325,Yes
60000,Female,2,1,34,2,2,2,2,2,0,24898,27976,27233,30184,29566,30225,3800,0,3720,0,1300,1291,Yes
340000,Male,2,1,55,-2,-1,-1,-2,-2,-2,50396,44665,8300,2190,24599,7416,44665,8321,2190,24599,7416,77195,No
150000,Male,1,1,40,2,2,2,2,2,2,99855,102586,100064,104975,107147,109428,5200,0,8100,4000,4200,4200,No
200000,Female,2,1,37,1,-1,2,-1,-1,-1,-179,505,189,6773,23209,16893,1000,0,6900,24000,17000,2500,Yes
130000,Female,2,2,40,0,0,2,0,0,0,9559,12394,11883,9826,10167,12685,3000,0,500,500,2700,500,Yes
60000,Female,1,2,28,1,2,0,0,0,0,10540,10232,11237,11427,20973,31857,0,1483,673,10000,11540,7000,No
400000,Female,2,1,43,1,-2,-2,-2,-1,-1,0,0,0,0,1600,78388,0,0,0,1600,78388,0,No
190000,Female,1,2,28,0,0,0,0,0,0,143464,146943,151905,153538,156664,160361,5795,7408,5645,5753,6370,5865,No
260000,Female,1,2,30,0,0,0,0,0,0,156882,160246,159988,158114,158762,159108,10000,8000,6000,7000,7000,6000,No
140000,Female,2,2,31,-2,-2,-2,-2,-2,-2,390,0,0,0,0,0,0,0,0,0,0,0,No
50000,Female,2,1,31,0,0,0,0,0,0,46512,47716,49675,30929,30078,29170,1974,4406,1061,1073,1046,1047,Yes
120000,Female,1,2,34,-1,-1,0,-1,-1,-1,882,6531,6313,1100,1330,830,6900,5037,1100,1330,3800,2037,No
240000,Female,2,2,30,-2,-2,-2,-2,-2,-2,92,92,92,0,92,0,92,92,0,92,0,1883,No
50000,Male,2,2,36,0,0,0,0,-1,0,5916,6172,4123,680,978,978,1212,1200,0,978,0,0,No
200000,Female,1,2,29,-1,2,-1,-1,-1,2,2393,183,4847,20183,24815,24248,0,4872,20183,5000,0,1000,No
180000,Male,1,1,39,0,0,-1,0,0,-1,274731,281713,242063,122295,-1005,1005,11000,145000,26000,0,101005,1898,No
180000,Female,1,2,26,0,0,0,0,0,0,145403,138232,130553,105894,108248,106517,5440,5051,3835,4106,4250,4028,No
160000,Female,1,2,29,-1,-1,-2,-1,0,0,3097,-707,-2697,2303,6182,1654,0,0,5000,5000,1500,13000,No
100000,Female,2,2,26,-1,-1,-1,0,0,0,1370,4192,4159,3542,1980,3980,4210,4159,1000,1080,2000,1525,No
50000,Female,2,2,29,0,0,0,0,0,0,47081,49316,50409,45545,39963,41145,3000,2000,2000,2000,2000,2000,Yes
140000,Female,2,2,31,0,0,0,0,0,0,138119,137950,140254,139679,141748,142174,6600,6500,5100,5300,6000,5000,No
30000,Female,2,2,26,0,0,0,0,0,0,17893,19012,20123,20222,20796,19844,1411,1522,621,795,715,1000,Yes
90000,Male,1,2,26,0,0,-1,0,0,-1,39128,20473,1940,1940,0,23101,1541,4200,0,0,23101,3000,No
200000,Male,1,1,36,1,-2,-1,-1,-2,-1,-14386,-13543,3432,-3684,0,1386,10118,47015,0,4000,100000,10000,No
380000,Male,1,2,30,1,-2,-2,-2,-2,-2,0,0,0,0,0,0,0,0,0,0,0,0,Yes
80000,Female,2,2,43,0,0,0,0,0,0,77057,78102,58501,51042,19036,19414,3177,2600,3000,1691,695,882,No
50000,Male,3,1,58,2,2,2,0,0,2,15899,18720,18122,18530,19089,18856,3400,0,1000,1001,634,638,No
180000,Male,2,1,45,-1,0,0,0,0,0,27679,28422,29650,29981,30419,31127,1481,2000,1100,1200,1500,1500,Yes
240000,Female,2,2,26,0,0,0,0,0,0,141315,128940,124226,113133,113966,103360,6349,5834,3870,4000,3825,3520,No
380000,Male,2,2,34,0,0,0,0,0,0,194314,179206,193992,174675,171253,169121,9010,35000,5000,6000,5000,4400,No
110000,Female,4,2,24,0,0,0,0,0,0,83755,77431,79044,80631,82333,84462,3000,2900,2900,3000,3500,4000,No
260000,Male,1,1,34,-1,-1,-1,-1,-1,-1,49657,291,51058,2351,34039,291,291,51058,35696,34039,291,291,No
500000,Female,2,2,23,4,3,2,0,0,0,507726,509229,499936,505507,484612,419643,10000,0,14000,16500,16000,19000,Yes
320000,Female,2,2,30,0,0,0,0,0,0,71305,71151,72029,72849,74374,74610,2589,2568,2570,2661,2781,2500,No
50000,Male,2,2,32,4,3,2,0,0,0,45734,44741,43562,44039,45008,25775,0,0,1262,1358,1275,1590,No
110000,Male,1,1,40,1,-2,-1,0,-1,-1,0,0,2066,2000,216,216,0,2066,0,216,216,66,Yes
230000,Female,1,2,35,-2,-2,-2,-2,-2,-2,761,300,399,665,576,613,300,399,665,576,613,520,No
330000,Female,2,1,56,1,-1,-1,-2,-1,-1,-9,1520,1488,0,3965,8676,1529,1507,0,3965,8676,384,No
50000,Female,2,1,61,0,0,0,0,0,0,47166,49396,50476,23319,23171,24774,3000,2237,975,1000,2000,1039,No
10000,Male,2,2,24,-1,2,2,2,0,0,2887,1923,2989,2813,2008,2132,0,1500,0,0,150,0,No
300000,Male,1,1,40,1,-2,-2,-2,-2,-2,0,0,0,0,0,0,0,0,0,0,0,0,No
20000,Female,2,1,32,3,2,0,0,0,0,20631,20010,19703,11084,10918,10985,0,1168,384,390,632,616,Yes
180000,Male,2,1,36,2,2,-2,-2,-2,-2,83538,0,0,0,0,0,0,0,0,0,0,0,Yes
160000,Male,1,2,30,-1,-1,-1,-1,-1,-1,99,2977,15086,8578,13028,21712,2977,15086,9123,13028,29712,50000,No
90000,Female,1,2,34,0,0,0,2,2,2,34302,35089,43449,42451,49718,48767,1640,9000,0,8000,0,2000,No
30000,Male,3,3,54,0,0,0,0,0,0,22987,22298,22352,23221,24339,25943,2500,2000,1500,4000,2000,0,No
180000,Male,1,1,46,0,0,0,0,0,0,173267,174590,175233,106288,28089,178719,8100,5299,3305,5040,160719,7000,No
30000,Male,3,1,58,0,0,0,0,0,0,19143,20168,21229,21495,21800,22437,1640,1700,915,800,1000,1961,No
30000,Male,2,1,43,1,2,0,0,0,2,20518,19901,20905,21509,25183,24242,0,1342,946,4200,0,1000,No
140000,Female,1,2,28,-1,0,0,-1,-1,-1,10833,14446,7609,4991,3400,3745,14000,3855,4991,3600,5500,4000,No
210000,Male,1,2,30,0,0,0,0,0,0,69937,71906,43308,44584,47842,49888,3500,3000,2000,4000,3000,10000,No
50000,Male,2,2,31,0,0,0,0,0,0,20526,15129,15093,9577,11139,12487,2000,3000,327,3000,3000,5000,Yes
130000,Female,2,2,29,0,0,0,0,0,0,89055,90780,70947,72367,73875,75355,4200,2575,2600,2674,2701,5750,No
50000,Female,2,1,37,2,2,2,0,0,0,1894,3200,3381,3559,1948,2415,1500,400,200,500,500,400,Yes
140000,Male,3,1,36,0,0,0,0,0,0,100594,78372,91502,90859,88616,88450,3000,30000,4000,4000,3400,3300,No
170000,Female,2,2,28,-1,0,0,2,0,0,2948,3848,5646,5464,5577,5889,1105,1903,0,296,500,95,Yes
80000,Male,2,2,25,0,0,0,0,0,-2,22619,31429,27923,25280,0,0,10010,1209,579,0,0,6305,No
410000,Female,5,1,42,0,0,0,0,0,0,338106,342904,344464,240865,234939,240176,15000,14000,9000,8500,9000,8300,No
80000,Female,1,2,29,1,-1,-1,-2,-2,-2,0,80000,0,0,0,0,80000,0,0,0,0,0,No
80000,Male,3,1,73,-1,0,0,2,2,2,63144,65631,68875,70646,72870,75018,3500,4330,3500,3500,3500,5100,Yes
150000,Male,2,1,43,0,0,0,0,0,0,153249,154049,156523,159653,162866,157759,7900,6500,5700,5700,5700,5334,No
260000,Male,1,1,30,-1,-1,-1,0,0,-1,1131,291,582,291,0,291,291,582,0,0,130291,651,Yes
350000,Male,1,1,38,1,-2,-2,-2,-2,-2,0,0,0,0,0,0,0,0,0,0,0,0,No
280000,Female,2,1,39,1,-1,0,0,0,0,-1312,35918,37297,37154,32581,33316,38621,2000,1130,922,1011,5000,Yes
310000,Male,2,1,44,0,0,0,0,0,0,103797,91989,87720,76218,72090,71620,4400,4013,3011,3000,3001,2653,No
360000,Male,1,1,51,-1,-1,-1,-2,-2,-2,38000,25000,0,0,0,0,25000,0,0,0,0,0,No
140000,Female,1,2,27,0,0,0,0,0,0,142428,144105,143952,142590,142650,142620,10000,10000,6000,6000,6000,5600,No
100000,Male,1,2,38,0,0,0,0,0,0,40810,42653,42351,43011,43011,28947,2502,1200,860,0,579,0,No
50000,Female,2,2,22,-2,-2,-2,-2,-2,-2,0,0,0,848,0,632,0,0,848,0,632,0,No
210000,Female,2,1,30,0,0,0,0,0,0,104701,106134,108423,91143,82733,74125,4002,5000,3500,3000,2700,5000,No
120000,Female,2,2,25,2,2,2,2,2,2,120298,120822,109887,116313,119311,117167,4007,0,8272,5000,0,4400,No
240000,Male,1,2,29,0,0,0,0,0,-1,156362,132280,99174,65372,28797,184922,5233,3289,2072,3018,184922,6100,No
60000,Female,3,3,42,0,0,0,0,0,0,41322,29091,28097,28665,28768,29064,1488,1394,962,1500,2541,2000,No
150000,Male,1,2,41,-1,-1,-1,-1,-1,2,1464,2084,384,0,2344,822,2091,384,0,2344,0,472,Yes
30000,Male,2,1,48,0,0,0,0,0,0,27879,28870,27806,25142,25667,26179,1774,1710,1046,1079,1089,2244,No
160000,Female,1,2,29,2,2,2,2,2,2,160432,163916,159676,166893,170098,153800,7500,0,11558,5800,0,5654,Yes
200000,Male,1,1,52,-2,-2,-2,-2,-2,-2,3858,2690,3410,0,0,82150,2690,3487,0,0,85900,396,No
120000,Female,2,1,25,0,0,0,-2,-2,-2,26476,21393,0,0,0,0,6000,0,0,0,0,0,No
500000,Male,1,1,37,1,2,0,0,0,0,507062,491956,430637,376657,356636,303510,325,15296,12137,12312,14113,10526,No
320000,Female,1,2,27,0,0,0,0,0,0,55607,62893,59001,61565,59508,66541,11404,8232,10450,9697,16477,11341,No
280000,Male,1,2,31,0,0,0,0,0,0,168382,175646,180650,182672,168399,167983,10000,8000,6371,6217,5947,6288,No
200000,Female,1,1,38,-1,-1,-2,-1,-1,-2,190,0,0,367,-150,-150,0,0,367,150,0,0,No
230000,Female,1,1,32,1,-2,-1,-1,-1,-1,0,0,2809,4595,792,3404,0,2809,4606,792,3404,0,No
480000,Female,3,1,41,-2,-2,-2,-2,-2,-2,14867,26665,199960,9033,19371,22593,26734,199982,9033,19371,22593,2000,No
50000,Female,3,1,35,-1,-1,-1,-2,-2,-2,22500,5000,0,0,0,0,5000,0,0,0,0,640,No
200000,Female,1,2,31,-2,-2,-2,-2,-2,-2,7184,14845,1097,0,0,160,17507,1102,0,0,160,1103,No
50000,Female,1,2,30,0,0,0,0,0,2,14811,16262,17286,17895,19450,18990,2000,1600,1200,2000,0,1000,No
50000,Male,2,1,48,0,0,0,0,0,0,44338,43048,35639,18753,19091,19548,3629,3332,2000,2000,2000,2500,No
260000,Female,1,2,36,1,-2,-2,-2,-2,-2,0,0,0,0,0,0,0,0,0,0,0,0,Yes
30000,Male,1,2,24,2,0,0,0,0,2,25265,26354,27710,27959,30002,29371,1500,1800,1007,2500,0,1800,No
440000,Female,1,2,29,0,0,0,0,0,0,169661,167199,158520,156977,157963,151936,8071,9021,7013,6013,6028,6010,No
230000,Female,2,2,38,-1,-1,-1,-1,-1,-1,10237,2795,1350,371,2980,0,2795,1350,371,2980,0,2213,No
200000,Male,2,1,38,2,2,2,0,0,0,104978,105924,102663,97090,98045,105253,4500,0,3500,3500,9000,0,Yes
490000,Female,2,1,30,0,0,0,0,0,0,192586,197967,201666,205798,196698,190306,10000,7143,7306,6303,6429,6000,No
80000,Female,2,1,32,-1,-1,-2,-2,-2,-2,11262,0,0,0,0,0,0,0,0,0,0,0,No
20000,Female,3,2,49,2,2,2,2,0,0,9551,12081,13087,12583,15327,16414,3000,1500,0,3123,1500,1000,Yes
170000,Female,1,2,31,-1,-1,-1,-1,0,-1,199,199,199,398,199,199,199,199,398,0,199,398,Yes
210000,Female,2,2,33,0,0,0,0,0,0,212601,177946,119362,117766,68791,66167,6000,4500,5000,3000,3000,3000,No
90000,Female,2,2,25,0,0,0,0,0,0,91894,71732,73241,74424,76070,77648,3200,3300,3000,3001,3000,3100,No
390000,Female,1,2,27,0,0,0,0,0,0,304867,299998,300426,292869,292885,281826,13007,10612,10041,11000,10512,7000,Yes
110000,Female,1,2,29,0,0,0,0,0,0,48123,49537,50422,50990,52014,53206,2500,2500,2000,2000,2057,2500,No
580000,Female,1,1,36,0,0,0,0,0,0,159760,162189,166127,169365,168755,167964,6422,6565,5951,6006,5894,5946,No
360000,Male,3,1,55,0,0,-1,-1,-1,-2,9210,8485,17231,1770,0,0,6015,17454,1775,0,0,0,No
270000,Female,2,1,32,1,2,2,2,2,2,234752,233036,229286,217644,223690,221413,10000,8000,0,16000,8000,0,Yes
60000,Female,1,2,27,-1,-1,-2,-1,2,-1,14072,0,0,300,150,150,0,0,300,0,150,200,No
110000,Male,3,1,37,0,0,0,0,0,0,61807,62499,62162,60605,60272,60145,2300,2200,2300,2200,2300,2300,No
50000,Female,1,1,25,0,0,0,0,0,0,51044,50231,46677,44982,21399,20859,2500,3008,1000,761,800,704,No
80000,Female,1,2,23,0,0,0,0,0,0,77024,73281,57806,37642,46235,47110,3212,1600,956,40000,1800,1700,Yes
50000,Male,2,2,23,-1,-1,-1,-1,0,0,350,350,400,1695,12645,12584,350,400,1695,11300,485,2400,No
100000,Male,1,2,32,0,0,0,0,2,2,83831,85586,87289,91451,93381,89522,4000,4037,6500,3500,0,3200,No
30000,Female,1,2,26,1,-2,-1,-1,-1,-1,0,0,945,0,197,2995,0,945,0,197,2995,0,No
200000,Female,1,2,27,0,0,0,0,0,0,122923,124653,126355,114881,117213,124793,5704,5930,4000,4003,10033,4400,No
240000,Male,1,2,44,0,0,0,0,0,0,246135,231443,234557,200643,194410,198857,12026,9010,7400,8000,8000,7000,Yes
220000,Male,2,2,34,0,0,0,0,0,0,37304,33304,29254,24875,20329,15602,1600,1500,1100,1000,600,500,No
160000,Female,1,2,28,0,0,0,0,0,0,146433,107604,89902,90983,82255,83988,4500,4400,3000,2400,2500,2500,No
180000,Female,1,1,53,-1,-1,-1,0,0,-1,46122,1260,29366,5400,0,1599,1260,29366,54,0,1599,0,No
200000,Male,4,1,42,0,0,0,0,0,0,38564,38246,32253,30384,30900,0,5000,1485,1956,1500,0,2102,No
140000,Female,3,1,30,0,0,0,2,0,0,96304,98007,82227,65000,60848,58880,4505,12906,0,2210,2300,5200,No
380000,Male,1,1,51,1,-2,-2,-2,-2,-2,0,0,0,0,0,0,0,0,0,0,0,0,Yes
600000,Male,1,1,53,2,2,0,0,0,0,467150,458862,469703,447130,440982,434715,0,18000,16000,16000,21000,20000,Yes
260000,Male,2,2,37,0,0,0,-1,0,0,255691,262736,36638,122388,127402,131074,14000,5022,130000,7000,6000,6000,No
200000,Female,1,2,26,0,0,-2,-2,-2,-2,156786,179,1443,1443,1443,871,179,1443,1443,1443,871,2015,No
80000,Male,2,2,42,0,0,0,0,0,0,78129,28202,78553,49340,48919,48443,2500,51432,1800,1800,1800,1700,No
40000,Male,2,2,39,0,0,0,0,0,-1,40034,36549,17431,15031,10600,5315,2027,1207,301,212,5315,4987,No
130000,Male,3,2,39,1,2,2,2,2,2,71034,69329,74175,72383,77217,75820,0,6000,0,6000,0,6000,No
50000,Male,1,2,32,-1,0,0,0,0,-2,23974,24131,25326,25775,0,0,1800,1900,1300,0,0,0,No
230000,Female,2,1,41,-1,-1,-1,-1,-1,-1,819,18163,5473,8162,6985,9130,18163,5654,12887,6985,9130,6554,No
70000,Male,2,1,48,0,0,0,0,0,-1,50927,39883,32017,17630,9730,6400,2100,1217,500,0,6400,4590,Yes
180000,Female,2,1,38,0,0,0,0,0,0,152510,151651,159019,123022,126075,126219,5657,10372,5000,5000,5000,5000,No
80000,Female,2,1,36,-1,-1,-1,-1,-1,-1,1689,8638,5702,2980,1260,7868,8638,5723,2980,1260,7868,2198,No
290000,Female,2,2,26,0,0,0,-1,-1,0,20807,99860,100000,3015,23473,1448,80000,3000,3015,23473,1148,4900,No
230000,Female,1,2,28,0,0,0,0,0,0,30141,131255,110503,99283,97599,96116,120093,8034,3013,4010,5882,3000,No
170000,Female,3,3,56,1,-2,-1,-1,-2,-1,0,0,1991,0,0,150,0,1991,0,0,150,614,No
230000,Male,1,1,59,-1,0,0,0,0,0,208459,206331,203813,201331,198999,191671,7536,7277,7100,7120,6844,6945,Yes
220000,Male,1,2,38,0,0,0,0,0,0,212795,211043,212759,218541,167743,165300,8909,7500,9000,6729,6000,7009,Yes
230000,Male,2,2,32,0,0,0,0,0,0,28114,28006,25000,22046,19860,19831,1610,1224,655,627,620,500,No
500000,Male,2,1,38,0,0,0,-1,0,0,59372,49677,49515,42568,48268,51481,10026,7241,50091,25000,5078,2132,No
90000,Female,1,1,41,-1,-1,-1,-1,-1,-1,6160,3274,6190,307,2870,670,3276,6246,307,2870,670,1362,No
390000,Female,3,2,35,0,0,0,0,0,0,355215,363325,373181,252195,257496,263018,13802,16525,8893,9229,10000,9435,Yes
400000,Female,2,2,41,0,0,0,0,0,0,366193,372700,375948,195991,152127,155182,14020,13595,6243,6007,6061,6012,No
180000,Male,2,1,34,-1,-1,-1,-1,-1,-1,2927,2790,1140,2144,1180,1382,2790,1140,2144,1180,1382,2440,No
60000,Male,3,1,38,1,2,2,0,0,2,29295,30321,31018,32193,34213,35002,1800,1500,2000,2700,1500,0,No
120000,Female,2,1,32,-1,-1,-1,-1,-1,-1,4158,2682,0,6440,0,5930,2682,0,6440,0,5930,5120,No
60000,Female,2,2,29,0,0,0,0,0,0,27199,28358,28937,29614,30391,23159,1900,1400,1000,1100,1000,420,No
50000,Male,1,2,44,0,0,0,0,0,0,50893,28527,29241,28513,29106,29638,1800,1500,1200,1203,1166,1000,No
70000,Female,2,1,37,0,0,0,2,0,0,66759,68200,72972,71248,50610,50809,2518,5950,0,1782,1985,2700,No
500000,Female,1,1,38,-1,2,-1,-1,-1,0,600,300,501,300,600,450,0,501,300,600,300,600,No
200000,Male,1,2,31,-2,-2,-2,-2,-2,-2,0,0,0,0,0,0,0,0,0,0,0,0,No
250000,Female,2,1,40,0,0,0,0,-1,2,44930,137101,90801,0,1069,919,120041,4435,0,1069,0,67619,No
140000,Male,2,2,26,0,0,2,2,2,2,131367,146193,140202,144035,140419,130271,17000,0,11400,550,5300,5400,Yes
70000,Female,2,2,28,0,0,0,0,-1,2,41264,41799,37887,37876,6736,4162,2112,1200,758,6736,0,0,No
100000,Female,2,1,43,-1,-1,-1,-1,-1,-1,2491,1709,574,556,2306,2562,1709,574,556,2306,2562,2111,No
190000,Male,2,1,31,0,0,0,0,0,0,177554,180633,172914,130139,115494,117465,7600,6303,4137,3502,4027,3517,No
230000,Female,1,1,42,-1,-1,-1,-1,-1,-1,6865,15111,13165,0,10500,6992,15111,13165,0,10500,6992,0,No
320000,Male,2,1,39,0,0,0,0,0,0,93768,91523,91579,91193,92837,95323,3317,3506,4218,5000,6080,938,No
220000,Female,2,1,36,-1,-1,-1,0,-1,-1,396,1648,792,396,396,396,1648,792,0,396,396,792,Yes
260000,Female,1,1,34,-1,-1,-1,-1,-1,-1,16426,6088,4663,3885,4414,2514,6277,4663,4140,4414,2646,7725,No
90000,Female,2,2,32,-2,-2,-2,-2,-2,-2,573,0,0,0,0,0,157,0,0,0,0,0,No
260000,Male,2,2,30,0,0,0,2,0,0,98560,100980,222102,108724,68500,69174,4000,11900,207,2003,2003,2003,No
170000,Female,2,2,28,0,0,-1,-1,-2,-2,28304,17616,308,0,0,0,4000,308,0,0,0,0,No
50000,Male,1,1,41,-1,-1,-1,-1,-1,-1,508,672,226,390,220,320,1000,390,1000,220,640,1000,No
200000,Female,3,2,47,0,0,0,0,0,0,203183,202961,194449,196814,200526,198717,7521,7000,7000,7128,8000,7100,No
20000,Male,2,2,23,0,0,2,0,0,0,16440,20417,18333,18848,30190,19664,7403,0,820,1025,1113,104,No
250000,Female,1,1,49,-1,-1,-2,-1,-1,-1,66,0,0,120,-6,1639,0,0,120,6,1645,0,No
20000,Male,1,1,38,0,0,0,2,2,0,15912,17272,20565,20705,20255,19933,1623,3916,750,0,800,850,No
30000,Female,2,1,38,0,0,0,0,2,2,20344,21705,22537,24161,25128,24576,2000,1500,2000,1500,0,1200,No
230000,Female,6,2,46,0,0,0,0,0,0,221590,227397,230302,186635,189896,193351,10000,9000,8000,8000,7500,7000,No
130000,Female,1,1,33,0,0,0,0,0,0,19161,20544,22704,22304,22304,0,2000,3000,0,0,0,0,Yes
30000,Male,6,1,53,-2,-2,-2,-2,-2,-2,0,0,0,0,0,0,0,0,0,0,0,0,No
160000,Male,1,2,35,-1,-1,-1,-1,-1,-1,396,396,396,0,792,1220,396,396,0,793,1220,0,No
180000,Female,2,2,28,0,0,0,0,0,2,42238,38741,36696,35813,37893,34661,2500,2000,1128,2500,0,2000,No
80000,Female,2,1,30,0,0,0,0,0,2,21507,13207,13997,10914,10685,5515,1700,1400,200,1000,0,500,No
120000,Male,1,2,26,-1,-1,-2,-1,-1,-2,884,0,0,10446,0,0,0,0,10446,0,0,0,No
120000,Female,2,2,35,-1,-1,-1,-1,-1,-1,240,240,240,240,240,240,240,240,240,240,240,240,Yes
50000,Male,2,2,23,2,2,2,2,2,2,29509,30741,31438,31924,32566,33081,2000,1500,1300,1300,1200,1500,Yes
20000,Female,2,2,23,0,0,2,0,0,0,18355,20259,19534,16467,15746,13246,2900,10,577,430,1017,4,No
100000,Male,3,1,56,0,0,-1,0,0,0,94265,53376,85787,78762,79529,80335,2385,88678,2169,2634,3132,732,No
70000,Male,3,1,32,0,0,0,0,0,0,68739,67629,69188,68392,69884,71284,3060,3300,2610,2750,2750,5500,No
50000,Male,2,1,47,0,0,0,0,0,0,13917,16695,21320,18614,19003,19439,3000,5000,2000,618,679,500,No
10000,Female,2,2,22,1,2,0,0,0,0,10250,8558,10525,10050,9903,9984,0,2126,390,328,476,1287,No
290000,Female,1,1,34,0,0,0,0,0,0,93844,97708,103066,104864,110151,115297,6000,7000,5000,7000,7000,7000,No
30000,Female,1,1,31,0,0,0,0,0,0,16496,17522,18531,18744,19291,19818,1597,1606,819,1000,1000,1623,No
410000,Female,2,2,27,1,-1,0,0,0,0,-58,32991,36465,44310,62408,61420,33049,16000,8700,18775,15000,5350,No
360000,Male,1,2,28,-1,-1,-1,0,0,-1,1210,820,64644,125984,106584,125557,390,75720,62520,17000,132200,167000,Yes
140000,Female,2,1,42,0,0,0,0,0,0,111496,112133,69529,70804,70781,66735,6022,3021,5012,5112,3000,5000,Yes
210000,Female,1,2,32,0,0,0,0,0,0,67374,69489,70937,71761,73505,74827,3200,3200,2600,2900,2700,3000,No
220000,Female,2,2,27,-1,-1,-1,-1,-1,-1,1692,13250,433,1831,0,2891,13250,433,1831,0,2891,153504,No
20000,Male,2,2,27,1,2,0,0,0,2,18649,18066,19040,19446,20759,20241,0,1594,1000,1606,0,300,No
620000,Female,2,1,45,2,2,0,0,0,0,160837,156839,160440,163781,167159,170894,0,6200,6000,6000,6500,6000,Yes
360000,Male,1,2,26,1,-2,-2,-2,-1,-1,-8,-8,-8,-8,1677,2600,0,0,0,1685,2613,0,No
20000,Female,2,2,21,-1,-1,2,2,-1,-1,18763,14410,13771,362,5308,0,14410,0,28,22073,0,0,No
50000,Male,2,3,30,0,0,0,0,0,0,97538,49187,17518,17710,18079,18302,2454,1588,780,803,673,637,No
10000,Male,2,2,46,0,0,2,2,2,0,4073,6394,6143,6908,6652,6785,2400,0,871,0,244,251,Yes
100000,Female,3,1,50,2,0,0,3,3,2,53849,55030,61574,62470,61198,62524,2050,7500,2500,0,2500,2500,Yes
50000,Male,1,2,26,-2,-2,-2,-2,-2,-2,2411,3059,2333,1800,1620,0,3068,2440,1807,2204,0,0,No
60000,Male,2,2,25,-1,-1,0,-1,-1,0,480,1675,3630,578,4825,6200,1675,2500,578,4825,2000,2435,No
440000,Female,1,2,35,0,0,0,0,0,0,330759,337794,274075,252584,216547,179221,13100,11000,10000,9000,7100,5500,No
120000,Male,2,1,44,0,0,0,0,0,0,92007,87939,82094,59105,53442,46775,5417,2847,2066,1919,2200,0,No
50000,Female,1,2,52,0,0,0,-2,-1,-1,3257,4166,0,0,318,0,1000,0,0,318,0,0,No
110000,Female,2,1,40,1,2,2,2,2,2,92638,90905,95768,97004,99005,101213,600,7300,3700,3700,4000,3800,No
200000,Female,1,2,38,-1,-1,-2,-2,-1,-1,399,0,0,0,218,270,0,0,0,218,270,317,No
150000,Female,1,2,28,1,-2,-2,-2,-2,-1,0,0,0,0,0,318,0,0,0,0,318,0,No
30000,Female,2,1,36,2,3,2,2,0,0,28778,28039,28286,27533,28189,28805,0,1000,0,1100,1100,1500,Yes
100000,Female,1,2,24,0,0,0,0,-1,-1,30092,30486,30178,29735,14718,29427,1553,5000,87,14761,29514,330,No
360000,Female,1,1,34,-1,0,0,-1,0,-1,12339,10138,23912,9785,166,2142,10000,13912,9785,0,2142,4230,No
390000,Female,1,2,31,0,0,0,0,0,0,50620,43220,44237,46495,47751,51941,5000,3000,3000,2000,5000,5000,No
220000,Female,1,1,41,1,-2,-2,-2,-2,-2,-65,-65,-65,-65,-65,-200,0,0,0,0,0,0,Yes
160000,Female,2,2,25,-2,-2,-2,-2,-2,-2,0,0,0,0,0,0,0,0,0,0,0,0,No
120000,Male,1,2,27,0,0,0,0,0,0,52437,50473,45087,35424,31760,31214,5024,5000,5000,4000,5000,3500,No
100000,Male,3,1,52,0,0,2,2,2,0,4657,6068,6418,6781,6144,7638,1500,1000,1000,0,2000,2000,Yes
190000,Female,1,2,41,-1,-1,-1,-1,-1,-1,28204,0,16500,0,26854,554,0,16500,0,26854,500,0,Yes
50000,Male,1,1,56,0,0,0,0,0,0,50715,51073,28185,28842,30399,29977,2500,1500,1100,2000,1500,1017,Yes
240000,Female,1,1,42,1,-1,-1,-2,-2,-2,0,6370,0,0,0,0,6370,0,0,0,0,0,No
40000,Female,2,2,24,-2,-2,-2,-2,-2,-2,35285,36714,37356,38184,38724,37255,2000,1600,1401,1607,1800,1751,No
630000,Female,2,1,47,0,0,0,-1,-1,-2,37850,68187,1207,2632,8654,0,38187,1207,2632,8654,0,4981,No
160000,Female,1,1,33,-2,-2,-2,-2,-2,-2,5233,5393,1824,350,150,199,5401,1829,350,150,199,1145,No
110000,Female,2,2,32,0,0,2,2,2,2,65299,74565,78516,79829,81603,83206,11000,5800,3200,3200,3100,3000,No
20000,Male,2,2,29,0,0,0,-2,-2,-2,17208,18419,0,0,0,0,2055,0,0,0,0,0,No
210000,Female,3,1,53,0,0,0,0,0,0,57192,58472,59658,60466,61593,65163,2800,2753,2400,2255,4767,0,No
270000,Male,1,2,34,-1,-1,0,-1,-1,-1,5780,12006,15736,6621,2457,14923,12006,5736,6621,2457,14923,1712,No
360000,Female,2,2,52,-2,-2,-2,-2,-2,-2,640,2113,-6,999,944,-3,2231,0,1005,948,0,789,No
60000,Female,2,1,42,-1,-1,-1,-1,-1,-1,631,2790,1758,416,416,3640,2790,1758,416,416,3640,730,No
360000,Male,2,2,38,-1,0,0,0,0,0,108351,111201,63146,63723,65108,66078,8005,8004,5000,5000,5000,105700,No
390000,Female,1,2,45,2,2,2,-1,2,2,834,155,-1690,4240,3346,2698,1,1693,6940,7,1230,3,No
250000,Female,3,2,35,-2,-2,-2,-2,-2,-2,7244,8472,1738,6706,2391,11082,8514,1751,6739,2403,11137,13407,No
90000,Female,1,2,24,0,0,0,0,0,0,13141,14526,15482,18219,22737,23387,1600,1500,3000,5000,1020,764,Yes
270000,Female,1,1,40,0,0,0,-2,-2,-2,18751,5706,0,0,0,0,1000,0,0,0,0,0,No
200000,Female,1,2,29,1,-1,-1,-1,-1,-1,55788,8360,4897,5065,19468,0,8394,4927,5089,19561,0,125,No
50000,Female,2,2,23,0,0,0,0,0,0,49809,50364,38429,18815,18305,19013,2040,2766,1690,1000,1000,1000,No
350000,Male,1,2,33,-1,-1,-1,-2,-2,-1,10900,10478,-22,-22,-22,4532,10530,0,0,0,4554,0,No
160000,Female,2,2,60,-2,-1,-1,0,-1,-1,3128,5156,1089,489,3177,1009,5156,1089,0,3177,1009,0,Yes
80000,Female,3,1,49,-1,-1,-1,-1,-1,-1,3367,4641,2290,1459,6764,7601,4641,2290,1459,6764,7601,7990,No
290000,Male,1,1,53,2,0,0,0,0,0,279610,282024,282508,284660,255892,238266,13000,10200,10265,8803,8300,8546,Yes
270000,Female,1,2,28,-1,-1,-1,0,0,0,475,475,5691,37526,50565,48888,475,5691,34000,14000,8000,15000,No
80000,Male,1,2,31,-1,-1,-1,-1,2,-1,5994,32223,8308,4082,538,4085,13647,8314,4082,0,4085,0,No
50000,Male,2,2,36,0,0,0,0,0,0,5197,6015,6615,7131,6987,6980,1300,1100,1000,500,500,1000,No
30000,Male,2,1,35,-2,-1,-1,-1,-1,-2,7797,2687,8762,3377,2000,0,2687,8765,3390,2040,0,0,No
30000,Male,2,2,28,1,-1,-1,-2,-2,-2,0,780,0,0,0,0,780,0,0,0,0,0,Yes
90000,Male,2,2,33,-1,0,0,0,0,0,35785,29155,27485,29266,35598,38449,15155,5485,5263,8598,5449,6537,No
160000,Male,1,2,26,-1,-1,-1,-1,-1,-1,1433,3746,30258,1036,21572,9528,3757,30348,1044,21636,9556,6066,No
80000,Female,3,2,53,0,0,0,0,0,0,77766,77954,78512,60452,61556,54022,4000,2374,2007,2500,3000,2000,No
50000,Male,2,2,42,0,0,0,0,0,0,50300,50898,49111,48943,45775,0,2200,1600,1700,1700,0,0,No
20000,Female,1,2,25,0,0,0,0,0,2,14603,15661,16394,16723,18056,17618,1600,1300,600,1600,0,800,No
220000,Male,1,1,43,1,-2,-2,-2,-2,-2,0,0,0,0,0,0,0,0,0,0,0,0,Yes
260000,Female,2,1,31,-1,-1,0,0,-1,-1,5841,23194,62361,67057,17024,18659,23194,50000,11500,17024,18659,38923,No
230000,Female,1,1,30,0,0,0,-1,0,0,30341,25981,24092,65840,56538,51522,5000,5000,65840,2000,2000,10000,No
160000,Male,1,2,34,0,0,0,0,0,0,83255,83912,85161,85715,86773,87526,4000,3924,3200,3300,3425,3013,No
80000,Male,2,1,32,0,0,0,0,0,0,48747,45955,44989,41358,42379,38052,2145,1844,2009,5017,2000,5002,No
110000,Male,3,2,46,0,0,0,0,0,0,56700,57875,59044,59756,61004,62213,2681,2724,2287,2362,2374,2454,No
200000,Male,1,1,43,0,0,0,0,0,0,144678,140804,136437,135253,134629,134309,5090,5014,5009,4844,5002,4902,No
210000,Female,3,2,31,1,-2,-2,-2,-2,-2,0,0,0,0,0,0,0,0,0,0,0,0,No
80000,Female,2,2,24,2,0,0,0,0,0,79243,75254,58683,58886,60035,57264,3249,3000,5000,2500,2300,2200,No
300000,Female,2,1,36,-1,-1,2,0,-1,-1,-475,5191,4606,2303,2768,65373,10000,0,0,2768,65373,10780,Yes
310000,Female,2,1,43,0,0,0,0,0,0,23396,24182,25135,25095,25356,25514,1426,1379,867,898,933,807,No
30000,Male,3,1,59,-1,-1,-1,-1,-1,-1,390,390,390,390,390,1320,390,390,390,390,1320,0,Yes
170000,Male,1,1,53,0,0,0,0,0,0,17862,17927,18800,17647,18015,12930,1323,1196,544,563,629,361,No
140000,Female,2,2,28,2,2,2,0,0,2,26450,28823,28171,28740,30454,29930,3007,0,924,2070,0,3000,No
180000,Female,2,2,31,1,-2,-2,-2,-2,-2,0,0,0,0,0,0,0,0,0,0,0,1576,No
50000,Male,1,2,34,1,2,2,2,2,2,22746,22099,24121,23437,25101,24549,0,2700,0,2200,0,1030,No
50000,Female,2,1,36,0,0,0,0,0,-2,9214,10359,7350,7500,0,0,1351,1500,150,0,0,0,No
110000,Female,1,2,24,0,0,0,0,2,0,40882,35428,39680,44097,42543,33189,2000,5000,5000,0,2000,3000,No
450000,Female,3,1,36,-2,-2,-2,-2,-2,-2,3996,9120,8528,0,6368,3000,9120,8528,0,6368,3000,3238,No
200000,Female,2,1,34,-1,-1,-1,-1,-1,-1,390,390,390,561,390,390,390,390,561,390,390,390,No
220000,Male,1,2,43,0,0,-1,-1,-1,-1,44177,25736,19292,18900,13580,33150,1006,32906,18900,13580,33150,0,No
360000,Female,1,2,29,0,0,-2,-2,-2,-1,3280,0,0,0,0,2650,0,0,0,0,2650,0,Yes
50000,Male,2,1,37,0,0,0,0,0,0,48226,48727,46228,46755,43686,44573,2000,1684,1601,2000,2000,2000,No
40000,Male,2,2,23,2,2,0,0,0,0,36650,29541,26190,26710,27274,29551,0,1435,955,993,2734,0,No
190000,Female,2,1,37,1,2,2,2,2,2,115049,117856,119570,116284,123528,125478,6000,5000,0,9000,4000,5000,No
150000,Male,1,2,33,0,0,0,0,0,0,21724,23168,23320,24085,24149,3323,2100,1200,965,64,509,8399,No
200000,Female,1,1,37,1,-2,-2,-2,-1,-1,0,0,0,0,595,0,0,0,0,595,0,2370,No
270000,Female,2,1,56,0,0,0,0,0,0,137807,123769,104377,106651,109294,101151,5000,5000,3953,4500,4000,3900,No
60000,Male,1,2,25,0,0,0,0,0,0,58839,53235,38533,39639,39619,39140,2018,1900,2000,1500,1900,2000,No
200000,Female,2,1,39,0,0,0,0,0,0,80833,79100,70764,71629,70805,70718,3315,3088,2572,2559,2526,2620,No
150000,Female,2,1,39,0,0,0,0,0,0,36146,36184,37511,33080,30223,31561,3000,3000,3000,2500,2000,2000,No
180000,Female,2,2,28,-1,-1,-1,-1,-1,-1,340,-120,420,460,460,610,0,1000,500,460,610,460,No
90000,Female,1,2,27,0,0,-2,-2,-2,-2,7624,0,0,0,0,0,0,0,0,0,0,0,No
90000,Female,1,2,24,-1,-1,-2,-2,-2,-2,491,0,0,0,0,0,0,0,0,0,0,0,No
20000,Female,2,2,24,0,0,0,0,2,0,13168,13888,14900,15916,15519,15829,1237,1249,1265,0,568,1327,No
70000,Male,1,1,46,0,0,0,0,0,0,60040,55274,51766,51757,50013,49946,2600,1800,2000,3140,2000,1800,No
230000,Male,1,1,39,-1,-1,-1,-1,-1,-1,660,660,660,660,660,660,660,660,660,660,660,660,No
30000,Male,3,1,48,0,0,0,0,0,0,29434,28960,29022,29201,29553,29693,1465,2000,1033,1200,1055,530,No
200000,Female,3,3,45,-1,-1,-1,-1,-1,-1,4430,7182,3855,3411,6788,9921,7193,3855,3411,6788,9921,5016,No
100000,Male,3,2,49,-1,-1,-2,-2,-2,-2,1440,0,0,0,0,0,0,0,0,0,0,0,No
50000,Female,2,2,23,0,0,0,0,0,2,26795,28056,29284,30487,33831,33138,2000,2000,2000,4000,0,2000,No
20000,Female,3,1,25,0,0,0,0,0,-2,16591,16442,6401,4300,1304,0,1155,1000,0,1304,0,0,No
210000,Female,2,1,47,-2,-2,-2,-2,-2,-2,0,0,0,0,0,0,0,0,0,0,0,0,No
50000,Female,3,1,49,0,0,0,0,0,0,5630,6629,5918,6918,6941,4756,1107,1000,1000,1500,2150,0,No
50000,Male,2,1,41,0,0,0,0,0,0,21986,21520,20979,19894,18811,18805,1362,1294,682,680,694,618,No
400000,Female,1,2,40,-1,-1,-1,-1,-1,0,60125,1981,4521,20472,76933,173599,1981,4521,20500,77000,100000,7700,No
170000,Male,2,2,31,0,0,0,0,0,0,56364,58132,59171,55888,53672,51461,3000,3000,2000,3000,3000,3000,No
280000,Male,2,1,42,0,0,0,0,0,0,148363,148432,151310,141937,144990,147911,6900,6867,5500,5500,5500,5600,No
130000,Female,3,1,28,0,0,0,0,-2,-2,100143,50456,50000,0,0,0,2500,1000,0,0,0,0,No
210000,Female,2,2,32,0,0,0,0,0,0,46255,50486,54019,58091,61630,65576,5000,5000,5000,4500,5000,5000,No
370000,Male,2,2,28,0,0,0,0,0,0,276436,239025,149128,48907,53025,51434,20000,13000,5000,10000,4000,6000,No
30000,Female,2,1,31,0,0,2,0,0,0,29493,19433,18782,19006,19637,21251,3200,0,742,1000,2000,0,No
60000,Male,3,1,31,2,0,0,-2,-2,-2,35369,35320,0,0,0,0,1027,0,0,0,0,0,Yes
80000,Female,2,2,24,0,0,0,0,0,0,77615,77303,66396,55639,56873,58390,3100,2586,2000,2500,3000,2500,No
280000,Female,2,1,44,2,2,2,2,2,2,186149,181779,192189,195517,199250,195874,0,15000,8000,7000,0,15000,Yes
20000,Female,2,2,46,8,7,6,5,4,3,21075,20795,20206,19617,18737,18148,0,0,0,0,0,0,No
270000,Male,1,2,32,-2,-2,-2,-2,-2,-2,0,0,1100,300,-200,-200,0,1100,300,0,0,0,No
240000,Female,2,2,26,0,0,-1,-1,-1,-1,14348,7500,7816,7500,7500,14497,1000,7816,7500,7500,14497,500,No
20000,Female,1,2,22,0,0,0,0,0,0,20137,20179,18067,18666,19115,19547,1300,1301,900,900,900,1600,No
10000,Male,2,2,33,0,0,0,0,0,0,8177,9131,9669,7624,8049,6857,2500,1145,1000,1000,1000,1500,No
280000,Male,2,1,39,-2,-2,-2,-2,-2,-2,2082,3557,5623,5400,3866,3526,3597,5672,5427,3885,3543,3519,Yes
290000,Female,3,2,27,0,0,0,0,-1,-1,13820,15614,16293,7760,2000,0,2000,1300,0,2000,1000,0,No
190000,Female,1,2,28,0,0,0,0,0,0,46923,48666,49347,50386,43883,34412,2500,2000,3000,2000,2000,2000,Yes
80000,Female,1,2,23,0,0,0,0,0,-1,53261,38091,19744,14556,0,1460,4500,2011,3105,0,1460,0,No
280000,Female,2,2,28,-1,2,-1,-1,0,-1,427,298,1179,1714,2875,1047,0,1179,1714,1290,1047,1000,No
160000,Female,1,1,33,-2,-2,-2,-2,-2,-2,14150,8106,12431,12145,13391,7957,8106,12431,12145,13391,7957,1905,No
90000,Male,2,1,40,0,0,0,-1,-1,-1,42856,44925,0,787,1457,0,3114,0,787,1457,0,0,Yes
140000,Female,1,2,37,-1,-1,-1,-2,-2,-1,1034,40000,0,0,0,510,40000,0,0,0,510,0,No
50000,Male,1,2,22,0,0,0,0,0,-1,5137,5960,6270,6000,5810,390,1300,1000,120,200,390,1170,No
40000,Female,2,1,32,0,0,0,2,2,2,24114,25417,28777,29107,29693,30456,2000,4110,1100,1200,1400,0,No
130000,Female,3,1,43,0,0,0,0,0,0,130067,129385,96775,98071,97743,100124,5540,4403,3814,3562,4021,3681,No
70000,Female,3,1,27,0,0,0,0,0,2,61611,62711,63695,63926,67361,59480,3011,3095,2000,4600,0,2258,No
30000,Female,2,1,35,0,0,0,0,0,0,25078,25538,25880,25873,26157,26918,1500,1387,893,1000,1501,2000,No
20000,Female,1,1,30,2,2,2,0,0,0,5766,7511,7678,7318,7458,7598,2000,500,0,500,500,0,Yes
30000,Female,2,2,34,2,-1,2,2,2,2,99568,32326,31840,37075,37662,36904,33000,33000,5810,1325,0,3095,No
20000,Male,2,1,34,0,0,0,0,0,0,12857,14183,14890,15642,16387,17113,1541,1248,1000,1000,1000,1000,Yes
100000,Female,1,2,28,2,0,0,0,0,0,96193,82342,81967,82177,78840,79261,3600,3800,3000,3000,3023,3000,Yes
30000,Male,2,2,25,2,2,7,7,7,6,2400,2400,2400,2400,2400,1800,0,0,0,0,0,0,Yes
320000,Female,1,1,41,0,0,0,0,0,0,97797,99672,101953,102284,104090,105859,4520,5050,3590,3700,3750,3510,No
90000,Male,3,2,42,2,2,2,2,2,2,64762,63164,32789,31641,29240,28306,0,2900,0,2500,0,1300,Yes
190000,Male,2,2,40,2,2,2,2,2,2,145613,156765,159386,161870,165725,169928,15000,6600,6500,6500,7000,7000,Yes
200000,Male,1,2,28,0,0,0,0,0,0,71989,122129,147936,149573,152574,156323,52129,30000,6000,6000,7000,10000,No
300000,Female,2,2,31,-1,-1,-1,-1,0,-1,3345,1083,4339,7423,4059,2508,1087,4355,7423,0,2508,4141,No
30000,Female,1,2,56,-1,0,0,-2,-2,-2,29033,17013,7024,7024,7024,7024,1283,7024,7024,7024,7024,7024,No
110000,Female,2,3,45,0,0,0,0,0,0,26650,20787,20566,21158,22141,22158,1532,2000,783,3000,2000,2000,No
230000,Female,1,2,29,-2,-2,-2,-2,-2,-2,0,0,1024,0,0,0,0,1024,0,0,0,0,No
230000,Female,1,1,35,0,0,0,0,-2,-2,4259,5432,6182,0,0,0,1250,1000,0,0,0,0,No
310000,Female,2,2,28,0,0,0,0,0,0,106468,108955,112374,54762,58189,57170,8000,6000,5000,5000,4000,5000,No
320000,Male,1,1,40,0,0,0,0,0,0,247276,241167,238196,231580,229683,235837,10000,10000,10000,19000,13000,8000,No
360000,Male,1,1,47,-1,-1,-1,0,-1,-1,1548,-32,177639,174397,4852,4125,0,177671,3508,4876,4188,10007,No
20000,Female,3,1,41,-1,-1,-1,0,0,0,780,0,732,642,1252,643,0,732,300,1000,500,1000,Yes
170000,Female,2,2,27,0,0,0,0,0,0,162671,166202,161973,167201,161327,171863,7500,6000,10000,7000,16000,6200,No
140000,Male,1,1,40,0,0,0,0,0,0,123049,125616,129695,130735,133467,136287,4310,5913,4426,4580,4770,4767,No
80000,Male,2,2,32,0,0,0,0,0,0,51372,51872,47593,43882,42256,42527,1853,1700,1522,1548,1488,1500,No
150000,Male,2,2,35,0,0,0,-1,-1,-1,60015,72227,51364,54340,0,2129,20000,30000,54340,0,2129,0,No
170000,Male,2,2,27,-1,2,2,-2,-2,-2,1170,780,0,0,0,0,0,0,0,0,0,0,No
200000,Female,2,1,29,2,0,0,0,0,0,159398,156955,132144,119136,122211,125021,6163,4530,4500,5000,5000,5000,Yes
70000,Male,1,2,30,0,0,2,0,0,2,55664,59529,57571,57871,60872,59329,5800,0,2250,4500,0,2500,No
320000,Male,2,1,37,-2,-2,-2,-2,-2,-2,43528,498,429,14257,5417,2967,500,431,14328,5439,2980,5028,No
150000,Female,1,2,29,-2,-2,-2,-2,-2,-2,0,0,0,0,0,0,0,0,0,0,0,0,No
50000,Female,1,1,34,0,0,0,-1,0,0,27966,28539,11597,6611,7349,7570,1267,1553,7511,1000,343,1000,No
90000,Female,2,2,34,-1,2,2,-2,-2,-2,8792,7500,0,0,0,0,0,0,0,0,0,0,No
280000,Male,1,1,41,-2,-2,-2,-2,-1,0,28026,41302,51500,35752,3955,13969,41346,52110,35752,3955,13939,4437,No
300000,Female,1,2,31,0,0,0,0,2,-1,43610,43280,36156,30305,30155,561,1655,1797,750,0,561,500,No
400000,Female,2,2,40,-2,-2,-2,-2,-1,-1,0,8235,0,0,1524,0,8235,0,0,1524,0,385,No
200000,Female,1,1,27,-1,-1,-1,-1,-1,-1,5780,105,105,0,7384,8588,105,105,0,7384,8588,1304,No
10000,Female,3,2,22,0,0,0,0,-2,-2,8109,9778,8259,0,0,0,2000,1036,0,0,0,0,Yes
50000,Female,2,3,30,1,3,2,0,0,0,52515,51424,49967,20036,20076,37615,0,0,2000,1000,1000,1600,Yes
30000,Female,2,3,22,1,2,4,3,2,2,22582,26518,25814,25110,24569,26357,4600,0,0,0,2200,2500,No
50000,Male,1,2,26,-1,0,0,0,0,0,15448,16392,18096,18425,18619,19060,1500,2000,1500,1200,900,1000,Yes
50000,Male,2,1,38,1,2,0,0,0,0,58102,59011,56272,53663,51507,50616,2500,2500,2000,2000,3200,2000,No
30000,Female,3,1,46,1,2,2,2,2,2,12289,11806,13268,12758,13549,14673,0,1970,0,1000,1500,0,No
20000,Male,2,2,24,0,0,-1,2,0,0,10476,7279,688,688,688,1320,1000,688,0,0,650,0,No
20000,Male,2,2,49,0,0,0,0,0,0,16326,17497,18456,18424,18800,10000,1441,1400,368,376,200,0,No
50000,Male,1,3,49,0,0,0,0,0,0,17681,18249,18054,18569,19152,18088,1611,2000,780,1000,1000,2000,No
30000,Female,2,1,42,0,0,0,0,0,0,47912,25023,25768,26410,27960,46254,1755,1500,1000,1909,1000,2000,No
360000,Female,1,1,30,1,2,-1,0,-1,-1,18886,14249,3821,2404,319,0,0,3828,2000,319,0,0,No
170000,Male,2,1,42,1,-1,-1,-2,-2,-1,0,1690,0,0,0,4750,1690,0,0,0,4750,0,No
400000,Female,1,2,31,-2,-2,-2,-2,-2,-2,203,767,664,1250,-10,2174,770,667,1256,0,2184,0,No
50000,Female,2,1,49,0,0,0,0,0,0,34962,32275,31253,32014,33573,29645,1613,2000,1500,2000,1645,1064,No
160000,Female,2,2,27,0,0,0,0,0,0,80964,80337,82182,82586,85145,87049,4000,4000,3500,4000,4000,2500,No
70000,Female,2,1,33,0,0,0,0,0,0,69418,68943,38783,3758,1261,0,2382,2025,1000,25,0,1651,Yes
150000,Female,1,1,35,1,-2,-2,-2,-2,-2,0,0,0,0,0,0,0,0,0,0,0,0,No
30000,Female,2,2,22,0,0,2,0,0,0,23892,28459,25499,25778,28708,30520,5300,0,1000,3352,2300,0,No
10000,Male,2,2,22,0,0,0,0,0,0,7960,9649,8518,8628,9293,5033,2000,1000,500,1500,0,2500,Yes
320000,Male,1,1,47,-1,-1,-1,-1,-1,-1,9192,13920,4022,316,8420,316,13942,4022,316,8420,316,516,No
80000,Female,2,2,34,0,0,0,2,2,2,25935,27210,28783,30003,29385,31401,2000,2338,2000,0,2500,0,No
360000,Female,2,2,39,-1,-1,-1,0,-1,-1,12865,4462,19560,8894,5329,998,4484,19623,222,5355,998,9004,No
450000,Male,2,2,33,-2,-2,-2,-2,-2,-2,-14,2568,-387,-387,-387,113,2582,0,0,0,500,2515,No
330000,Female,2,2,29,0,0,0,0,-1,-1,49549,133957,128212,79407,8875,49880,90000,3000,5000,8875,49880,519,No
60000,Male,1,2,29,-1,2,-1,-1,2,2,546,255,464,1173,732,1023,0,500,1000,0,582,0,Yes
50000,Female,3,2,26,0,0,0,0,0,0,9935,11029,12795,9983,10884,7666,1234,2000,297,1000,307,361,No
200000,Male,2,1,38,0,0,0,0,0,0,152856,156104,158279,161934,165447,168802,6000,5000,5000,5000,4917,10000,No
120000,Male,1,2,34,1,2,-1,-1,-2,-2,1278,639,621,-18,-18,-18,0,621,0,0,0,0,No
160000,Female,1,1,37,-1,-1,-1,-1,-1,-1,316,316,0,316,632,0,316,0,316,632,0,316,No
110000,Male,2,1,57,0,0,0,0,0,0,46132,41050,40091,40659,38529,30900,2306,2111,3009,1725,1500,0,No
70000,Female,3,1,50,-2,-2,-1,0,0,0,27345,-1041,17571,17920,18296,18659,1041,18862,640,663,666,690,No
150000,Female,3,2,28,0,0,0,0,0,0,101593,101886,101441,100829,101913,96704,4000,4032,3410,4000,3665,3050,No
610000,Female,1,2,31,0,0,0,0,0,0,142764,126606,67887,58397,105301,105965,6540,2100,2150,50000,4700,2000,No
110000,Female,1,2,25,0,0,0,0,0,0,92849,94766,93894,85723,86443,84011,4346,4075,3144,3238,3167,3202,No
80000,Female,2,2,25,2,0,0,2,0,0,17330,19258,23416,22768,23243,23718,3000,4790,0,816,833,2000,Yes
170000,Female,2,1,33,0,0,0,0,0,0,109863,79574,78440,80141,81862,84237,4380,3000,3000,3000,4000,4500,No
110000,Female,1,2,30,-1,-1,-1,-1,-2,-2,1064,2001,3796,0,0,0,2007,3796,0,0,0,0,No
140000,Female,1,1,51,0,0,0,0,0,0,56764,57950,57668,55024,55883,55744,2115,2004,1941,2073,1909,2132,No
70000,Male,1,2,51,0,0,0,2,0,0,43048,43257,44115,41112,39922,40150,3000,4000,0,1500,3000,5000,No
260000,Female,2,1,46,-2,-2,-2,-2,-2,-2,29484,28592,16869,12713,10420,12532,10000,3000,12713,10420,12532,12151,No
170000,Male,3,2,38,0,0,0,0,0,0,21310,22957,24266,25556,29949,34434,2000,2000,2000,5000,5000,5000,No
50000,Female,2,1,34,0,0,0,0,0,0,10821,11877,13656,14949,16567,16826,1221,2000,1500,2000,2000,4000,No
50000,Female,2,2,25,8,7,6,5,4,3,37647,37102,36238,36374,35229,34365,0,0,1000,0,0,3000,Yes
50000,Female,2,1,26,1,-2,-1,0,0,0,0,0,1756,2719,4049,5176,0,1756,1000,1537,1200,2000,No
90000,Female,1,2,25,2,0,0,0,0,-1,84710,87334,87862,18889,-783,73568,4000,3258,1000,0,77500,0,No
50000,Male,2,2,26,0,0,0,0,0,0,48036,46787,42011,19147,2845,20041,2100,1227,383,2000,20000,649,Yes
500000,Female,2,2,43,-1,0,0,0,0,0,43346,43976,39032,29092,22725,11590,4006,2383,1126,782,596,1572,No
470000,Female,2,1,36,-1,0,0,-1,-1,-1,873,1593,1518,285,688,2100,1005,1000,285,688,2100,1014,No
230000,Male,2,2,58,0,0,0,0,0,0,110163,112499,114837,116400,45643,51083,5600,5700,5000,1855,6400,0,No
140000,Female,2,2,26,0,0,-1,-1,0,0,4113,6030,16025,24616,19458,20047,2000,16025,24616,1000,1000,1000,No
230000,Female,2,1,30,2,0,-1,-1,-1,-1,9636,10152,1817,-828,6153,12663,1222,1837,0,7863,12675,2959,Yes
30000,Female,2,2,24,0,0,0,0,0,0,31319,31181,31540,31016,30531,30528,1564,1800,1100,1500,1500,3000,No
50000,Female,2,2,52,1,2,0,0,0,2,43343,43360,23417,21969,21179,18711,1300,1400,920,1700,0,900,Yes
140000,Female,2,2,24,-1,-1,-2,-1,-1,-2,197,0,0,233,0,0,0,0,233,0,0,0,No
260000,Female,2,1,35,-1,-1,-1,-1,-1,0,7967,67650,6000,0,88348,85962,67650,6000,0,88348,5000,25000,No
90000,Female,3,2,29,-1,2,-1,-1,-1,-2,19450,3123,2121,3113,0,0,0,3509,3113,0,0,0,No
240000,Female,2,1,33,0,0,0,0,0,0,240878,233838,238067,242579,238245,233710,10000,11000,10000,10000,10000,8000,No
110000,Female,2,1,35,0,0,0,0,0,0,81665,46070,34419,36829,38080,40434,2460,2000,3000,2000,3000,5000,No
210000,Female,1,2,28,-1,-1,-1,0,0,0,11442,3738,7526,10217,11737,8114,3738,7526,5000,5000,162,27760,No
220000,Male,2,1,40,-1,-1,-2,-2,-2,-2,158,0,0,0,0,612,0,0,0,0,612,1863,No
200000,Female,1,1,35,-2,-2,-2,-2,-2,-2,2257,4261,1265,2473,0,0,4266,1667,2473,0,0,0,No
260000,Male,1,2,44,-1,-1,-1,-1,-1,-1,316,316,316,316,316,466,316,316,316,316,466,316,No
20000,Male,2,1,33,0,0,0,0,0,0,11026,9535,10510,10472,10140,10101,1174,1149,501,356,507,458,No
120000,Female,2,1,32,0,0,0,0,0,0,113869,116110,111978,112822,114969,117949,5498,5500,4000,4300,5012,4003,No
50000,Female,1,2,33,-1,2,-1,-1,-1,-2,7363,5180,31902,11044,0,0,39,32013,11079,0,0,0,No
60000,Female,1,2,26,1,2,0,0,0,0,29649,21657,28736,42733,46404,37993,0,8000,15000,9000,10000,0,No
200000,Male,1,2,26,-2,-2,-2,-2,-1,-1,12716,16164,1954,5297,1483,3393,16244,1963,3359,4849,3410,2994,No
20000,Male,2,2,26,-1,-1,-1,-1,-2,-1,1438,1261,451,-810,-420,1320,1261,451,0,780,2130,0,No
50000,Female,1,1,32,2,0,0,-1,0,-1,47858,49223,42589,639,4639,2312,2500,3000,7000,4000,2413,2000,Yes
50000,Female,2,2,31,1,-2,-1,-1,-1,2,0,0,190,0,36059,32851,0,190,0,36059,0,2420,No
230000,Male,1,2,29,0,0,2,2,2,0,40732,44563,42804,44020,41278,34672,5000,0,3000,0,3000,3000,No
210000,Female,1,1,42,1,-2,-1,-1,-2,-2,0,0,2490,0,0,0,0,2490,0,0,0,0,Yes
230000,Female,2,1,32,0,0,0,0,2,0,87764,73526,72376,76870,75211,76645,2630,2614,6000,0,3000,2800,Yes
500000,Female,1,2,26,1,-2,-2,-2,-2,-2,31421,22150,0,0,0,0,22157,0,0,0,0,0,No
370000,Female,1,2,38,-1,-1,-1,-1,-1,-1,929,328,0,1539,1815,0,328,0,1539,1815,0,0,No
80000,Male,2,2,29,0,0,0,0,0,0,11894,12287,12407,14360,14657,4129,1284,1047,2000,359,175,1000,No
60000,Female,2,2,29,-1,0,0,0,-2,-2,55064,57833,9479,0,0,0,5000,1033,0,0,0,0,No
30000,Female,2,2,51,1,2,2,0,0,0,25382,26480,25761,25964,26507,27249,1800,0,928,960,1181,967,No
70000,Male,1,2,27,1,-1,-1,-1,-2,-1,-54,273,19,-254,-527,1096,600,19,0,0,1896,0,No
410000,Male,1,2,32,-1,-1,-1,-2,-2,-2,5335,5369,-281,-281,-281,-281,5400,0,0,0,0,0,No
280000,Female,3,1,40,1,-2,-2,-2,-2,-2,-288,-288,-288,-288,-288,2124,0,0,0,0,2412,0,No
50000,Female,1,1,34,0,0,0,0,0,0,46750,48317,48282,18299,19323,20329,2320,1282,3299,1323,1329,1114,No
100000,Female,2,1,30,0,0,0,0,0,0,97062,74352,75004,76705,78168,80347,2800,2700,5400,3500,3500,3200,No
230000,Female,1,2,29,-2,-2,-2,-2,-2,-2,0,0,0,0,0,0,0,0,0,0,0,0,No
50000,Female,1,2,22,0,0,0,-1,-1,-2,13801,9549,5385,7781,0,0,1372,1275,7900,0,0,0,No
100000,Female,1,2,48,2,2,2,2,2,0,15355,17949,18158,18365,17932,18147,3164,800,800,0,662,3000,No
210000,Female,2,1,35,0,0,0,0,0,0,37148,35754,34232,32331,30337,28012,2000,2000,2444,1342,1038,2000,No
400000,Male,1,2,37,-1,-1,-1,-1,-2,-1,385,12695,1290,0,0,3058,13032,1290,0,0,3058,3768,No
20000,Male,2,2,25,4,3,2,0,0,0,20610,20005,19331,19333,17363,16314,0,0,500,715,326,0,Yes
50000,Female,3,1,44,-1,-1,-1,-1,0,0,2000,780,0,7472,10174,11104,780,0,7472,3000,1104,1000,No
220000,Male,2,2,29,0,0,0,-2,-2,-2,31037,6244,0,0,0,0,3050,0,0,0,0,0,No
300000,Female,1,1,36,0,0,0,0,-2,-1,25239,25001,20800,0,0,65755,1713,1000,0,0,65755,3000,No
80000,Female,2,2,23,1,-1,2,-1,-1,-1,998,6858,1879,1145,7328,3703,6861,11,1146,7329,3704,426,No
20000,Female,3,2,36,0,0,2,2,2,2,16754,18873,19862,19245,20532,19953,2400,1600,0,1600,209,0,Yes
190000,Female,1,2,26,0,0,0,0,0,2,31061,32129,33142,33726,35758,35171,1750,1720,1300,2600,0,1400,No
160000,Female,2,0,37,0,0,0,0,0,0,2694,38433,38870,28574,27268,28021,35888,1325,891,1000,1098,426,No
120000,Female,1,3,44,0,0,2,0,0,0,70096,76446,73732,12329,12329,0,8100,0,247,0,0,0,No
700000,Female,1,1,39,0,0,0,0,-2,-1,99259,102345,109636,326,2016,61707,5000,10000,326,2016,61707,17785,No
140000,Female,1,2,24,1,-2,-2,-2,-1,-1,0,0,0,0,1086,0,0,0,0,1086,0,0,No
300000,Female,3,1,29,-1,0,0,0,0,-1,24921,21333,16212,11304,11396,6138,2000,3000,0,5000,6202,0,No
120000,Male,3,1,33,1,2,2,2,2,2,66055,67405,68405,69387,70727,72215,3000,2700,2700,2600,2800,0,Yes
280000,Female,2,1,39,0,0,2,0,0,0,213738,228963,223810,158542,162244,108143,20300,0,5600,6300,4000,4000,No
70000,Male,3,1,51,2,2,0,0,0,0,54968,51384,49734,50361,49185,47245,0,2100,1950,1900,2219,2100,Yes
20000,Female,3,2,24,-1,-1,-1,-1,-1,2,4101,507,3042,0,8402,6204,507,3042,0,8402,0,4739,No
150000,Female,2,1,45,-1,-1,-1,-1,-1,-1,2605,2605,4590,2605,2605,3795,2605,4590,2605,2605,3795,10675,No
60000,Male,1,2,30,0,-1,0,0,0,0,15380,4116,19453,17912,18480,18848,4147,19435,1000,1000,1000,1000,No
200000,Female,3,0,51,-1,-1,-1,-1,0,-1,780,0,390,780,390,390,0,390,780,0,390,390,No
50000,Female,2,2,24,1,2,0,0,0,0,48861,48082,48614,26667,26036,26850,2000,2233,1083,1100,1400,3000,Yes
150000,Male,2,1,50,-1,0,0,2,0,0,55336,58255,36260,35037,34631,63156,5085,4000,0,2000,30000,5000,No
20000,Female,1,2,22,0,0,0,0,0,0,20243,20400,19583,19983,20196,19705,1410,1200,534,700,1000,0,No
40000,Male,1,2,27,0,0,0,0,0,0,11058,11471,11776,12660,12660,12413,2000,1500,2330,2300,1000,2078,Yes
170000,Female,2,2,33,1,-1,-1,-1,-2,-2,0,7042,2986,0,0,0,7042,2986,0,0,0,0,No
50000,Female,2,1,24,1,2,0,0,0,2,27087,26372,26992,27693,29237,28607,0,1400,1100,2100,0,1000,No
10000,Male,2,2,37,0,0,0,0,2,2,8755,8158,7540,8164,6963,5923,1167,1022,1036,0,2700,0,No
200000,Female,2,1,58,-1,-1,-1,-1,-2,-1,3035,199602,720,0,0,1500,199646,720,0,0,1500,185652,No
50000,Female,2,1,48,0,-1,-1,0,0,0,20944,4696,47225,16483,9343,9693,2360,49325,3001,1882,500,503,No
320000,Male,1,2,28,-1,0,0,-1,0,0,2007,3477,3037,1633,3633,0,2000,1000,1633,2000,0,3000,No
20000,Female,3,1,24,8,7,6,5,4,3,24310,23987,23353,22719,21796,21162,0,0,0,0,0,0,No
470000,Female,2,1,27,0,0,0,0,-1,0,152478,62084,54551,14363,97440,90717,3001,4005,2021,97441,5001,5001,Yes
230000,Female,3,2,30,-1,-1,-1,0,0,0,550,0,13013,14265,13659,0,0,13013,1252,3659,0,0,No
20000,Female,1,2,23,0,0,0,0,0,-2,17246,16988,15973,18773,0,0,2000,2000,3000,0,0,0,No
30000,Female,3,2,53,-1,-1,-1,-1,-1,-1,1598,2487,0,4810,2796,3245,2487,0,4810,2796,3245,7305,Yes
80000,Female,2,2,23,2,2,2,2,2,2,22895,23837,24253,24562,25126,25476,1600,1100,1000,1100,906,0,No
110000,Female,2,1,55,0,0,0,0,0,0,15069,16123,16850,17568,18133,18828,1600,1300,1000,1000,1000,1000,No
420000,Male,2,1,34,0,0,0,0,0,0,88948,79783,80575,92982,98502,103200,30000,10575,15000,10000,10000,20000,No
500000,Male,1,1,43,1,-2,-2,-2,-2,-2,0,0,0,0,0,0,0,0,0,0,0,0,Yes
350000,Female,2,1,31,0,0,0,0,0,0,67648,68557,63179,57987,53948,39965,3039,2047,1750,1703,1721,784,No
30000,Female,2,1,32,-2,-2,-2,-2,-2,-2,0,0,0,0,7463,6804,0,0,0,7463,6804,4985,No
110000,Female,2,2,33,1,-2,-2,-2,-2,-1,0,0,0,0,0,150,0,0,0,0,300,102,Yes
500000,Male,3,1,39,0,0,0,0,0,0,315201,332071,375070,354839,369532,367399,25000,50000,20000,19586,14122,12022,No
490000,Female,1,1,38,-1,-1,-1,-1,-1,0,4290,4738,2803,6027,10722,8452,4738,2803,6027,10722,6000,1139,No
300000,Female,2,1,34,-2,-2,-2,-2,-2,-2,205064,-86,-86,2014,-185,1815,0,0,2100,0,2000,5000,No
150000,Male,3,1,37,4,4,4,3,2,0,151117,153787,150320,147989,143355,143131,6500,0,512,0,4388,4221,Yes
80000,Female,3,1,57,-1,2,-1,0,0,0,726,726,15400,15000,15000,15000,0,15400,0,0,0,100,No
40000,Female,2,2,23,0,0,0,2,2,6,20035,21406,24735,24050,43317,44059,2000,4000,0,20000,2000,0,No
30000,Male,2,2,32,1,2,2,0,0,0,29095,30819,29214,29478,23384,22428,2500,0,910,1000,1000,1000,No
50000,Male,1,1,37,0,0,-2,-2,-2,-2,30400,0,0,0,0,0,500,0,0,0,0,0,No
140000,Female,2,2,23,0,0,0,0,0,0,44733,44144,44739,43455,43980,44614,2100,2027,1800,1600,1750,1700,No
50000,Female,3,2,49,0,0,0,0,0,0,4987,6741,9366,8566,10066,0,2000,3000,1500,1500,0,0,No
30000,Female,2,2,25,-2,-2,-2,-2,-2,-2,26957,26269,17036,27497,16098,7300,1333,2256,27497,787,200,0,No
40000,Female,1,2,29,0,0,2,2,2,2,26461,29425,30145,29361,33893,34487,3400,1500,0,5000,1300,0,Yes
100000,Female,3,1,43,2,2,2,2,2,2,50485,51582,52141,52691,54199,53176,2200,2000,2000,2500,0,4500,Yes
130000,Male,2,2,29,0,0,0,0,0,0,131041,133698,131990,127512,128683,129669,7000,5151,4464,5000,4702,8000,No
20000,Female,2,2,27,0,0,0,0,0,0,20218,19194,20112,19712,19712,6321,1482,1400,0,0,0,0,No
50000,Male,1,2,26,-2,-2,-2,-2,-2,-2,0,0,0,0,0,0,0,0,0,0,0,0,No
260000,Male,1,1,41,-2,-2,-1,0,0,0,1086,2853,38836,45087,47201,46199,3552,38836,20000,15000,15000,10000,No
30000,Female,3,2,52,2,2,7,7,7,7,2450,2450,2450,2450,2450,2450,0,0,0,0,0,0,Yes
10000,Female,2,1,31,0,0,0,0,0,0,15915,9050,9901,9975,9736,8703,2330,2200,1000,333,311,322,No
200000,Male,1,2,32,0,0,0,0,0,0,43515,44557,45574,49022,47459,49666,1739,1756,2662,1726,3000,2500,No
30000,Female,2,1,46,0,0,0,0,0,0,28234,28874,29437,27738,27268,27409,1484,1436,1120,995,989,800,No
180000,Female,2,2,35,0,0,0,-2,-2,-2,119333,123150,0,0,0,0,6000,0,0,0,0,0,No
100000,Male,1,2,35,0,0,-2,-2,-2,-2,29109,0,0,0,0,0,0,0,0,0,0,47970,No
290000,Female,2,2,34,0,0,0,0,0,0,310403,315048,314085,317631,315820,305498,12012,12012,11016,11088,12031,12031,No
20000,Female,2,3,52,0,0,0,0,0,0,14591,15616,16628,16958,17314,17664,1265,1277,607,629,638,641,No
80000,Female,3,1,40,0,0,0,0,0,0,35660,37082,38464,38922,40791,43108,2000,2000,1397,2500,3000,1600,No
500000,Female,3,1,38,-2,-2,-2,-2,-2,-2,13655,8351,2340,2340,11435,189,8351,2340,2340,11435,189,5391,No
180000,Male,1,1,45,-1,-1,-1,-1,-1,-1,4453,3310,7226,5060,2832,1890,3310,7228,5060,2832,1890,2576,No
20000,Female,3,1,40,-1,-1,-1,-1,-1,-1,2946,0,390,390,390,390,0,390,390,390,390,780,No
30000,Female,2,1,25,0,0,0,0,0,2,30606,29579,30291,30616,30456,29818,1800,1512,1259,2500,0,1000,No
150000,Male,1,2,33,0,0,0,0,0,0,45335,50262,54793,59244,64096,68837,6000,6000,6000,6000,6001,6000,No
280000,Female,2,2,27,-1,-1,-1,-1,-1,-1,5924,5174,980,3058,3158,9530,5174,1078,3058,3158,9530,0,No
50000,Female,2,1,43,0,0,0,-1,0,0,23587,24580,20165,10732,10566,10757,1800,1775,10732,384,757,501,No
20000,Female,2,1,43,2,0,0,0,0,2,15294,16340,17359,17776,19293,18844,1300,1300,700,1800,0,1000,No
200000,Male,1,2,30,-1,-1,-1,0,0,0,4935,-200,11463,11751,11772,5318,0,11663,9363,3232,3000,1000,No
210000,Female,2,1,49,1,-2,-2,-2,-2,-2,0,0,0,0,0,0,0,0,0,0,0,0,Yes
230000,Female,1,2,38,0,0,0,0,0,0,224020,227311,184500,128190,130883,133504,8750,7470,4540,4710,4750,4900,No
50000,Male,3,2,57,0,0,0,0,0,0,47917,48455,48120,28450,29046,29647,1988,1989,1018,1054,1084,1048,No
50000,Male,3,2,55,0,0,0,0,0,0,51737,27121,28103,28814,29261,29878,2930,1447,1158,1041,1082,994,Yes
310000,Male,1,2,30,-2,-2,-2,-2,-2,-2,1544,1648,1284,1088,892,-304,1300,1000,1000,1000,304,39544,No
180000,Female,2,1,30,-1,-1,-1,-1,-1,-1,2488,13476,3173,13202,6594,2549,13476,3173,13212,6594,2549,1000,No
90000,Female,2,2,24,0,0,0,0,0,2,24401,22771,19461,16181,14669,14422,1454,1384,407,673,0,102,No
390000,Male,2,2,28,0,0,0,0,0,0,149445,139794,133224,106127,51097,38555,8046,5150,5297,5084,5065,5042,No
150000,Female,3,1,34,-1,-1,-1,-1,-1,-1,772,337,618,150,150,377,340,618,150,150,227,0,No
400000,Male,2,2,37,1,1,1,2,0,0,13611,15066,15882,12599,18599,12284,3019,5014,3,7040,2006,2005,No
80000,Female,2,1,32,0,0,0,0,0,-2,28408,25695,11553,2350,0,0,1259,1035,1600,0,0,0,No
240000,Female,2,1,37,-1,-1,-2,-2,-2,-2,238,0,0,0,0,0,0,0,0,0,0,0,Yes
200000,Male,1,2,31,-2,-2,-2,-2,-2,-2,100,100,100,100,100,100,100,100,100,100,100,100,No
110000,Male,1,3,55,1,2,2,2,3,2,92610,94755,92351,101140,99260,101577,4500,0,11300,0,4100,0,Yes
170000,Female,1,2,28,2,2,2,2,2,2,131864,133897,129761,138604,136283,145012,5600,0,11000,0,11000,5656,Yes
90000,Female,3,3,51,0,0,0,0,2,0,11315,12340,13349,14276,13904,14184,1212,1221,1148,0,510,525,Yes
200000,Male,1,1,36,-1,-1,0,-1,-1,-1,3877,11496,5935,295,1867,0,11496,1011,297,2923,0,0,No
360000,Male,1,2,30,-2,-1,-1,-2,-2,-2,0,2500,0,0,0,0,2500,0,0,0,0,0,No
140000,Female,1,1,36,-1,-1,-2,-1,0,0,4036,0,0,2971,1607,0,0,0,2971,0,0,0,No
100000,Male,3,1,50,0,0,-2,-2,-2,-2,154970,0,0,0,0,0,0,0,0,0,0,0,No
30000,Female,2,2,27,-1,-1,2,0,-1,2,27772,30461,29325,21449,29709,29086,3136,0,0,29709,0,1576,No
50000,Male,1,2,30,2,2,2,-1,2,2,4187,5152,3679,596,446,2699,2300,0,700,0,2300,0,Yes
120000,Female,2,2,26,0,0,0,0,0,0,22431,12399,4199,3059,674,0,1500,1000,682,0,0,738,No
360000,Female,1,2,27,0,-1,0,-1,-1,-1,79837,27456,68117,39105,54456,46153,27465,50154,39105,54456,46153,40000,No
90000,Female,1,2,25,2,2,2,2,0,0,86014,92898,92860,88533,90942,88813,8300,2400,1000,4000,3600,4000,No
500000,Male,1,2,32,-1,0,0,0,0,0,386405,387910,293177,274539,253443,253671,25016,20018,10000,79377,52778,10000,No
140000,Female,3,1,46,0,0,0,0,0,0,68075,69972,71805,73613,75426,77169,3000,3000,3000,3000,3000,5000,No
30000,Male,3,1,45,0,0,2,0,0,0,17187,24045,23180,22000,22000,0,7900,0,0,0,0,0,No
70000,Male,3,1,30,0,0,0,0,0,0,19882,20611,21859,22445,22935,23404,1352,1600,949,1000,1000,1000,No
200000,Male,1,1,39,-2,-2,-2,-2,-2,-2,0,0,0,0,0,3983,0,0,0,0,3983,0,No
350000,Male,1,1,48,0,0,0,0,0,0,54969,47978,48631,48351,47939,33827,2087,1989,1591,1466,2000,1500,No
240000,Male,1,2,46,0,0,0,0,0,0,471814,478380,395612,386295,356206,352257,16044,15087,12000,15000,12000,12000,No
90000,Female,1,2,23,0,0,0,0,0,0,22109,25011,29230,32747,38217,43744,6000,5000,4000,6000,8000,4000,No
260000,Female,1,2,33,1,-2,-2,-2,-1,-1,0,0,0,0,1980,2500,0,0,0,1980,2500,0,No
50000,Female,1,2,24,0,0,0,2,0,0,27245,28300,31900,31090,31837,32555,1800,4400,0,1400,1400,1400,No
110000,Male,1,1,40,0,0,0,0,0,0,8481,13066,17638,22204,26784,31352,4980,5124,5256,5416,5552,5742,No
20000,Female,1,2,24,-1,-1,2,-1,0,-1,1371,796,398,796,398,716,796,0,796,0,716,12111,No
30000,Female,2,2,24,0,0,0,0,0,0,27391,28412,28575,28925,24159,0,1767,1700,1010,1141,0,0,No
180000,Male,1,2,27,-2,-1,2,2,-2,-2,11392,14688,14040,13440,13440,13080,3500,0,0,0,0,0,Yes
20000,Male,2,1,46,0,0,0,0,0,0,5902,6767,8145,8153,8324,8490,1122,1500,291,302,304,319,No
50000,Female,2,2,22,0,0,0,0,0,0,50342,50482,49217,40882,20258,20303,1896,1656,1750,717,753,1000,No
200000,Male,1,1,34,-2,-2,-2,-2,-2,-2,1242,4006,941,2357,2945,1143,4034,945,2366,2947,1143,744,No
260000,Female,2,2,24,0,0,0,0,0,0,68411,60386,48663,50998,53835,56728,2500,4000,4000,3835,3805,3000,No
320000,Male,1,1,60,-1,-1,-1,-1,0,-1,9955,3465,84421,886,11741,4317,3465,84440,886,11533,4317,52466,Yes
30000,Male,2,2,32,2,0,0,2,2,2,7851,9065,11595,11112,12923,12566,1500,3000,0,2000,0,1000,Yes
50000,Female,2,1,36,0,0,0,0,0,0,16906,17645,18478,10279,10646,10776,1314,1147,348,512,435,190,No
50000,Male,2,2,30,0,0,0,0,-2,-2,21062,6495,2207,0,0,0,2000,1000,0,0,0,0,No
90000,Female,2,2,29,0,0,0,0,0,0,47585,52084,53817,54818,55985,57398,10000,2600,2500,2200,2500,3000,No
240000,Male,1,2,34,1,2,-1,-1,0,-1,11874,5979,6938,41858,10416,1711,0,6938,41877,0,1711,27162,No
180000,Female,2,1,32,1,2,2,2,0,0,15548,15009,17752,17172,18732,23389,0,3000,0,2000,5000,2000,Yes
50000,Female,1,2,25,0,0,0,0,0,2,42543,34629,27095,18538,20100,19630,1900,1428,600,3000,0,1000,No
330000,Female,1,1,37,-1,-1,-1,-1,0,-1,4785,3403,0,5882,5882,1013,3523,0,5882,0,1013,0,No
80000,Female,2,2,24,2,2,5,5,4,3,1200,1200,1200,1200,600,300,0,0,0,0,0,0,Yes
50000,Female,2,2,23,-2,-2,-2,-2,-2,-2,3779,3944,2118,2259,3527,1100,3955,2124,2266,3638,1303,0,No
360000,Female,1,2,29,0,0,-1,-1,-1,-1,15854,8174,1004,1004,646,3508,1000,1004,1004,646,3508,0,No
240000,Female,2,1,37,0,0,0,0,0,0,219099,217058,187841,186140,191678,191816,8131,8123,6700,10000,7700,6000,No
50000,Male,2,1,59,0,0,0,0,0,0,47069,48479,49520,18990,19539,19791,2169,2210,680,855,726,687,No
470000,Male,2,2,33,0,0,0,0,0,0,190258,181207,120318,129281,113437,164377,40012,10020,40069,25005,100000,51305,No
30000,Male,1,1,27,-1,0,0,0,0,-2,12897,13484,6655,6618,0,0,2011,2211,2101,148,0,0,Yes
80000,Female,2,1,32,0,0,0,0,0,0,81074,78262,76163,76813,77511,79069,3700,3400,2900,2900,2841,3100,No
500000,Female,3,2,42,-2,-1,-1,0,0,0,10889,26146,104279,103945,101945,90193,29987,104279,2085,1130,45551,0,No
180000,Male,2,2,39,-1,-1,-1,-1,-1,0,3135,2822,1938,5818,2628,2628,2833,2015,5818,2628,0,0,No
110000,Female,2,1,46,-1,-1,-1,-1,-1,0,2410,2151,2161,1719,107591,107940,2151,2161,1719,107591,5000,3500,No
160000,Male,1,1,41,0,-1,0,0,2,2,117126,11222,15513,18087,17499,19939,15315,15000,3000,0,3000,0,No
210000,Female,2,2,30,0,0,0,0,0,0,21780,20974,18652,13464,109722,105573,1325,1074,1000,99000,3745,4000,No
200000,Female,1,1,34,-1,0,0,-1,0,-1,6206,6723,7545,362,181,488,1120,1024,362,0,488,300,Yes
350000,Male,1,2,35,-1,-1,-1,0,0,0,4439,33720,14283,16426,10833,2261,33891,16267,4027,234,1565,26346,No
250000,Male,1,2,41,-1,-1,-1,0,-1,-1,1338,-24,8324,5872,23020,2367,0,8348,0,23020,2367,3117,Yes
380000,Male,1,2,43,1,2,2,-2,-2,-2,8201,7882,-2,-2,-2,-2,39,0,0,0,0,0,Yes
30000,Male,2,2,47,-1,-1,-1,-1,0,-1,396,396,396,792,396,772,396,396,792,0,772,0,No
200000,Male,2,2,31,0,0,0,0,0,0,33781,35879,26043,27497,29082,31647,3000,2000,2000,2000,3000,4000,No
30000,Male,2,2,30,-1,0,0,0,0,0,27826,28672,29622,30271,24536,22913,1600,1500,1000,1000,1000,1000,No
500000,Male,1,1,36,0,0,0,0,0,0,294827,292920,291760,288024,274632,266669,20007,20026,20020,10017,15024,10002,No
20000,Female,2,1,27,0,0,0,-1,0,0,42784,41009,44267,47149,48497,14774,3000,5000,10000,3011,2011,2011,No
180000,Female,2,1,32,0,0,0,0,-1,-1,74189,30670,6428,4618,2708,54024,2000,1000,0,2708,54024,2000,No
300000,Male,1,1,42,-1,0,0,-1,0,0,11973,61834,25145,37666,19453,10492,20979,5000,37676,8808,2000,2709,Yes
130000,Female,2,1,33,0,0,0,0,0,0,133461,133393,132211,101807,101083,101597,7010,6657,3899,3952,3900,4000,No
180000,Female,3,1,39,2,2,2,2,2,0,10159,12689,12183,13979,13621,14809,2710,0,2000,0,2000,2000,Yes
150000,Female,1,3,30,-2,-2,-2,-2,-2,-2,50,6527,2168,-7,1373,-1,8589,2500,0,1380,0,2050,No
50000,Female,2,2,22,0,0,0,0,0,0,49609,61162,31485,15281,18031,18233,2100,2000,4000,3000,1500,1000,No
20000,Male,2,2,25,1,2,2,0,0,0,6174,7543,7255,3887,5887,0,2000,28,0,2000,0,0,Yes
180000,Male,1,2,28,-1,-1,-1,-1,-1,-1,666,662,-4,55566,1056,390,662,0,61411,1056,0,1998,No
180000,Male,2,2,26,0,0,0,0,0,0,5591,6619,10574,7733,6794,5487,1126,4081,240,504,169,62,Yes
150000,Female,3,1,54,-1,0,0,0,2,0,148747,145231,145341,153833,151194,145738,5500,5500,11000,0,6000,5215,No
70000,Female,1,2,24,0,0,0,0,0,0,63903,65248,62958,64209,59482,60883,3000,2190,2201,2181,2413,1952,No
30000,Male,2,2,29,8,7,6,5,4,3,34423,33952,33165,32391,31332,30558,0,0,0,0,0,0,No
60000,Male,3,1,49,0,0,0,0,0,0,44801,41545,40649,40843,40612,40656,3000,4506,2500,1800,4200,2500,No
50000,Female,1,2,23,-2,-2,-2,-2,-2,-2,49860,50187,50022,20114,18777,18273,2500,1289,917,1315,5042,2512,No
130000,Male,3,2,43,1,-1,-1,-2,-1,-1,1018,6377,-2,935,4985,1212,6433,2,937,4990,1215,9546,Yes
380000,Male,3,1,53,-2,-2,-2,-2,-2,-2,0,0,0,0,0,0,0,0,0,0,0,0,No
360000,Female,2,2,25,2,2,2,2,2,2,286732,290690,284059,294308,297916,279503,10792,0,15000,5800,0,126685,No
50000,Male,3,1,54,1,2,2,0,0,0,62847,60885,56828,55419,54054,53143,2100,0,2000,2000,2455,4000,No
50000,Female,3,1,39,0,0,2,-1,0,0,58300,59727,142,29886,30510,31276,7876,161,74354,927,1089,9100,No
260000,Female,1,1,44,-1,2,2,-1,-1,-2,1215,856,291,803,98,431,0,291,803,98,431,1104,Yes
80000,Female,2,2,27,0,0,0,0,0,0,57376,58649,59873,61077,62394,63655,2200,2200,2200,2300,2300,2600,No
360000,Female,1,2,25,0,0,0,0,0,-2,279846,169426,68810,12800,0,0,7004,1793,2757,0,0,0,Yes
290000,Female,1,2,29,1,-2,-2,-2,-2,-2,0,0,0,0,0,0,0,0,0,0,0,0,Yes
200000,Male,1,2,39,-2,-2,-2,-2,-2,-2,-200,-200,-200,0,60800,0,0,0,200,60800,0,0,No
140000,Male,1,1,45,0,0,0,0,2,2,39716,40799,41853,44452,45433,46383,1600,1600,3169,1700,1700,1495,No
360000,Male,1,1,38,1,-2,-2,-2,-2,-2,0,0,0,0,0,0,0,0,0,0,0,0,Yes
50000,Female,2,2,23,-1,-1,-1,0,-1,-1,780,0,780,390,390,500,0,780,0,390,500,18300,Yes
120000,Male,2,2,25,2,2,0,0,0,0,113348,110119,111700,83858,86434,88802,0,5000,3158,3934,3802,2000,No
100000,Male,2,1,29,0,0,0,0,-1,-1,94453,95860,67782,-2618,95748,101299,3320,5000,0,100000,7186,0,No
90000,Female,2,1,40,-1,-1,-1,-1,-1,-1,4989,-818,1114,657,1332,780,0,2806,2256,2274,780,0,No
360000,Male,1,2,36,1,-2,-2,-2,-2,-2,0,0,0,0,0,0,0,0,0,0,0,0,Yes
150000,Female,3,2,30,-2,-2,-2,-2,-2,-2,456,9664,3420,2527,0,0,9664,3420,2612,0,0,0,Yes
140000,Male,1,2,29,-1,-1,-1,-1,-1,-1,2937,5150,1514,2573,495,1744,2024,1522,2580,496,1749,2265,No
200000,Female,2,2,36,-1,-1,-1,-2,-2,-1,1371,4068,0,0,0,980,4077,0,0,0,980,0,No
170000,Female,2,1,37,0,0,0,0,0,0,166246,169163,136604,136607,133199,135242,6700,6800,4700,4700,5500,5000,No
30000,Male,2,2,34,0,0,4,3,2,0,19785,24633,23961,23289,22779,51224,5500,0,0,0,3400,512,No
80000,Female,1,2,27,0,0,-2,-2,-2,-2,80000,0,0,0,0,0,0,0,0,0,0,0,No
280000,Male,1,2,31,0,0,0,0,0,2,164736,170564,150666,133465,133536,132964,8833,12005,5000,8000,3000,5000,No
410000,Female,1,1,31,-1,-1,2,2,-2,-2,2744,2041,630,-736,-1591,-2303,2051,5,266,266,253,6384,No
450000,Male,1,2,38,-1,0,-1,-1,-1,-1,29747,53311,10920,8072,22809,12415,30323,10973,8112,22923,12476,6728,No
80000,Male,2,2,36,0,0,0,0,0,0,79148,52174,44275,42029,33838,29757,2000,2000,1500,1500,2000,1500,No
360000,Male,1,1,46,0,0,0,0,-2,-2,92961,76243,51722,-8,-8,-16,10125,13092,0,0,0,0,No
130000,Female,1,1,36,0,0,0,0,0,0,129689,107070,103942,94623,90556,92394,5000,4400,5000,4000,3500,4000,No
140000,Female,3,2,57,2,0,0,0,0,0,131795,134083,125360,99313,90623,92425,6743,5421,3926,3290,3310,3424,Yes
240000,Female,3,1,40,1,-2,-1,-1,-1,-1,-55,-55,3545,1338,1075,1744,0,3600,1338,1075,1744,0,No
180000,Female,3,0,45,-1,-1,-2,-2,-2,-2,4148,0,0,0,0,0,0,0,0,0,0,0,No
70000,Male,1,3,57,0,0,0,0,0,0,69398,70352,69936,68118,65942,62495,2667,2321,2391,2316,2466,1451,No
150000,Female,2,2,25,0,0,0,0,0,0,142827,126317,75324,78773,95375,57663,5000,4000,5000,40000,3000,2880,No
210000,Female,3,1,37,-2,-2,-2,-2,-2,-2,138398,109115,101912,62959,60767,41150,5000,5000,2500,2800,2000,0,No
200000,Female,1,1,35,-1,0,0,0,0,0,9918,10971,11817,17865,18239,14527,1219,1165,7865,592,807,679,No
180000,Male,1,1,38,0,0,0,0,0,2,153099,150227,138313,137274,147314,129870,7005,6500,5000,12042,32,1300,No
300000,Male,2,2,31,0,0,0,-1,-1,-1,62198,35674,34979,510,2166,765,1600,2600,510,903,765,773,No
450000,Female,1,2,41,-1,-1,-1,-1,-1,-1,11343,75083,25273,85357,27745,1990,75459,25413,85784,27856,2000,1900,No
200000,Male,1,2,33,1,-1,-1,0,-1,-1,-5,3465,3191,1873,90687,4577,3470,3191,0,90729,0,6266,No
400000,Female,1,1,40,-1,-1,-1,0,0,-1,1107,3891,120338,8318,8488,130,3891,120407,0,170,130,8595,No
170000,Male,1,2,33,-1,-1,-1,-1,-1,-1,764,1100,500,2499,1500,600,1105,500,2499,1500,600,2100,No
140000,Female,1,2,31,-1,2,-1,-1,-1,-1,652,326,326,326,476,326,0,326,326,476,326,326,Yes
200000,Female,2,2,35,0,0,0,0,0,0,64195,65565,66870,68752,70485,71887,3000,3000,3000,3000,2575,3000,No
60000,Female,2,3,39,1,-2,-2,-2,-2,-2,-1540,-1930,-2320,-1220,0,0,0,0,2000,2000,0,0,No
60000,Male,2,2,27,1,2,0,0,2,2,43356,42381,46663,49877,50734,49764,0,5000,4000,1800,0,2000,Yes
150000,Male,1,2,23,0,0,0,0,0,0,11109,83376,79726,76986,78038,78321,78016,3048,4000,3500,3000,3000,No
180000,Male,3,1,54,0,0,0,0,0,0,149698,137260,124500,111430,98182,84598,4834,4371,3849,3405,2887,2402,Yes
50000,Female,3,2,23,0,0,0,0,0,0,43979,33403,20879,18573,17318,17936,2000,2000,2000,1000,1000,2800,No
50000,Male,3,2,24,-1,-1,-1,-1,0,0,2562,8743,-290,18115,18495,18804,8769,0,18650,659,1000,1000,No
20000,Male,2,2,26,-1,-1,-2,-2,-2,-2,70,-620,-620,-1400,0,0,0,0,0,1400,0,0,No
230000,Female,2,2,52,2,-1,2,0,-1,-1,1292,3943,1990,1499,593,2553,3951,1,9,594,2560,3759,Yes
110000,Female,2,1,42,0,0,0,0,0,0,55349,52914,49483,49292,49460,49470,2096,2003,1802,1783,1783,1756,No
90000,Female,1,2,36,0,0,0,0,0,0,90922,80980,66503,67347,68509,67588,4273,3200,2500,2500,2631,2646,No
20000,Female,1,2,22,2,2,2,2,2,2,16233,20547,20542,19572,20437,19994,5383,660,0,1538,0,2658,Yes
30000,Female,1,2,23,0,0,0,0,0,0,26847,24815,21681,22293,17155,13470,2500,3500,2000,3500,2000,1000,No
220000,Male,3,1,30,0,0,0,0,2,0,162105,170592,173969,183030,181385,174107,10000,5013,10626,52,5255,4222,Yes
140000,Female,3,2,24,1,2,2,2,0,0,42897,45739,46468,45422,46371,47297,3821,1775,0,1833,1850,2000,Yes
300000,Female,1,1,42,-2,-2,-2,-2,-2,-2,3000,3300,0,0,610,2165,3300,0,0,610,2165,2394,No
270000,Female,3,2,33,0,-1,-1,-1,0,0,10000,10000,10000,123693,116843,110059,10000,10000,222750,5000,5008,5026,No
30000,Male,1,1,42,0,0,-1,-1,-1,-1,28033,17085,200,323,29525,0,1525,200,323,29525,0,0,No
70000,Male,3,2,41,0,0,0,0,0,0,70476,68539,69520,51605,50311,50729,2700,3500,2000,2000,2500,2500,No
230000,Male,2,1,53,2,2,-2,-2,-2,-1,1350,0,0,0,0,470,0,0,0,0,470,0,No
20000,Male,2,2,23,0,0,0,0,0,0,18852,16648,19395,20271,20445,17532,1500,4000,2000,2000,2900,2735,No
190000,Female,1,2,33,1,2,0,0,0,0,115056,108137,89722,69861,49894,49727,0,4413,2942,2000,1583,1500,No
20000,Female,2,1,29,0,0,0,0,0,0,15890,13995,13375,14205,15869,16666,2000,2000,1000,2000,1000,1000,No
80000,Female,3,1,67,0,0,0,0,0,-1,20255,18885,21529,29236,10662,2408,6000,5002,10662,2,2408,11662,No
20000,Male,3,1,33,2,0,0,0,0,-2,20500,16237,20960,6914,1017,780,2191,1000,0,1017,780,6380,Yes
60000,Female,3,1,34,0,0,0,2,0,0,9928,11261,12853,12352,12703,13338,1500,2090,0,700,1000,1400,Yes
50000,Male,2,1,49,0,0,0,0,0,0,10750,8755,8684,5983,4252,5034,1507,3109,2209,2000,2500,3000,No
280000,Female,2,1,56,0,0,0,0,0,0,284204,284041,283396,213294,213384,213604,10261,17003,7657,7750,7861,8083,Yes
300000,Male,1,1,42,0,0,0,0,0,0,120151,89618,47857,48128,50332,23688,4229,5024,6012,5191,12139,110247,No
30000,Female,3,1,55,2,0,0,0,0,0,29278,30393,29785,30377,30155,31098,1600,1585,1377,1155,2600,0,Yes
270000,Female,2,1,25,0,0,0,0,0,0,21586,239499,203867,188064,147915,139976,239104,7098,6179,5023,6090,4000,No
100000,Male,3,2,30,0,0,0,0,0,0,87579,72308,53505,43371,48125,40388,4172,2094,3007,10021,3012,1527,No
240000,Male,2,2,43,-1,-1,-1,-1,-1,-1,291,291,291,291,291,291,291,291,291,291,291,291,Yes
200000,Male,1,2,40,-1,-1,-1,-1,-1,-1,2159,760,2775,22813,10526,326,1086,2775,22813,10526,326,573,No
230000,Male,1,1,61,-1,-1,-1,-1,-1,-1,1477,3699,2252,4932,2783,7411,3710,2266,7338,2791,7433,4527,No
350000,Male,1,2,33,-1,-1,-1,-1,-1,-1,148341,8095,15047,3220,20461,3249,8405,15052,3805,20467,3253,27168,No
360000,Male,6,1,66,-1,-1,-1,-1,-1,-1,47615,74976,4040,151858,48580,1451,75351,4064,152618,48822,1451,171944,No
150000,Female,2,2,40,1,-1,-1,-1,-1,-2,-19,3894,5570,10516,-3,-3,3913,5606,10568,0,0,2379,No
100000,Male,3,2,47,0,0,0,0,0,0,94925,95130,60003,38500,4681,76728,3889,2412,1698,679,72809,2748,No
500000,Male,1,2,27,0,0,0,0,0,0,204198,201648,197549,192093,187726,183860,7434,6342,5276,5271,5778,5029,No
500000,Male,1,2,35,-1,0,-1,-1,-1,0,172041,70011,12976,34469,27425,28506,58761,13976,34828,28289,18175,17500,No
180000,Female,3,1,47,-1,-1,-1,-1,-1,-1,316,316,316,316,316,316,316,316,316,316,316,316,No
400000,Female,3,1,39,1,-1,-1,-1,-2,-1,2384,3500,471,-203,2371,1949,3603,471,203,2574,1949,1040,No
100000,Female,2,2,29,0,0,0,0,0,0,61383,49560,40183,61820,8322,6182,1908,2000,1000,2000,3000,5000,No
10000,Male,2,1,32,1,2,2,2,2,2,8425,8148,9481,9180,10052,10091,0,1632,0,1022,350,0,No
60000,Female,1,2,30,2,2,2,2,2,2,34735,33895,36530,37133,37893,37131,0,3200,1500,1500,0,1700,No
50000,Female,1,2,25,1,2,2,2,2,2,47054,48008,48913,49847,50840,49502,2000,2000,2000,1900,1900,1600,Yes
80000,Female,2,2,23,-1,0,0,0,0,0,57314,58489,50452,51573,49061,33931,2145,2000,2012,2049,2008,1217,No
110000,Female,2,1,43,0,0,2,0,0,0,108616,114854,105275,107561,105502,103813,9600,0,4000,3765,4000,4200,No
410000,Female,2,1,41,0,0,0,0,0,0,354506,363666,369776,368779,369358,368043,14600,15500,14000,13580,14000,19000,Yes
260000,Female,2,1,40,1,-1,-1,-2,-2,-2,0,342,0,0,0,0,342,0,0,0,0,0,No
310000,Female,1,2,28,0,0,0,0,-1,-1,36513,37628,39579,40879,85,4381,2500,3000,1500,85,4381,11100,No
70000,Female,2,2,38,0,0,0,0,0,0,22578,23606,24619,25107,25634,26143,1397,1410,898,931,936,970,No
250000,Male,1,2,31,0,0,0,0,0,0,215316,198490,169014,167776,168110,168505,6845,5945,5919,6000,6059,5837,No
210000,Male,3,1,29,1,2,0,0,0,0,198510,194040,199393,194538,195990,194136,0,10000,7000,8000,8000,7200,No
360000,Male,2,1,41,1,-2,-2,-2,-2,-2,0,0,0,0,0,0,0,0,0,0,0,0,Yes
50000,Male,2,2,31,1,2,0,0,2,0,48657,45079,47714,19586,19143,20051,0,4300,2150,0,1204,1000,No
670000,Male,1,2,29,0,0,0,0,0,0,244663,243209,229265,228114,232795,237726,10000,8000,8500,8190,9000,8000,No
130000,Male,1,2,26,-1,-1,0,0,0,0,2343,32278,24175,15182,12805,14415,32322,1217,1000,3000,2000,390,No
170000,Male,1,1,42,1,-2,-2,-2,-2,-1,0,0,0,0,0,2485,0,0,0,0,2485,7797,No
30000,Male,3,2,29,-1,-1,-1,-1,-2,-2,390,0,780,0,0,0,0,780,0,0,0,0,No
110000,Male,1,1,50,0,0,0,0,0,0,36802,38210,40259,41585,42913,44197,2000,3000,2000,2000,2000,2000,No
210000,Female,3,2,46,1,2,0,0,-1,-1,5816,5579,20079,17309,2310,241,13,17309,0,2310,241,4000,Yes
30000,Female,2,2,24,0,0,2,2,2,0,24238,26996,26269,27734,27151,28199,3462,0,2200,0,1500,1500,Yes
260000,Female,2,1,46,0,0,2,2,2,0,18256,19556,18136,24018,21490,18196,2934,0,8000,0,2000,8000,No
20000,Female,2,1,35,1,2,2,3,2,0,18648,18061,21034,20419,19289,19600,0,3292,0,0,781,701,Yes
380000,Female,1,1,40,-1,-1,-2,-2,-2,-2,6614,54457,47872,24543,0,0,49094,0,24543,0,0,0,No
120000,Female,2,1,47,-1,-1,-1,-1,-1,-1,1188,2512,3444,1742,502,346,2512,3444,1742,502,346,325,No
80000,Male,2,1,54,0,0,0,0,0,0,76962,79463,79761,30286,29898,30364,4000,3500,1100,1100,1200,1000,Yes
30000,Female,2,2,33,1,2,0,0,0,0,31089,10989,11997,12397,13043,13325,0,1200,600,1000,650,650,No
110000,Male,2,2,29,1,2,2,2,0,0,83687,85360,86274,84001,85897,88759,3900,3200,0,3400,4500,2600,No
50000,Female,3,1,44,-1,-1,-1,-1,-1,-1,3424,155,1922,1473,1865,835,155,1922,1473,1865,835,1833,No
90000,Female,2,1,24,0,0,0,0,0,0,84148,79847,75576,75266,74431,68399,5006,4007,5006,4003,3014,4007,No
110000,Male,1,2,33,0,0,0,0,0,0,12633,88334,53978,23687,26567,8435,80004,1500,12013,7000,2000,4000,No
50000,Male,3,1,54,0,0,0,0,0,0,38607,39681,40717,41682,42857,45581,2000,2000,1642,2000,3600,0,No
60000,Male,1,2,27,-2,-2,-2,-2,-1,-1,11862,1856,-14,4839,9567,11407,1861,0,4853,9567,2000,0,No
150000,Female,2,2,37,0,0,0,0,0,0,80463,82513,84271,43832,33963,34638,3348,3490,1402,1233,1240,1284,Yes
20000,Male,1,2,24,1,2,0,0,0,-2,18738,18016,7190,7190,0,0,20,1500,0,0,0,0,No
140000,Female,3,1,54,1,-2,-2,-2,-2,-2,-150,-150,-150,-150,-150,-150,0,0,0,0,0,0,Yes
200000,Female,2,2,40,2,0,0,0,0,0,176502,176297,162826,160186,161965,152361,8000,7300,6000,6000,6000,6000,Yes
20000,Male,2,2,30,1,2,4,3,2,2,19977,21359,20581,19860,19690,1735,2000,0,0,0,500,0,Yes
50000,Male,2,2,26,0,0,0,0,0,0,48221,49629,48868,49668,49780,49980,2571,1200,1000,40000,1000,0,No
200000,Female,2,1,41,0,0,0,0,0,-1,18012,18367,16996,11461,8150,5584,1385,1020,229,183,5584,888,No
100000,Female,2,2,29,-2,-1,0,0,0,0,75912,85276,88498,90289,92485,95630,10000,4000,2600,3000,4000,5000,No
300000,Male,1,1,38,-1,-1,-2,-2,-2,-2,2285,0,0,0,0,0,0,0,0,0,0,0,No
500000,Female,1,2,35,-1,-1,-1,-1,0,-1,22369,14100,24754,21443,13892,11241,14128,24902,21479,11465,11356,66710,No
360000,Female,2,1,52,-1,-1,-2,-2,-2,-2,2995,2401,2277,500,3586,7399,2406,2282,500,3586,7399,600,No
160000,Female,1,2,29,1,-2,-2,-2,-2,-2,0,0,0,0,0,0,0,0,0,0,0,0,No
50000,Female,2,2,23,0,0,0,2,2,2,47053,47835,51109,51713,52738,48789,1842,4116,2000,1950,0,1885,Yes
230000,Female,2,1,34,0,0,0,0,0,0,234328,234211,157345,155335,153427,150514,8913,5449,5339,5370,4435,4432,Yes
200000,Female,2,2,34,1,-1,-1,-1,-1,-1,0,3346,0,465,1775,8722,3346,0,465,1775,8722,0,No
270000,Male,1,1,44,3,3,4,4,4,4,256402,264267,271951,278509,283545,278436,17944,18112,15405,10000,0,0,No
60000,Female,2,2,31,0,0,0,0,2,0,59643,61279,61017,30117,29526,29201,3200,2535,2331,0,1073,2134,No
50000,Male,2,2,31,-1,-1,-1,0,0,-1,2522,0,18171,17051,390,16526,0,18171,341,0,16526,324,No
50000,Male,2,1,41,0,0,0,0,0,0,19339,20424,20086,18600,19153,19289,1703,1306,810,1000,900,900,No
130000,Female,3,1,44,0,0,0,0,0,2,109006,110256,113283,101247,96939,81977,4500,5000,4000,10600,0,2300,No
230000,Female,3,2,47,0,0,0,0,0,0,147300,121855,102074,94225,96616,95849,10000,5000,4000,4000,5000,4000,No
30000,Female,1,2,25,0,0,2,0,0,2,19801,20449,19798,20217,21435,19239,3000,0,700,1500,0,323,No
200000,Female,1,1,39,-1,0,-1,0,0,0,8432,6977,6727,6864,5253,3388,3746,6737,2013,10,20,10901,No
140000,Female,2,1,24,-1,-1,-2,-2,-1,-1,2515,0,0,0,2243,5530,0,0,0,2243,5530,4441,No
100000,Female,2,1,35,2,0,0,2,2,0,98845,95265,98571,99322,96661,95951,4600,8002,4003,2,4005,4000,Yes
240000,Male,2,1,32,2,2,2,0,0,0,127418,135942,132640,135320,138523,141618,10400,0,4500,5000,5000,5000,Yes
70000,Female,1,2,31,2,2,7,7,7,7,2400,2400,2400,2400,2400,2400,0,0,0,0,0,0,Yes
140000,Female,1,2,30,1,2,0,0,0,0,149389,145757,144229,144470,144386,120586,0,5350,5555,5836,4191,4341,No
50000,Male,2,1,52,-1,2,0,0,0,0,2072,1532,3106,2721,780,0,0,2000,5,0,0,0,No
210000,Female,2,1,36,-1,-1,-1,0,-1,-1,396,590,2042,1646,396,396,590,2042,0,396,396,396,No
280000,Male,1,2,30,1,2,2,0,0,0,191493,187913,169223,153063,133490,130377,1000,7600,5949,6000,5200,5117,No
180000,Female,2,2,42,2,2,2,2,2,2,50420,51818,52372,52917,54123,55176,2500,2000,2000,2200,2100,2200,Yes
20000,Male,3,1,47,1,2,0,0,0,2,19739,19137,19857,15422,19279,9537,0,1200,0,9537,0,0,No
350000,Female,2,1,29,-1,-1,-1,-1,-1,-1,8760,5882,9845,4677,5767,6532,5932,9908,4692,5787,6548,4863,No
130000,Female,1,2,23,-1,-1,-1,0,-1,0,3820,2640,30403,9630,7120,3940,2640,30403,193,7120,79,9589,No
470000,Male,3,1,39,1,-2,-2,-2,-2,-2,0,0,0,0,0,0,0,0,0,0,0,789,No
340000,Female,2,1,48,-1,-1,-1,0,0,-1,4052,0,4105,2895,2895,2360,0,4105,0,0,2360,1090,No
80000,Male,2,2,26,1,2,2,2,0,0,77389,75585,80300,75724,77504,79715,0,6000,0,3000,3500,3000,No
180000,Female,2,1,36,0,0,0,-2,-1,0,21494,25600,0,0,36565,37353,5000,0,0,36565,1548,1000,No
210000,Female,2,1,39,0,0,0,0,0,-1,26749,34451,25200,19850,15530,13021,14000,3007,5000,1000,13021,22171,No
20000,Male,2,2,24,-1,-1,-1,-1,-1,-1,780,0,390,390,780,0,0,390,390,780,0,0,No
200000,Male,1,2,52,0,0,0,0,0,0,115702,113576,109812,104567,100541,96495,5517,5381,3838,3589,3397,3296,No
50000,Female,3,1,59,0,0,0,0,0,0,47822,36488,36811,13234,11543,10751,2009,2000,556,378,619,5000,No
80000,Female,1,2,23,-1,-1,0,0,-1,-1,3526,6687,4356,3450,4318,0,6687,1000,0,4318,0,254,No
30000,Female,3,2,48,0,0,0,0,0,0,1445,3410,5338,7239,9112,10949,2000,2000,2000,2000,2000,2000,No
80000,Male,3,1,62,-1,-1,-1,-1,-1,-1,1262,1642,1975,672,5112,3932,1642,1975,672,5112,3932,20289,No
220000,Female,3,1,38,-1,-1,-1,-1,-1,-1,20000,3450,5516,47619,28800,8561,3450,5549,50019,28800,8561,16599,No
180000,Female,1,2,32,-1,-1,-1,-1,-1,-1,666,666,666,666,666,666,666,666,666,666,666,666,No
140000,Female,2,1,29,0,0,0,0,0,0,81764,92071,43777,22806,12643,29707,20167,5000,28800,2000,20007,10009,Yes
180000,Male,2,2,25,2,2,2,0,0,0,10022,12847,12351,12350,12608,12892,3000,0,500,455,491,500,Yes
50000,Female,2,2,35,0,0,0,0,0,0,14536,15694,16431,17056,17581,18089,1700,1300,900,800,800,900,No
170000,Female,2,2,27,0,0,0,0,0,0,97474,78520,80131,70788,68927,70678,2932,3000,2500,3000,2900,2918,No
50000,Male,2,2,38,0,0,0,0,0,0,50958,50889,49697,9176,9368,9554,2042,1150,329,340,342,354,No
50000,Male,2,2,24,0,0,0,0,0,0,49144,20818,17890,18310,17931,18633,1500,1300,700,1000,1000,1000,No
300000,Male,2,1,29,-1,-1,-2,-2,-2,-2,1874,-200,-200,-200,-200,-200,0,0,0,0,0,0,No
390000,Female,1,2,27,2,0,0,0,0,0,386301,392458,290201,295606,300709,305904,17000,11000,11000,10656,11000,12000,No
90000,Female,2,1,55,2,2,0,0,0,0,81998,83674,80890,31565,33049,22694,4003,3000,3000,3000,2000,2000,Yes
200000,Female,1,2,29,0,0,0,0,0,0,194241,193425,196537,195268,192829,192499,12000,8500,7000,10000,10000,10000,No
460000,Male,1,2,29,0,0,0,0,0,0,410033,385394,325663,324067,324749,327929,16088,13039,11127,11017,11110,11113,No
10000,Male,2,2,23,0,0,0,0,0,-2,3714,4158,4654,3080,0,0,1104,1000,31,0,0,0,No
480000,Female,2,1,38,0,0,0,0,0,0,90258,76099,56776,37484,37906,18387,30000,1708,1292,1010,772,705,No
180000,Female,1,2,24,0,0,0,0,0,0,169263,174532,176686,165491,169222,173246,8000,6700,6000,6400,7000,7000,No
240000,Female,1,2,29,0,0,0,0,0,-2,3093,2322,8186,3980,0,0,2000,2020,2500,0,0,85,No
250000,Male,1,2,38,-2,-2,-2,-2,-2,-2,584,3291,8660,7495,1120,62,3307,8703,7532,1125,62,7718,No
270000,Female,2,2,34,-1,-1,-1,-1,-1,-1,381,3376,2958,4154,5885,3129,3406,2983,4172,5912,3143,0,Yes
200000,Male,1,1,37,0,0,0,0,0,0,123337,11148,19165,21171,17762,23670,11202,19275,22304,23850,23784,84430,No
100000,Female,3,1,66,0,0,0,0,0,0,100036,100041,100402,97141,97143,97532,4702,4617,3600,3865,3850,3705,No
160000,Female,1,1,39,-2,-2,-2,-2,-2,-2,710,666,403,1650,336,790,666,403,1650,336,790,1141,No
80000,Female,2,1,45,0,0,0,0,0,0,81841,74516,69485,30396,30595,29033,4100,2507,2140,2000,1500,1000,No
130000,Male,2,1,44,-1,2,0,0,0,0,29547,23154,18637,14691,8769,4166,0,1500,486,303,83,780,No
340000,Female,3,2,44,0,0,0,0,0,0,142836,145125,146682,150407,147868,149349,7000,5500,6027,5328,5390,6047,Yes
360000,Male,1,1,36,-2,-1,-1,-1,-2,-2,0,394,11142,0,0,0,394,11253,0,0,0,0,No
120000,Female,3,1,40,0,0,0,0,0,0,108300,108538,94833,49078,40643,4200,5000,4121,2000,2000,2000,96583,No
120000,Male,1,2,29,0,0,0,0,0,0,30101,31281,30180,30471,31110,31728,2000,2000,1090,1129,1135,1200,No
300000,Female,1,2,48,0,0,0,0,0,0,247279,235093,224062,212480,202148,186955,10005,9500,7500,6914,6100,5500,No
60000,Female,2,2,23,2,2,-2,-2,-1,-1,2516,0,0,0,1524,25421,0,0,0,1524,25421,1000,No
210000,Female,2,1,50,0,0,0,0,0,0,106724,109251,103733,102027,103453,103651,4037,3519,3442,3553,3625,3470,No
210000,Female,2,1,29,0,0,0,0,0,0,209807,123664,51353,43485,44784,45685,5088,2000,1600,2000,1800,1807,Yes
200000,Male,2,1,33,0,0,2,-1,-1,0,50612,10537,5552,2506,9443,11818,10023,27,2614,9454,5019,5015,No
230000,Female,2,1,51,0,0,0,0,0,0,51802,53956,56968,58099,59318,60504,3000,3921,2079,2155,2174,2225,Yes
20000,Male,3,1,23,-1,-1,0,0,0,0,3675,19316,19844,19844,20388,19554,19316,1261,651,803,747,155,Yes
210000,Female,1,1,37,0,0,0,0,0,0,211749,205947,201848,168664,172013,175557,7000,10015,10000,5331,5748,48061,No
160000,Female,3,2,26,-1,-1,-1,-1,-1,-1,390,390,390,390,390,390,390,390,390,390,390,390,No
290000,Female,1,1,30,-1,-1,-1,-1,-1,-1,1312,1312,1311,1486,1488,1650,1318,1317,1493,1495,1657,35267,Yes
80000,Female,3,1,26,0,0,0,0,0,0,63677,64162,38141,38190,38586,39962,2000,1905,1350,1388,2401,1410,No
360000,Male,1,2,43,-1,-1,-2,-2,-2,-2,4134,2128,960,6658,0,0,2134,982,6858,0,0,0,No
360000,Male,3,1,54,-2,-2,-2,-2,-2,-1,16230,-200,0,0,69000,2500,0,200,0,69000,2500,0,No
340000,Female,1,1,30,0,0,0,0,0,0,351828,280067,259651,243094,223907,216912,30076,25118,20085,10041,8184,6626,No
80000,Male,2,2,38,0,0,0,0,0,0,89394,81223,77198,29891,34528,35229,5000,19153,1500,10000,1274,1275,No
50000,Female,2,2,24,0,0,-1,-1,0,0,97043,39837,6928,17006,17363,17707,2000,6943,17006,630,633,657,No
210000,Male,1,2,26,-1,-1,-2,-1,-1,-2,1360,0,0,3620,0,0,0,0,3620,0,0,15513,No
150000,Female,2,1,42,-1,-1,-1,-1,-1,-1,3260,2270,5887,3935,3935,3935,2270,5887,3935,3935,3935,3935,Yes
20000,Male,2,2,21,0,0,-1,0,0,-2,20297,17054,2333,1300,0,0,1240,2333,0,0,0,0,No
20000,Male,3,2,22,0,0,0,-2,-2,-2,19624,16972,0,0,0,0,1000,0,0,0,0,0,Yes
240000,Female,3,1,41,-1,-1,-2,-1,-1,-1,5325,-5,-5,1074,1972,1876,5,0,1079,1977,1885,1211,No
500000,Female,2,1,50,-2,-1,-1,-1,-1,-1,16984,86772,53170,28622,19140,0,87004,53192,28622,19140,0,20211,No
90000,Female,2,1,23,0,0,0,0,0,0,12770,14241,14895,25195,23769,2269,2500,1200,10500,7000,1000,0,Yes
50000,Male,3,2,46,0,0,0,0,0,0,50131,28152,20746,27624,16015,16746,1388,2011,1006,1000,1000,1000,No
50000,Female,2,2,22,0,0,0,0,0,0,50834,50770,50215,29386,29527,30125,2200,1517,1000,1500,2005,1305,Yes
50000,Male,1,1,47,0,0,2,2,2,2,45717,47974,49837,50807,49947,50424,3000,3000,2000,0,5000,0,No
100000,Female,2,1,40,-1,-1,-1,0,-1,-1,326,326,652,326,326,326,326,652,0,326,326,652,No
280000,Female,1,2,30,0,0,0,0,0,0,270276,506260,263734,268216,262895,264508,11000,10000,10004,10020,10100,10000,No
30000,Male,2,2,54,0,0,0,0,0,0,26278,24767,27533,26400,25620,390,1700,3400,2528,0,390,780,Yes
50000,Male,2,2,27,2,2,0,0,0,0,23901,13262,8643,7382,1975,50514,4146,1200,0,0,49800,0,Yes
60000,Male,1,1,33,-1,-1,-1,-1,-1,-1,8308,7565,8373,7565,7565,7565,7565,8373,7565,7565,7565,7565,No
120000,Male,2,1,57,0,0,0,0,0,0,118709,120580,118684,88557,91124,88094,5000,5007,4000,4003,4003,4000,Yes
80000,Female,2,1,35,-1,-1,-1,-1,-1,0,2890,9796,13443,396,396,396,9796,13443,396,396,0,396,No
500000,Male,1,1,45,-1,-1,-1,-1,-1,-2,140,94,39,44,0,0,94,39,44,0,0,790,No
70000,Female,3,1,32,2,2,0,0,0,-1,18317,17330,11400,11120,10914,11315,0,1000,110,500,18963,1000,No
160000,Female,2,1,45,-2,-2,-2,-2,-2,-2,0,0,0,1468,0,0,0,0,1468,0,0,0,No
100000,Female,3,1,50,2,2,2,-1,0,0,110537,99734,99973,71008,66735,68621,0,3000,103000,2500,3000,3000,Yes
10000,Male,3,2,35,0,0,0,0,0,0,7877,8918,9864,9673,9414,9156,1174,1120,310,316,1000,2000,No
90000,Male,1,2,26,-1,-1,-1,-1,-1,0,10750,100,200,100,9894,20699,100,200,0,9894,20000,4100,No
170000,Male,1,1,39,2,2,2,2,4,3,74298,80073,81959,89991,88018,86299,7000,3800,10000,0,0,3100,Yes
90000,Female,2,2,35,-1,-1,-1,-2,-2,-2,2667,2667,0,0,0,0,2667,0,0,0,0,0,No
180000,Female,3,2,42,0,0,0,0,0,0,67414,61256,66668,83568,90418,88898,10000,10000,17500,7000,25000,33600,No
350000,Female,1,1,52,2,2,7,7,7,7,2400,2400,2400,2400,2400,2400,0,0,0,0,0,0,Yes
270000,Male,2,2,35,0,0,0,-1,-1,-1,225400,220202,215056,10506,10224,9233,9000,9348,10600,10300,9300,1000,No
200000,Female,1,2,29,0,0,-1,0,0,-2,65935,25574,28727,19164,0,0,1011,31209,383,0,0,0,Yes
20000,Female,1,2,22,0,0,0,0,0,0,15829,15299,16262,16749,13764,18732,1600,1550,1000,1000,5283,0,No
290000,Male,1,1,46,0,0,0,0,0,0,194301,199451,198684,87700,88621,53243,10744,6000,1573,1629,3129,105423,No
70000,Male,3,2,28,1,2,0,0,0,0,68970,67308,68582,68361,68060,68223,0,3005,2546,2602,2430,2659,No
230000,Male,1,2,26,-2,-2,-2,-2,-2,-2,416,371,416,416,566,416,371,461,416,566,416,0,No
180000,Female,1,2,28,-1,-1,-1,-1,-1,0,950,4369,9673,2861,12338,9124,4369,9673,3260,13959,3000,18396,No
210000,Male,1,2,33,-1,-1,-1,-1,-1,-1,291,291,291,291,441,291,291,291,291,441,291,291,No
50000,Male,1,2,24,2,2,0,0,0,0,49946,48808,45469,20228,18900,19066,0,2079,693,1080,700,1004,No
150000,Male,1,2,37,0,0,0,0,0,0,45000,44386,46505,49103,51698,52549,3000,2500,3000,3000,1546,2000,No
380000,Male,2,1,50,0,0,0,0,0,0,385662,294826,220022,154283,35270,332270,12020,9009,6109,3000,332000,12000,Yes
50000,Male,2,1,44,0,0,0,0,0,0,45335,46027,30286,26275,26823,27371,1524,1427,941,972,992,1000,No
150000,Female,3,1,43,-1,-1,2,0,-1,-1,264,948,632,316,316,1414,1000,0,0,316,1414,0,Yes
220000,Male,2,2,29,0,0,0,0,0,0,122286,122839,123035,114385,115903,118528,5008,5007,6007,5000,4700,5503,No
80000,Female,5,2,27,0,0,0,0,0,0,45268,47140,47411,48443,49478,43264,2600,1800,1700,1700,1700,1300,No
220000,Female,2,1,32,0,0,0,0,0,0,194961,197536,203251,208355,213015,217475,7200,9000,10000,8000,8010,8500,No
70000,Female,2,2,34,1,2,2,2,0,0,24208,25015,27189,26456,28361,31873,1500,2900,0,2500,4000,0,No
120000,Male,2,2,37,-1,2,0,0,0,2,16241,16680,17695,17901,19608,19143,1000,1600,800,2000,0,1600,Yes
180000,Female,2,2,32,0,0,0,0,0,0,20730,17107,35884,31057,29052,25933,1582,30000,1000,1000,1000,1000,No
50000,Female,3,1,57,0,0,0,0,0,0,49017,50690,47487,48319,48449,49656,2500,2000,2000,1746,2000,1800,No
10000,Female,2,3,46,1,2,0,0,0,0,9532,9236,10047,8775,8984,7628,0,1006,1390,1000,1000,2000,No
20000,Female,1,2,26,-1,0,-1,-1,-1,-1,10658,9288,390,390,390,0,1072,390,390,390,0,780,No
150000,Male,2,1,34,0,0,0,0,0,0,132214,135140,135263,137540,144786,146379,4414,4700,4306,10006,4822,4112,No
20000,Male,1,2,26,-1,-1,-1,-1,-1,-1,416,416,416,416,416,982,416,416,416,416,982,0,Yes
480000,Female,2,1,54,-2,-2,-2,-2,-2,-2,17189,6013,1717,1385,0,0,6026,1717,1390,0,0,2300,No
50000,Male,3,2,26,0,0,0,0,2,0,25060,26649,28202,30727,30098,32580,2000,2000,3000,0,3000,3000,No
170000,Male,2,2,31,0,0,0,0,0,0,24581,25611,26631,27383,27801,31337,1728,1748,1500,1011,4000,0,No
200000,Female,1,2,31,0,0,0,0,0,0,38635,41031,45929,48661,49723,50896,3031,5929,3500,2000,2000,11028,No
360000,Male,1,2,34,1,-2,-2,-2,-2,-1,0,0,0,0,0,150,0,0,0,0,150,59,No
140000,Female,5,2,36,0,0,0,0,0,0,91226,83650,80037,53055,102587,98251,4182,4000,4000,98000,4000,3500,No
440000,Female,2,2,26,0,0,0,0,0,0,96190,90462,78267,71795,51812,25064,3513,3017,2037,2019,3010,3004,No
500000,Male,2,1,43,0,0,0,0,0,0,12200,8140,10176,20719,15665,8074,1518,5019,15027,639,547,50274,No
230000,Female,2,1,29,0,0,0,0,0,0,64982,44908,51535,24607,28279,48934,3000,11000,15000,13000,36000,3000,No
470000,Male,2,1,41,-2,-2,-2,-2,-2,-1,13780,12242,32463,20621,13711,8294,12300,32520,34,68,8334,45684,No
20000,Female,3,1,48,1,2,2,3,2,2,14589,16743,17522,17055,10400,0,2700,1400,0,0,0,0,Yes
210000,Female,2,2,24,0,0,0,0,0,0,108491,111046,110716,97168,94524,96777,5800,3700,3505,3400,3769,3229,No
20000,Female,1,2,23,0,0,-2,-1,0,0,6733,0,0,19132,19533,20235,0,0,19132,709,1027,600,No
20000,Female,3,1,53,0,0,0,0,0,0,12197,13292,14362,14821,15143,15737,1600,1600,1000,710,1000,1000,No
200000,Female,2,1,34,1,-1,-1,-1,-1,-1,-2,758,998,668,9815,36870,760,1000,670,9852,40063,1049,No
250000,Female,2,2,36,0,-1,-1,0,0,0,6220,27217,6149,26202,6906,3855,27225,6159,25846,0,3855,3876,Yes
300000,Male,2,2,41,0,0,0,-1,-1,2,34480,31159,18580,1400,6297,977,1472,1000,1410,6297,0,19480,No
320000,Female,1,2,30,0,0,0,0,0,0,113801,90354,88467,79241,83530,90573,5017,4057,4014,8531,15005,5033,No
50000,Male,2,2,29,1,2,2,2,0,0,37170,36297,39863,38924,39744,40533,0,4500,0,1600,1600,1600,No
200000,Female,2,1,34,-2,-2,-2,-1,-1,-1,6626,2469,3760,4273,3015,5076,2476,3771,4285,3023,5088,6282,No
80000,Female,1,2,29,0,0,0,0,0,0,16936,17963,18976,19660,20343,21003,1303,1316,1000,1000,1000,933,Yes
70000,Male,2,1,37,-1,2,0,0,-1,-1,10323,6659,6740,3559,7086,6979,0,3559,189,7086,3370,0,Yes
60000,Male,3,2,36,3,2,0,0,0,0,56807,55339,55751,37851,34195,33499,0,2141,2000,2000,2000,2000,No
10000,Female,3,2,22,0,0,2,0,0,0,10012,9784,9473,8947,9135,8613,2452,7,308,320,328,1000,Yes
50000,Female,3,2,30,0,0,2,0,0,0,50332,51247,50073,26550,25842,25996,4210,0,1500,1090,2000,2000,No
140000,Male,2,2,26,2,0,0,0,0,0,133572,135367,113272,115685,118171,120550,6169,4500,4287,4500,4500,9500,Yes
30000,Male,2,2,25,0,0,0,0,0,0,7160,8185,9286,9483,9780,10068,1300,1400,500,600,600,600,No
190000,Male,2,1,49,-1,-1,-1,-1,-1,0,435,435,635,2084,161110,149941,435,635,2084,161110,5800,4138,No
70000,Female,1,2,23,-1,-1,-1,-1,-1,-1,853,3128,4719,100,1610,690,3128,4722,0,1610,0,10909,No
330000,Female,2,1,28,-1,-1,-1,-1,-1,-1,390,0,780,150,320,780,0,780,150,320,1000,0,No
110000,Female,2,2,24,0,0,0,2,0,0,6470,8610,15123,9761,9717,8046,2654,7230,0,463,393,151,No
270000,Male,3,1,47,0,0,0,0,0,0,165303,168837,172281,175705,179582,184650,6200,6254,6290,6710,8250,0,No
320000,Male,2,2,32,0,0,0,0,0,0,21460,23412,25331,25741,26800,28817,3000,3000,1500,2000,3000,2000,No
430000,Male,1,2,31,0,0,0,0,0,0,29860,39305,43020,45540,8342,8310,10000,5000,5540,8310,5640,2820,No
50000,Female,1,1,37,2,0,0,0,-1,2,8014,7668,7081,5738,6461,4822,1200,1000,91,11283,0,1000,No
140000,Male,2,1,48,-1,-1,2,0,0,-2,1600,5012,4739,4739,0,0,5012,0,0,0,0,2770,Yes
500000,Male,2,1,49,-2,-2,-2,-2,-2,-2,4214,6378,4074,116446,9335,3312,6378,4074,116446,9335,3312,43664,No
80000,Male,3,1,45,0,0,0,0,0,0,26637,26437,26686,28372,28345,27279,1490,2000,2000,3000,5000,865,No
390000,Female,1,1,34,1,-2,-1,-1,-2,-2,0,0,1266,0,0,0,0,1266,0,0,0,0,No
250000,Female,1,1,43,-1,-1,-1,0,0,-1,17454,-50,45297,17371,11481,5922,24890,48394,0,5461,15000,6000,No
390000,Female,1,2,31,-2,-2,-2,-2,-2,-2,6466,6266,12578,7650,48090,17013,6266,12581,7650,48090,28973,17271,No
100000,Female,1,1,35,0,0,0,0,0,0,57612,58818,60841,61434,62743,66677,2134,3000,2200,2300,5000,3000,No
140000,Male,1,2,36,1,-1,-1,0,0,-1,-5,1135,17227,12918,10898,823,1140,17227,0,365,840,4507,No
110000,Male,2,1,51,0,0,0,0,0,0,45964,46922,48140,49339,50542,52689,2000,2000,2000,2000,3000,2000,No
170000,Male,3,1,48,2,-1,-1,0,-1,-1,316,316,632,316,466,316,316,632,0,466,316,0,No
170000,Male,2,1,48,0,0,0,0,0,0,137823,137199,136331,123913,122657,122225,5396,5000,5000,5000,5000,4000,No
180000,Female,2,2,25,0,0,0,0,2,2,4745,5765,6631,8386,8109,8820,1257,1123,1878,0,1000,0,No
140000,Male,2,1,41,0,0,0,0,0,0,109326,111679,113921,114348,111382,112458,5600,5600,4500,4200,4500,4500,No
20000,Female,2,1,49,0,0,-1,-1,0,0,13882,13342,808,18910,19306,19809,2018,404,19000,677,800,601,No
150000,Male,1,2,28,-2,-2,-2,-2,-2,-2,0,0,0,0,0,0,0,0,0,0,0,0,No
50000,Female,2,2,28,0,0,0,0,0,0,48072,49518,49500,19600,20000,0,2518,1500,500,400,0,0,No
160000,Female,2,1,38,1,-2,-2,-2,-2,-2,0,0,0,0,0,0,0,0,0,0,0,0,Yes
80000,Male,2,1,41,-2,-2,-2,-2,-2,-1,3153,1013,0,0,2115,4264,1013,0,0,2115,4264,0,No
300000,Female,3,2,29,-2,-2,-2,-2,-2,-2,-140,28092,3572,195,209,990,28232,3589,195,210,994,0,Yes
60000,Female,3,2,32,0,0,0,0,0,0,62552,26929,27967,28526,28275,29151,1500,1500,1003,1500,1500,1044,No
70000,Female,2,2,26,2,2,2,3,2,2,42583,43600,47550,46487,47298,46384,2000,5000,0,1700,0,3700,Yes
290000,Female,1,2,31,-1,-1,-1,-1,-1,0,632,0,480,-150,66675,68071,0,480,4,69001,2500,3000,No
80000,Female,1,2,23,0,0,0,-2,-2,-2,8766,4777,0,0,0,0,1600,0,0,0,0,0,No
50000,Female,3,1,53,1,-2,-2,-2,-2,-2,0,0,0,0,0,0,0,0,0,0,0,0,Yes
200000,Female,3,2,49,-1,-1,0,0,0,-1,7697,18951,27974,30596,38109,22170,20071,20036,15022,15113,22235,3919,No
50000,Female,1,2,22,-1,-1,-1,-1,-1,-1,586,297,3674,1392,3085,3450,297,3675,1392,3086,3492,3721,Yes
20000,Female,2,2,26,2,-1,0,0,0,0,1041,10757,11094,9351,8562,8058,10758,2679,502,224,513,9,No
200000,Male,1,1,38,-1,-1,-1,-1,-1,-1,6186,735,1463,15550,5045,6709,735,1463,15550,5045,6709,3021,Yes
120000,Female,1,2,35,1,2,0,0,0,0,77785,75984,78109,79198,80865,82859,0,4000,2988,3100,3500,6382,No
220000,Female,2,1,49,0,0,0,0,0,0,172184,170697,168041,163783,160806,158866,7583,7461,5809,5608,6500,6100,No
630000,Male,1,2,40,0,0,0,0,0,0,440474,444370,455286,327021,334558,341439,18000,20000,12000,13000,13022,13016,No
300000,Female,1,2,34,-1,-1,-1,-1,-1,-1,19357,5000,3744,8059,3425,11860,5032,3744,8059,3425,11860,7595,No
10000,Female,2,2,49,1,2,0,0,0,0,8184,5011,5728,4255,2782,1309,0,1000,0,0,0,0,Yes
50000,Male,2,2,29,1,-2,-2,-2,-2,-2,0,0,0,0,0,0,0,0,0,0,0,0,No
280000,Female,1,1,39,-1,0,-1,-1,-1,-1,7791,5851,430,2041,775,580,1000,430,2041,775,580,1029,Yes
130000,Male,1,2,30,0,0,0,0,0,0,4536,5616,6455,6791,6991,0,1161,1000,336,200,0,0,No
30000,Female,3,1,28,0,0,0,2,0,0,23182,19083,19632,15252,14021,13793,2000,2000,0,1500,1353,0,No
50000,Female,2,1,27,0,0,0,0,0,0,9877,10800,5921,6042,4012,0,1140,1000,121,0,0,10620,No
70000,Female,3,1,38,0,0,0,0,0,0,24758,25581,16105,17571,18330,16268,1273,1534,2000,1000,1000,1000,No
80000,Male,2,2,29,0,0,0,0,0,0,41815,42938,44022,44792,45915,46998,2100,2100,1800,2000,2000,2500,No
20000,Female,2,1,22,2,2,2,0,0,0,16726,19143,18391,18562,11798,0,3000,0,371,1236,0,0,Yes
390000,Male,1,1,41,0,0,0,0,0,0,495559,248821,216051,208373,199727,186332,10218,8035,7035,6056,8053,5603,No
470000,Female,2,2,32,0,0,0,0,0,0,147113,133486,125159,120869,60507,53100,5000,4500,2505,50000,3000,3000,No
260000,Female,2,1,37,2,2,2,0,0,0,244738,251351,244949,248273,119124,132619,12000,0,11000,4321,20000,27,Yes
150000,Female,1,2,25,1,-2,-1,-1,-1,-1,191,1963,4729,1568,4295,0,1964,4729,1568,4295,0,1895,No
120000,Male,1,1,46,0,0,2,2,2,2,14682,17325,17936,18536,19091,19629,3200,1200,1200,1000,1000,0,No
20000,Female,2,1,47,0,0,0,0,0,2,18021,17352,17667,18187,20499,20718,1280,1293,813,2770,703,0,No
260000,Female,4,2,42,-1,-1,-1,-1,-1,-1,399,2101,577,0,200,0,2101,577,0,200,0,664,No
50000,Male,3,2,22,0,0,0,0,0,0,42678,38239,22691,8807,7143,6967,1500,1100,1000,500,500,1000,Yes
180000,Female,2,2,27,2,2,2,2,0,0,126195,127881,128491,124080,126154,130064,6000,4575,0,4600,6000,3100,No
310000,Female,5,1,35,1,-2,-2,-2,-2,-2,10350,0,0,0,0,0,0,0,0,0,0,0,No
360000,Male,2,1,44,-1,-1,-1,-1,-1,-1,5101,9358,15452,9990,6515,5694,9419,15485,9995,6515,5694,12785,No
180000,Female,2,2,30,0,0,0,0,0,0,14445,15404,19885,22355,22902,15373,1500,4911,10355,10902,3500,5493,No
270000,Female,1,1,42,2,2,5,5,4,3,1250,1250,1250,1250,650,350,0,0,0,0,0,0,No
70000,Male,1,2,28,0,0,0,0,0,0,67857,69711,64947,26022,28575,21460,3000,1500,13959,3000,1500,4000,No
50000,Male,2,2,24,-1,-1,-1,-1,0,-1,2155,0,1978,14207,8602,7201,0,30300,14207,602,7201,383,No
30000,Female,3,2,50,-2,-2,-2,-2,-1,2,0,0,0,0,7092,6832,0,0,0,7092,0,0,No
50000,Female,2,1,54,0,0,0,0,0,-1,11351,11449,6515,2315,1817,2081,1150,1012,46,36,2081,2270,No
350000,Male,2,1,37,-1,-1,-1,-1,-1,-1,325,294,6574,3543,1654,6186,294,6636,3559,1659,6215,325,No
200000,Male,1,1,58,0,0,0,0,0,0,192461,195970,122214,124647,126921,129167,7822,4417,4446,4597,4677,4698,No
80000,Male,3,2,26,1,2,2,2,2,2,71661,69947,74755,75732,74397,80138,0,6000,2800,0,7000,8,No
60000,Female,2,1,31,0,0,0,3,2,2,47000,49236,57752,56243,55213,58700,3000,10000,0,0,4400,2200,No
30000,Male,1,1,52,0,0,0,2,0,0,15743,16784,18998,18395,19100,20582,1300,2500,0,1000,1800,0,No
110000,Female,1,2,36,0,0,0,0,0,0,108316,100784,88568,43720,42138,43085,4600,3500,2000,2000,1800,1700,No
300000,Female,1,2,27,-1,-1,-1,0,0,0,42189,83754,120927,105303,82475,33262,83754,120927,0,716,25213,92250,No
500000,Male,1,2,39,-1,-1,-1,-1,0,-1,2450,11833,22963,7086,5453,1486,11833,22963,7086,0,1486,7570,No
360000,Male,1,2,36,-1,-1,-1,0,0,0,356913,208305,68214,168014,16209,18918,210000,170000,100000,3000,3000,5000,No
20000,Female,2,1,39,1,2,2,0,-1,-1,14112,11221,10656,7928,580,0,3520,0,1000,580,0,0,No
220000,Male,1,1,39,0,0,0,0,0,0,75190,151004,152786,137946,118310,119147,100000,8000,6000,5000,5000,5000,No
20000,Female,2,2,22,0,0,2,0,0,2,11192,15677,15133,15582,16677,16259,5000,0,1000,1500,0,700,No
60000,Male,2,1,37,3,4,3,2,2,2,30381,29986,29210,29729,30505,32232,366,0,1300,1400,2400,2300,Yes
170000,Female,1,2,30,-1,0,-1,-1,0,-1,1560,1280,590,1168,2160,145564,1000,590,1168,1582,145564,5069,No
200000,Female,2,1,26,0,0,0,0,0,0,47236,45200,35939,34096,34876,34615,1800,1603,2000,2500,1500,1500,No
20000,Female,1,2,23,0,0,0,0,0,0,19990,20038,19571,14362,15127,15872,1438,1300,1000,1000,1000,2000,No
180000,Female,2,2,24,1,2,2,2,2,2,108580,105403,112073,111345,98404,102460,0,8564,4000,0,7414,0,Yes
360000,Female,2,1,35,0,0,0,-1,-1,0,5157,2461,0,277,2599,3941,1012,0,277,2602,2019,1123,No
50000,Female,1,2,23,0,0,0,0,0,2,34422,32703,22851,6699,10060,7737,1544,1000,0,3361,0,100,No
100000,Female,2,1,25,0,0,0,0,0,0,20755,20043,19778,24939,28639,8370,2000,2000,6000,4000,4000,3000,No
30000,Male,2,1,36,2,2,0,0,0,0,30573,28473,29083,28313,28932,29565,0,2000,940,1000,1106,0,No
70000,Female,2,1,44,0,0,0,0,0,0,4221,6642,8361,10208,11038,11848,2500,2000,2000,1000,1000,1000,Yes
470000,Male,1,2,33,-1,-1,-1,0,0,-1,5613,11576,7017,1185,0,542,11606,7017,24,0,542,208896,No
300000,Female,1,1,36,-1,-1,-2,-2,-2,-2,8385,-27,-27,-27,-27,-27,27,0,0,0,0,0,No
300000,Female,1,1,45,-1,-1,-1,0,0,-1,6608,10009,22456,22056,14020,1230,10017,22456,0,0,1230,0,Yes
200000,Female,1,2,26,-2,-2,-2,-2,-2,-2,2179,6440,3908,-5,1060,2996,6440,3908,5,1065,3000,1108,No
150000,Female,2,1,41,0,0,0,0,0,0,79021,77975,74749,80757,83685,81569,4023,3016,10000,4011,3073,3005,No
220000,Female,2,2,25,0,0,0,0,0,0,165040,167485,148133,123266,125736,128342,6809,7038,5000,4500,5000,4473,Yes
420000,Male,1,2,31,-2,-2,-2,-2,-2,-2,1569,563,1914,1189,1208,4964,565,1923,1194,1214,4988,296,No
210000,Female,2,2,45,-2,-2,-2,-2,-2,-2,467,2050,416,416,416,416,2050,416,416,416,416,416,No
450000,Male,3,1,58,-1,-1,-1,-1,-1,-1,8940,6239,5535,9856,819,863,6271,5740,9905,823,867,2488,No
30000,Male,2,1,38,-1,-1,-1,-1,-1,-1,184,1522,0,5480,175,-2000,1522,0,5480,175,0,2000,No
240000,Male,2,1,30,-1,-1,-1,-1,-1,-1,2816,7608,26832,3518,1280,5900,7608,26834,3518,1280,5900,1319,No
420000,Female,2,2,25,-1,0,0,0,0,0,28206,122212,117835,112705,111357,108306,100000,4013,3822,4086,3800,3600,No
60000,Female,1,2,25,0,0,0,0,0,0,57174,58559,60586,39144,39615,39334,3000,3800,3300,1900,1600,1500,No
30000,Female,3,2,24,-1,-1,-1,-1,-1,-1,4882,14630,6323,2870,1485,3926,14630,6485,2870,1485,3926,0,No
80000,Female,1,2,29,-2,-2,-1,2,2,3,2673,0,317,317,1521,1204,0,317,0,1204,0,0,No
50000,Male,2,2,37,0,0,0,0,0,0,48206,48659,47248,48241,49196,50296,2120,1750,1700,1800,2023,2113,No
230000,Male,3,2,27,-2,-2,-2,-2,-2,-2,19200,10000,20176,10000,10000,10000,10000,20176,200,10000,10000,10000,No
200000,Male,1,2,31,0,0,0,0,0,0,6618,6777,7957,4667,76187,74900,1900,3008,3500,73000,2700,3800,No
230000,Female,2,2,28,0,0,0,0,0,0,12218,17667,20345,39945,41352,11032,6000,3500,20000,2000,1500,8000,No
130000,Female,2,2,24,0,0,0,0,0,0,122750,118319,61466,48288,48898,49699,4966,2034,1710,1765,2000,2672,No
200000,Female,3,2,27,1,-2,-2,-2,-2,-2,0,0,0,0,0,0,0,0,0,0,0,0,No
90000,Female,1,2,33,0,0,0,0,0,0,80919,87993,17316,18026,18559,19097,9000,1500,1000,824,1000,857,No
120000,Male,1,2,27,-1,-1,-1,-1,0,0,316,316,1360,9474,10158,2551,316,1360,10000,1000,2000,3000,No
20000,Female,2,2,32,2,3,2,2,2,0,17757,17193,16602,19521,18925,18806,0,0,3200,0,900,633,No
210000,Female,1,1,37,2,2,2,2,2,2,76089,77985,79104,80399,81462,83366,3700,3000,3200,2500,3400,4300,Yes
50000,Female,1,1,29,0,0,0,0,0,0,50486,50035,49388,10275,9598,8382,2200,1192,1000,2000,1000,1500,No
70000,Female,2,1,42,2,2,2,2,2,2,50886,51975,52527,53560,54653,55797,2200,2000,2500,2100,2200,2100,Yes
230000,Male,2,2,32,2,2,2,2,2,2,189567,189023,187521,182671,174794,182160,9000,6300,6200,500,12500,0,Yes
20000,Male,2,2,52,0,0,0,0,0,0,17420,19130,20340,19940,19940,0,2000,2000,0,0,0,0,No
30000,Male,2,2,44,-1,0,-1,0,-1,-1,21043,21183,1754,666,1339,1748,1196,1757,2,1443,1949,0,No
100000,Male,1,2,31,2,2,2,2,2,2,33752,32928,35572,34700,36942,36196,0,3200,0,2800,0,1511,Yes
80000,Female,1,2,29,0,0,0,2,0,0,81337,80290,82215,80422,78284,77270,2842,20412,0,3000,3000,3000,Yes
210000,Male,2,2,33,0,0,0,0,0,0,187610,191592,195739,198081,202410,206582,8500,9000,7100,7510,7700,9051,No
50000,Male,2,2,54,1,2,0,0,0,0,48153,46885,27168,27585,27910,27380,0,1400,1200,1500,1000,1500,No
130000,Female,2,2,23,0,0,0,0,0,0,133622,129784,126021,70186,71762,73192,4752,5010,2505,2700,2623,2800,No
70000,Female,1,2,24,0,0,2,2,2,2,48432,52650,53099,51648,55409,54366,5000,1900,0,4600,0,2300,No
100000,Male,3,1,44,-1,-1,-1,-1,-1,-1,780,0,390,390,390,390,0,390,390,390,390,390,Yes
200000,Male,3,0,51,-1,-1,-1,-1,0,-1,3556,4993,9212,2529,1036,4430,5020,9236,2529,0,4430,6398,No
40000,Male,1,2,24,1,2,0,0,0,3,28926,28182,28912,29495,33011,32194,0,1500,1064,4000,0,0,Yes
80000,Female,2,2,25,2,3,2,2,2,2,69602,67930,72205,73116,74801,73444,0,6000,2700,3000,0,5300,No
20000,Female,2,2,23,-1,-1,-1,2,-1,-1,7186,3478,137,1714,17694,12237,8060,137,5199,17694,575,0,No
60000,Female,3,1,50,0,0,0,0,0,0,61600,61952,60661,29095,17636,31406,3300,2000,900,889,21500,3600,Yes
40000,Female,2,1,25,0,0,0,0,0,0,11273,12307,13348,13530,13811,14132,1520,1550,700,648,700,700,No
290000,Female,1,2,33,-1,-1,-1,-1,-1,-1,413,486,820,60,1773,3904,486,820,60,1773,3904,0,Yes
50000,Male,2,1,54,-2,-2,-2,-2,-2,-2,1583,2134,0,2025,0,1924,2134,0,2025,0,1924,0,No
20000,Male,2,2,25,0,0,0,0,2,2,17384,13648,13924,15685,15292,17524,1500,1400,2000,0,2500,0,No
30000,Male,2,2,26,0,0,0,0,0,0,33195,32705,32406,32167,31728,31061,1600,1500,1500,1300,1261,1003,No
20000,Male,2,1,32,0,0,0,0,0,2,17104,18134,19123,19351,20411,19947,1613,1602,830,1512,0,545,No
50000,Female,3,3,43,0,0,0,0,0,0,24443,24391,23595,22590,21788,21949,1800,1400,800,1000,900,900,No
500000,Male,2,1,42,1,-1,2,2,0,0,-984,3516,1924,1924,8924,6729,4500,0,0,7000,36,532,Yes
90000,Female,3,2,24,-1,-1,-1,-1,-1,-2,595,207,18189,557,0,0,207,18281,557,0,0,0,Yes
10000,Male,2,2,26,0,0,0,0,0,0,15147,6641,15318,8610,8790,8963,2234,1135,1086,319,319,180,No
50000,Female,2,1,37,2,2,3,3,3,3,1050,1050,1050,1050,1050,1050,0,0,0,0,0,0,Yes
120000,Male,1,2,36,0,0,2,0,0,2,24466,28255,27507,27952,31136,30486,4500,0,1200,3800,0,1500,No
200000,Female,1,2,27,0,0,0,0,0,0,157607,155693,155290,147604,146719,143317,7194,6760,5018,5370,5294,5300,No
300000,Female,2,1,50,-1,-1,-1,0,0,0,8924,3131,117497,110680,104016,109839,3131,121715,4000,5000,9000,5000,No
90000,Female,2,2,24,-1,0,0,0,0,0,17524,22184,23270,27372,31905,34954,5000,5000,5000,5000,3600,2000,No
90000,Male,2,1,27,0,0,0,0,0,0,70482,70591,64926,59949,54029,48170,2580,2337,1634,1606,1371,620,No
140000,Female,1,2,23,1,-2,-2,-2,-2,-2,0,0,0,0,0,0,0,0,0,0,0,0,Yes
180000,Female,2,1,39,-1,-1,-1,-1,0,-1,1081,148,148,296,148,148,148,148,296,0,148,1495,No
360000,Male,1,1,39,-1,-1,-1,-2,-2,-2,1761,2560,0,0,0,0,2816,0,0,0,0,2456,No
160000,Female,3,2,29,1,-2,-2,-2,-2,-2,0,0,4150,2065,0,500,0,4150,2065,0,500,0,Yes
100000,Male,1,1,45,0,0,0,0,0,0,10529,12723,15807,18901,21794,25051,2688,3688,3288,3288,3688,0,No
20000,Male,2,2,21,0,0,2,0,0,-2,19277,20997,20200,20000,0,0,5000,0,0,0,0,0,Yes
360000,Male,1,1,36,0,0,-1,0,0,0,40434,13352,129978,150637,138969,132118,2000,129990,30000,25000,5000,3000,No
230000,Male,2,2,39,-1,-1,-1,-1,-1,-1,326,326,326,326,326,326,652,326,326,326,326,326,No
110000,Female,3,2,29,0,0,0,0,0,0,101006,104474,106332,106906,108952,110444,5300,5300,4000,4100,4631,4404,Yes
200000,Male,2,2,26,-1,-1,0,0,0,0,1747,11817,14225,16017,12613,6600,12957,3884,5010,700,360,1713,No
50000,Male,2,2,44,0,0,0,0,0,0,27560,19002,8542,8711,8893,9070,1159,1142,311,322,324,335,No
210000,Female,1,2,30,1,-2,-2,-2,-1,-1,0,0,0,0,49525,0,0,0,0,49525,0,0,Yes
280000,Male,1,2,31,1,-2,-1,0,-1,-1,-32,-32,4887,2067,6624,1489,0,4919,10,6657,1496,2244,No
500000,Male,2,1,40,0,0,0,-1,-1,0,94585,61111,24801,6288,166251,162785,2659,2090,6333,178460,5506,6205,No
30000,Female,1,2,25,0,0,0,0,0,-2,3924,4972,5873,5993,0,0,1099,1000,120,0,0,0,No
340000,Female,2,1,36,0,0,0,0,0,0,167474,155293,134467,129891,113919,106675,7106,4435,4091,3548,4535,4127,No
360000,Male,1,2,32,-1,-1,-1,-1,-1,-1,389,389,1955,5316,2265,6594,389,1955,5316,2265,6594,2974,No
70000,Female,1,2,22,0,0,0,0,0,0,71358,70285,28867,29766,26522,27584,3280,1480,1360,960,1500,1000,No
20000,Female,2,3,44,2,2,7,7,7,6,2400,2400,2400,2400,2400,1800,0,0,0,0,0,0,Yes
230000,Male,1,2,32,0,0,0,0,0,0,44734,47178,29582,38426,42500,43531,10120,20000,10000,5000,5000,5000,No
60000,Male,2,1,41,0,0,0,0,0,-1,48979,41597,29347,19544,11989,9079,5070,1219,1007,8,9381,1156,No
50000,Male,1,2,28,3,2,2,0,0,0,49828,50467,48964,49447,44067,44760,2121,0,2000,2000,2000,2000,Yes
50000,Female,1,2,29,0,0,2,2,2,2,10532,13145,12637,13922,13556,14528,2800,0,1500,0,1200,0,Yes
130000,Female,4,2,28,0,0,0,0,0,0,36108,34256,36357,37878,39489,41833,3000,3000,2500,3000,3000,2000,No
160000,Male,3,2,52,0,0,0,0,0,0,155684,157364,156581,72814,66825,63419,6525,6649,2724,2503,2310,2200,No
60000,Female,3,2,48,2,0,0,0,0,0,43533,39252,38051,37988,38725,39685,1700,1700,2000,1500,1600,1000,No
160000,Male,2,2,43,-1,-1,0,0,0,-1,12458,7146,11529,20860,0,780,7545,5000,10000,0,780,0,No
180000,Female,1,2,25,0,-1,-1,0,-1,0,23800,1246,3430,8430,92925,88283,1246,3430,5000,92925,5000,5000,No
170000,Male,2,1,36,2,2,2,0,0,0,75960,64683,51184,37938,25292,12646,2000,0,0,0,0,173869,No
360000,Female,2,2,35,2,2,2,0,0,0,360023,363239,350214,319960,260944,202686,14693,30,12302,10004,7506,19721,Yes
180000,Female,2,2,48,1,-1,-1,-1,-1,-1,2551,3044,3044,5283,1660,6671,3044,3044,5283,1660,6671,493,No
20000,Male,1,2,27,1,2,-1,-1,0,0,6274,5971,3980,9040,9040,0,0,4000,9040,0,0,17291,No
230000,Female,2,1,43,0,0,0,0,0,0,7806,8392,8967,8729,10816,15893,1295,1300,468,2816,5893,5977,No
220000,Female,2,1,30,1,-2,-2,-2,-2,-2,0,0,0,0,0,0,0,0,0,0,0,0,No
240000,Male,2,1,43,-2,-2,-2,-2,-2,-2,0,0,0,0,0,0,0,0,0,0,0,0,No
50000,Male,3,1,54,0,0,0,-1,-1,0,50356,48981,47942,1261,17147,16609,2000,1120,1300,17147,1000,1000,No
310000,Female,2,1,39,0,0,0,0,0,0,7246,6713,9507,8894,7418,12154,1155,4507,1000,283,7482,2473,No
350000,Male,1,1,70,0,0,0,0,0,0,100895,70244,64839,57583,45554,37063,3371,2089,3008,1300,1500,1372,No
50000,Female,1,2,24,-1,-1,-1,-1,-1,-1,629,351,784,696,800,341,351,789,699,910,341,210,No
200000,Female,2,1,30,1,-2,-1,0,0,0,26223,-137,73284,65428,65820,2859,0,73421,1309,392,2859,1250,No
480000,Male,3,2,53,0,0,0,0,0,0,482250,475931,429037,383821,369920,699944,18093,15233,12597,15098,14155,20306,No
180000,Female,1,1,27,2,2,2,2,2,0,81044,78403,58083,58244,56041,50816,2600,0,4700,0,2500,1092,Yes
200000,Female,2,2,33,0,0,0,0,0,0,184676,178491,169860,165713,168199,160769,7900,6112,6000,6000,5838,5900,No
20000,Male,3,1,34,2,0,0,0,0,0,15736,16762,17774,18125,18507,19063,1284,1296,647,672,864,1506,No
210000,Female,3,2,33,1,-2,-1,-1,-1,-1,0,0,3104,4056,565,960,0,3104,4056,565,960,1958,Yes
20000,Female,2,2,24,0,0,0,0,0,0,19433,20508,19662,20001,16448,16774,1700,1300,600,600,600,622,No
150000,Female,2,1,31,1,-2,-1,-1,-1,-2,6526,779,8927,8660,692,0,783,9098,8660,698,0,0,No
50000,Female,2,2,25,0,0,0,-1,-1,2,46528,47456,36251,438,43367,44305,1794,1021,438,43367,1800,0,No
190000,Male,3,1,49,2,2,2,2,2,2,178367,179062,177663,180312,185910,191895,5000,3000,7100,8700,9300,9500,Yes
290000,Female,1,2,27,2,0,0,0,2,2,232523,243753,253145,267412,273095,278260,16500,15000,20000,10000,9701,0,No
420000,Male,2,1,39,0,0,0,0,0,0,171141,118103,119543,122851,126007,129144,5700,4600,5000,5000,5000,4700,No
340000,Female,2,2,36,2,0,0,0,0,0,337981,344920,18921,21205,19810,13586,17181,2000,10000,5000,3000,1000,No
60000,Male,2,2,40,3,3,5,4,3,2,9744,10940,10630,10320,9865,10055,1500,0,0,0,500,0,No
90000,Female,1,2,27,0,0,0,0,0,0,81111,83081,60210,61221,62636,54261,3500,3000,2600,2600,3000,1500,No
30000,Female,1,2,27,2,2,2,2,2,2,28207,29261,28497,29862,43148,30603,1800,0,2150,900,3776,0,Yes
160000,Female,2,1,37,-1,-1,-2,-1,-1,-2,1988,0,0,1188,0,0,0,0,1188,0,0,1935,No
20000,Male,2,2,35,-1,2,2,2,2,2,11916,11434,13433,13398,13040,14518,0,2200,480,0,1702,200,No
90000,Female,2,1,25,0,0,0,0,0,0,87525,89052,85807,68186,69011,70341,4200,3000,3000,3000,2600,3000,Yes
120000,Male,1,2,38,1,-2,-2,-2,-2,-2,-284,-610,-936,-1262,-1588,-1914,0,0,0,0,0,0,No
360000,Female,2,1,50,-1,-1,-1,-1,-1,-1,147,686,6037,1560,0,275,686,6041,1560,0,275,0,No
160000,Female,1,2,32,-2,-2,-2,-2,-2,-2,16922,2552,0,0,0,0,2555,0,0,0,0,0,No
320000,Female,1,1,34,-2,-1,0,-1,-1,-1,65083,23750,22381,14685,7511,6722,23750,10162,14702,7511,6722,10000,No
20000,Male,2,2,25,0,0,2,2,4,3,16508,19638,19030,22033,21109,20474,3400,0,3633,0,0,0,No
230000,Female,1,2,29,0,0,0,0,0,0,63184,64667,65888,66645,67865,69231,3100,3000,2300,2300,2500,2300,No
50000,Male,3,1,48,-1,-1,0,0,0,0,2722,33868,26646,26832,27395,27940,33895,1439,959,994,1000,1013,No
40000,Female,3,2,24,-1,2,-1,-1,0,0,5496,698,400,25289,24435,2201,0,400,25289,0,0,1329,No
120000,Female,3,1,27,2,-1,-1,-1,2,-1,390,390,390,780,240,630,390,390,780,0,930,300,No
130000,Female,2,2,25,-1,-1,-1,-1,-1,-1,1031,1583,776,776,776,776,1583,1000,776,776,776,12184,Yes
110000,Female,3,2,28,0,0,2,2,0,0,85918,87442,82975,80446,80006,80421,4000,6000,12,3100,3200,3000,No
20000,Male,2,2,22,1,2,0,0,0,0,8222,7948,8958,9456,10150,10727,0,1300,800,1000,900,2130,Yes
50000,Male,3,2,22,1,-2,-2,-2,-2,-2,0,0,0,0,0,0,0,0,0,0,0,0,No
120000,Female,3,1,30,0,0,0,0,0,0,115583,114915,117220,119599,120888,117881,4178,4223,4296,4800,4423,4080,No
50000,Male,3,2,34,0,0,0,-2,-2,-2,50375,51400,0,0,0,0,2400,0,0,0,0,0,No
360000,Female,2,2,34,1,-2,-2,-1,-1,-2,0,0,0,700,0,0,0,0,700,0,0,0,Yes
240000,Female,2,1,44,-1,-1,-1,-1,-1,-1,3313,7458,2329,4267,2404,4243,7458,2335,4267,2404,4243,2952,Yes
150000,Male,1,2,32,0,-1,-1,-1,-1,-2,46272,1079,0,41147,-3,-3,1082,0,41147,0,0,0,No
50000,Female,2,2,23,0,0,0,0,2,0,30501,33113,33967,28115,27529,29896,3113,1421,4295,0,3000,896,No
500000,Female,1,2,42,-1,-1,-1,2,-1,-1,30439,1844,844,614,2887,3850,1844,1000,0,3000,4000,6000,Yes
110000,Female,2,1,33,0,0,0,0,0,0,115895,115609,113984,112510,112319,110730,6000,5500,4000,4000,4100,4000,No
170000,Male,2,1,48,0,0,0,0,0,0,93420,96284,97322,99419,101590,111679,4371,3533,3716,3934,12030,0,Yes
230000,Female,2,1,29,0,0,0,0,0,0,30818,31209,32211,31647,34304,36849,2000,2000,1113,5000,5000,2000,No
100000,Female,1,1,41,1,-2,-2,-2,-2,-1,0,0,0,0,0,18149,0,0,0,0,18149,0,No
110000,Male,1,2,28,1,2,0,0,0,0,44278,41812,43095,46292,44744,36243,0,2000,5000,1514,1197,982,No
340000,Male,1,1,52,-2,-2,-2,-2,-2,-2,30832,33652,35192,30000,10766,33887,33670,35212,30000,10766,33905,30200,Yes
50000,Male,1,2,37,0,0,0,0,0,0,37774,38492,36453,29700,30167,29613,1976,1564,1170,1055,1052,1022,No
310000,Male,1,1,50,-1,-1,-1,-1,-1,-1,316,316,10131,2456,316,316,316,10131,2456,316,316,316,No
50000,Female,3,1,31,1,2,2,2,2,2,38102,40025,40071,40906,42100,41269,2830,1000,1800,2000,0,1704,Yes
240000,Female,3,1,38,0,0,2,0,0,0,107148,113396,110084,112272,114779,116920,9500,0,4019,4317,4204,4314,Yes
50000,Female,2,1,48,0,0,0,0,0,0,10929,13262,14273,14555,14860,15155,2526,1237,519,538,541,560,No
150000,Female,1,2,34,-2,-1,2,0,0,-2,0,13206,10227,398,0,0,13206,0,0,0,0,0,No
140000,Male,2,2,44,0,0,0,0,0,0,108033,105021,107659,109104,109352,101534,4000,4537,3800,3823,3806,3511,No
30000,Female,3,1,56,0,0,2,2,0,0,16088,24800,25098,24396,24907,25555,9000,1000,0,903,1061,942,No
300000,Female,1,1,30,0,0,0,0,0,0,93738,84636,88446,76244,67747,70389,3000,5000,2500,2500,3500,87000,Yes
50000,Male,1,2,29,0,0,0,0,0,0,2087,2632,3355,3253,3640,3512,1000,1186,500,1000,500,1000,No
280000,Female,2,1,37,0,0,0,0,0,0,29078,30144,32629,35126,35759,42317,1515,3000,3000,1292,7147,1415,No
120000,Female,2,2,23,0,0,0,0,0,0,118063,120851,120013,77539,77333,79113,4700,3538,3000,3000,3000,5000,No
30000,Female,1,1,27,1,-1,-1,-1,0,0,0,306,2017,6316,3107,0,306,2017,6316,62,0,1002,No
30000,Female,2,2,23,-1,0,0,0,0,-1,3226,5591,6992,20412,14427,5119,3596,2992,16500,0,5119,0,Yes
180000,Male,3,1,45,1,2,0,0,0,0,24400,24508,22627,23306,22780,20890,1500,1500,1000,1000,1000,1000,No
150000,Male,2,1,33,1,2,2,0,0,2,8967,11510,12022,12524,13868,13502,3001,1000,1000,1700,0,1000,No
110000,Female,2,1,40,0,0,0,2,0,0,84589,85418,38333,37419,38199,38957,3700,4890,0,1535,1545,1500,No
50000,Male,1,2,24,0,0,0,0,0,0,50716,50606,33265,29300,20703,30101,3029,2000,1021,1004,10000,2500,Yes
230000,Female,3,1,43,1,-1,2,-1,0,-1,0,3832,1823,3646,1823,1823,5655,0,3646,0,1823,1823,No
230000,Female,2,2,25,0,0,0,0,0,2,95311,94489,93143,87654,90172,86850,4500,4114,3500,4000,3000,3000,No
160000,Female,1,2,46,-2,-2,-2,-2,-2,-2,6241,8788,0,0,0,0,8805,0,0,0,0,0,No
50000,Male,3,2,36,0,0,0,0,0,0,52855,49123,49522,19843,18440,18272,2206,1605,397,369,365,1088,No
210000,Female,1,1,36,1,-1,-1,-1,-1,-1,0,1690,0,5619,4090,581,1690,0,5619,4090,581,0,No
120000,Female,2,1,38,-1,-1,-1,-1,-1,-1,4100,7270,820,820,2870,970,7270,820,820,2870,970,820,No
240000,Female,2,1,42,0,0,0,2,0,0,21943,36519,55515,49049,57178,42009,15000,20000,3330,30000,10000,10000,No
20000,Male,3,3,47,0,0,0,0,0,0,18768,18795,19390,19464,18126,18827,1400,1400,1000,700,1600,0,No
50000,Female,3,2,40,0,0,0,0,0,0,5538,6563,7422,8292,8465,8650,1271,1130,1000,307,325,436,No
50000,Female,1,2,70,2,2,0,0,0,0,49546,48480,48621,17793,18224,18612,0,2200,700,700,674,608,No
50000,Female,2,1,32,0,0,0,0,0,0,48508,49213,38280,12305,6436,0,3037,1800,1130,2000,0,0,No
100000,Male,3,2,52,0,0,0,0,0,-1,73904,73249,12327,10793,5309,900,2781,2101,216,0,900,500,No
390000,Female,1,1,49,-1,-1,-1,-2,-2,-1,15026,13357,0,0,0,100000,13357,0,0,0,100000,39268,No
450000,Female,2,2,36,-1,-1,-1,-1,-1,-1,13500,6350,11670,1530,1232,201,6364,11728,1532,1234,201,3,No
80000,Female,2,1,50,-1,-1,-1,0,0,0,2587,2587,50097,48753,50000,49209,2587,50097,2000,2000,1933,1700,No
50000,Female,3,1,48,0,0,0,0,0,0,4064,5987,7719,8588,9291,11127,2000,2000,1000,1000,2000,2000,No
50000,Female,2,2,33,1,2,2,0,0,0,49617,50352,49243,49819,19324,20103,1813,0,2169,702,1101,529,No
180000,Male,2,1,44,0,0,0,0,0,0,70721,69994,70204,70238,73296,73369,8000,3000,3000,5000,2595,3000,No
240000,Male,1,2,35,-2,-2,-2,-2,-1,-1,15432,10835,22134,32823,1897,5627,10851,22258,20076,2099,5827,0,No
320000,Female,3,2,29,-1,-1,-1,-2,-2,-1,500,500,0,0,0,2900,500,0,0,0,2900,0,No
480000,Female,2,1,35,-1,2,-1,-1,2,0,18214,11031,182123,188956,179179,181746,0,182123,12960,0,9000,50000,No
150000,Female,2,1,37,-1,2,2,-2,-1,-1,1184,794,2756,0,2430,4840,0,2772,0,2430,4844,0,No
110000,Female,1,2,29,0,0,2,0,0,0,107195,109443,106637,106665,92417,90730,7845,4000,4000,3500,9500,9600,No
240000,Male,1,2,30,-1,-1,-1,0,0,0,7744,7284,11234,15214,9107,5621,7305,11263,10018,21,3637,7008,No
50000,Male,1,2,33,0,0,0,0,0,0,47853,49474,47822,8585,8797,9001,2412,1500,500,500,500,490,Yes
120000,Male,2,2,27,-1,-1,-1,-1,-1,-1,2474,2469,2439,2439,2439,2116,2469,2439,2439,2439,2116,0,No
150000,Female,1,1,31,1,-2,-2,-2,-2,-2,0,0,0,0,0,0,0,0,0,0,0,0,No
100000,Female,3,2,53,0,0,0,0,0,0,101503,29880,31119,58653,59477,60695,1538,1777,29103,2283,2334,2290,No
250000,Female,2,2,26,-2,-2,-2,-2,-2,-2,16884,10397,5291,4671,4400,6011,2000,1000,1010,2000,6011,2325,No
100000,Female,2,2,26,0,0,-2,-2,-2,-1,9614,0,0,0,0,16708,0,0,0,0,16708,2000,No
390000,Female,2,2,42,-1,-1,0,0,0,0,5895,42006,31192,13859,10078,4635,42016,1397,347,250,145,94,No
210000,Female,2,1,43,0,0,0,0,2,0,80527,82332,84043,88508,85802,85280,4000,4000,7000,0,3500,7000,No
30000,Female,2,2,23,0,0,0,2,0,0,24285,26143,26929,19610,20591,19472,3002,2130,2,3004,8013,0,No
300000,Female,3,1,30,-1,-1,0,0,-1,-1,12090,15035,25895,16416,3972,2200,15042,25500,6000,3972,2200,0,No
190000,Female,3,1,38,0,0,0,0,0,0,89619,103095,110000,115674,121313,15538,15000,10000,5674,11313,5538,18272,No
130000,Female,1,1,35,-1,-1,-1,-1,-1,-1,6348,321,321,0,321,0,321,321,0,321,0,0,Yes
360000,Male,2,1,44,0,0,0,0,2,0,270248,138566,142337,149758,147152,149460,5000,5000,8600,0,5000,5000,No
20000,Male,2,3,35,1,-2,-2,-2,-2,-2,0,0,0,0,0,0,0,0,0,0,0,0,Yes
360000,Male,1,1,32,-2,-2,-2,-2,-2,-2,10729,2523,-2,-2,-2,-2,2535,0,0,0,0,0,No
190000,Female,2,2,25,0,0,0,0,-1,0,110031,105500,104430,93,158481,161866,8614,5000,93,159212,5800,5500,No
90000,Female,2,2,33,0,0,-1,-1,0,0,63626,1788,1988,55970,59612,40281,1000,2000,61000,5000,1800,1200,Yes
30000,Female,1,2,26,-1,-1,-1,-1,-1,2,2635,807,11428,2462,3605,1559,1270,11500,2462,1559,0,3192,No
240000,Male,1,2,29,0,0,0,0,0,0,240248,221277,201606,183454,180255,184230,11000,9100,8000,8000,7000,8000,No
40000,Female,1,2,26,0,0,0,0,0,0,12308,13604,14873,15624,15972,16308,1500,1500,1000,600,600,1700,No
170000,Male,2,2,36,-1,-1,-1,-1,-1,-1,2104,2074,10719,12654,25784,19950,2081,10725,12654,25784,19950,200,No
180000,Male,1,2,37,0,0,0,0,0,0,22121,31681,32552,34004,35792,36645,10000,1700,2000,2500,1600,2000,No
20000,Male,3,1,63,2,2,2,2,2,0,16097,16951,17090,17128,16725,17263,1400,700,600,0,800,772,Yes
150000,Female,3,1,48,0,0,2,0,0,0,37800,40874,39922,40953,42136,43279,4000,0,2000,2000,2000,2000,No
50000,Female,2,1,47,0,0,0,0,0,0,44624,45128,3837,3913,4146,4225,2355,1064,140,296,296,301,Yes
140000,Female,3,1,31,2,2,2,2,2,2,89910,92588,91936,94623,94952,95234,5000,1800,5000,1900,4700,0,No
50000,Male,3,2,31,0,0,0,0,2,0,40011,33648,35082,38286,37543,0,1566,2000,3800,0,1546,0,No
200000,Male,1,2,34,0,0,0,0,0,0,67002,76429,94564,95859,99593,101834,10000,18900,3000,4524,3084,3242,No
100000,Female,1,1,43,-1,-1,-1,-1,-1,-1,9122,22971,15537,27075,8423,37259,22982,15561,27091,8423,37259,16751,No
250000,Female,1,2,32,0,0,0,0,-1,-1,33323,30090,21218,10875,3328,1460,2038,2065,52,3336,1460,1000,No
80000,Female,1,2,38,-2,-2,-2,-2,-2,-2,1927,446,909,1740,2190,518,446,909,1740,2190,518,5062,No
170000,Female,2,1,50,0,0,0,0,0,0,177956,176155,171665,65479,61234,42484,7262,5586,2272,2998,39321,1390,No
80000,Male,3,2,29,0,0,0,0,0,0,46638,47680,48395,49356,50560,51431,2091,1806,1767,2000,1767,1740,No
50000,Male,2,1,49,0,0,0,0,0,0,49816,49749,48589,59469,20239,20059,3000,2000,1900,1004,1600,700,No
30000,Female,3,2,40,2,2,2,2,0,0,23687,23020,25218,24514,25030,25557,0,2579,0,909,944,4642,No
70000,Female,1,2,34,1,3,2,0,0,0,70971,71272,69405,34045,34995,36025,2000,0,1220,1500,1725,0,Yes
30000,Female,3,1,47,-1,-1,-1,-1,-1,-1,1355,5137,1392,696,0,696,5174,1392,696,0,696,696,No
200000,Male,1,1,34,-1,-1,-1,-1,-1,-1,5023,618,605,3098,805,2154,621,608,3114,1003,2164,1210,No
100000,Female,2,2,27,-1,-1,-1,-2,-2,-2,11540,1300,0,0,0,0,1303,0,0,0,0,0,No
20000,Male,2,2,44,0,0,0,0,0,0,17636,17947,17914,18357,19155,10200,1375,1122,565,1000,204,0,Yes
200000,Male,1,2,29,-1,-1,-2,-2,-2,-2,2290,0,0,0,0,0,0,0,0,0,0,0,No
50000,Male,3,1,72,2,0,0,0,2,2,35417,36453,37166,39710,40519,41324,1908,1621,3165,1600,1620,0,Yes
50000,Male,2,1,48,0,0,0,0,0,0,40931,40892,41612,18825,18019,18124,1880,1650,10000,1000,700,600,Yes
50000,Female,1,2,27,1,2,2,2,2,2,36794,35922,39319,38387,42764,41926,0,4000,0,5000,0,5000,Yes
240000,Female,3,1,39,-2,-2,-2,-2,-2,-2,0,1234,0,0,620,0,1234,0,0,620,0,0,No
50000,Male,1,1,40,0,0,0,0,0,0,42549,36110,9715,8965,6652,7385,2200,2000,1000,500,1000,400,No
500000,Female,1,1,45,-1,-1,-1,-1,-1,-1,36954,-24704,22999,18339,-3876,15586,0,83000,0,0,20000,18000,No
170000,Male,1,2,26,-1,-1,-1,-1,-1,-1,23594,1512,1362,1591,3524,8545,1512,1362,1591,3524,8545,1485,No
30000,Male,1,1,34,-1,-1,-1,-2,-2,-2,220,2500,0,0,0,0,2500,0,0,0,0,0,No
50000,Male,2,2,30,0,0,0,0,0,0,50507,48751,44688,19823,13645,10876,4000,2220,1000,1500,1000,1500,No
100000,Female,3,1,31,-1,-1,-1,-2,-2,-2,16033,1716,1200,0,0,1300,1716,1200,0,0,1300,6455,No
50000,Male,1,2,28,0,0,0,0,0,0,46176,40870,41590,42419,43307,44167,2000,1700,1519,1572,1580,1637,No
190000,Female,2,2,31,-1,-1,-1,-1,-2,-1,771,0,4251,0,0,6732,0,4251,0,0,6732,11306,No
20000,Female,3,2,22,0,0,0,0,-1,-1,14562,5991,6870,0,2734,0,1121,1000,0,1367,0,0,No
50000,Female,3,1,55,1,2,2,2,0,0,49003,49067,50498,47579,47567,48155,2005,3900,0,2000,1900,1900,No
30000,Female,2,1,39,-1,-1,-1,-1,-1,-1,223,223,223,223,223,675,223,223,223,223,675,10473,Yes
90000,Female,1,2,27,-2,-2,2,2,-2,-2,1179,6346,4607,-6,-2153,-4306,7020,2980,3000,0,0,0,No
500000,Female,1,2,36,-2,-2,-2,-2,-2,-2,-312,-2479,2479,2479,763,288,0,4958,0,763,0,14472,Yes
30000,Male,2,1,31,0,0,0,-1,-1,-2,13265,7206,0,2320,0,0,1632,780,2320,0,0,0,No
90000,Female,2,1,36,2,2,2,2,2,2,49295,50206,50781,51840,52607,53784,2000,1700,2200,1750,2200,2000,No
200000,Male,2,1,42,1,2,0,0,2,2,38187,35827,19208,20023,19572,19652,44,1303,1522,0,1099,1339,Yes
100000,Male,2,2,30,-2,-2,-2,-2,-2,-2,914,1170,0,0,1756,0,1475,0,0,1756,0,0,No
20000,Male,3,2,40,0,0,2,3,2,2,12649,15526,16383,15831,15438,17371,3103,1408,0,0,2346,0,No
50000,Male,2,1,51,0,0,0,0,0,0,49613,49326,47010,20661,14528,15544,3036,6000,1000,2000,2500,3000,No
50000,Female,2,3,51,0,-1,0,0,0,-2,10571,2477,3234,2904,0,0,2477,2904,0,0,0,0,No
290000,Male,3,2,32,-1,-1,-1,-1,-1,0,1520,1200,0,1000,28661,8976,1200,0,1000,9948,8974,175000,No
220000,Female,1,2,36,-2,-2,-2,-2,-2,-2,0,420,0,584,790,0,420,0,584,790,0,1309,No
440000,Male,1,1,37,-1,-1,-1,-1,-1,-1,4330,8369,16786,396,600,3596,8369,16786,396,600,3596,4095,No
50000,Male,2,2,49,0,0,0,0,0,0,90231,90647,92309,93880,99418,101392,2852,2784,2603,10000,3164,2868,Yes
290000,Female,1,1,50,0,0,0,0,0,0,165563,128747,120469,78892,81561,83687,7000,10009,5000,5000,5000,10000,No
390000,Male,2,1,40,1,2,0,0,0,0,424244,395060,258372,261498,213003,102423,587,9500,30140,4235,1998,25226,No
50000,Female,2,2,24,0,0,0,0,0,0,29186,29792,26660,27416,27836,28473,1500,1500,1200,1010,1100,980,No
220000,Female,2,2,31,-1,-1,-2,-1,-1,-2,38746,0,0,110699,0,0,0,0,110699,0,0,0,Yes
150000,Female,2,2,29,0,0,-1,0,0,0,3559,4724,2629,2584,1371,0,1222,2634,1008,506,0,0,No
50000,Male,1,2,24,0,0,0,0,0,0,50963,49720,50839,93436,46733,50925,1844,1963,2635,1750,5000,2160,No
200000,Male,1,1,44,-1,-1,-2,-2,-2,-2,667,0,0,0,0,0,0,0,0,0,0,0,No
120000,Female,2,2,30,0,0,0,0,0,0,16812,17571,18013,18197,9032,11951,1358,1126,636,650,4000,1800,No
230000,Female,1,1,61,-2,-2,-2,-2,-2,-2,1443,1443,1443,1443,1443,1443,1443,1443,1443,1443,1443,1443,No
20000,Male,1,2,22,0,0,0,0,0,0,23538,22780,23623,19600,20100,0,3000,1400,2500,500,0,0,No
290000,Female,1,2,24,-2,-2,-1,-1,-1,0,14931,15090,19239,4940,93332,96112,15090,19239,4975,96151,5500,4000,No
290000,Female,2,2,54,-2,-2,-2,-2,-2,-2,-68,-68,-68,675,-6,2168,0,0,743,0,2174,972,No
150000,Female,1,2,27,-2,-2,-2,-2,-2,-2,0,610,610,0,610,0,610,610,0,610,0,0,No
80000,Female,2,2,25,0,0,0,0,0,0,81003,85894,87061,89008,93523,80288,8213,3491,3508,19523,3288,1570,Yes
250000,Male,3,1,47,-1,-1,-1,-1,-1,-1,1170,1863,3100,2560,2580,3699,1863,3112,2950,2580,3699,0,No
20000,Male,2,1,35,1,2,2,0,0,0,19755,19661,20018,20427,19377,19386,1000,1000,1000,1500,900,1000,Yes
180000,Female,3,1,45,-1,-1,-1,-1,-1,-1,396,396,396,396,396,396,396,396,396,396,396,396,No
80000,Male,1,2,25,-1,-1,-1,-1,-1,2,2109,1257,466,628,2395,930,1257,466,628,2395,0,601,No
300000,Male,1,2,31,-1,-1,-1,-1,0,-1,2166,2894,8903,12445,24650,8339,2918,8974,12457,15113,8369,3832,No
50000,Female,3,1,51,0,0,0,0,0,-1,20454,21899,20895,11241,-861,38040,2100,2000,1000,0,39500,1500,No
70000,Female,1,1,40,0,0,0,0,0,0,51959,40519,31310,28929,29535,28160,1597,1407,972,1007,1028,913,No
150000,Female,1,2,30,0,0,2,0,0,2,44795,43700,19543,34648,24241,19339,10000,20,30000,19800,0,5000,Yes
320000,Female,1,2,29,-1,-1,-1,-1,-1,0,179226,-200,200,0,10000,210000,0,400,0,10000,200000,0,No
60000,Female,1,2,24,0,0,0,0,0,0,60381,39798,38344,37311,37428,38187,1639,1590,1500,1354,1377,1514,No
20000,Male,3,2,32,0,0,2,2,2,0,3677,6002,5758,12619,12274,15049,2400,0,7000,0,3000,4000,Yes
230000,Male,1,2,35,2,2,2,2,2,2,117277,119823,120988,121464,123740,120937,5800,4500,3800,5000,0,4500,No
310000,Female,2,1,29,0,0,0,-1,0,0,74955,77730,78497,72529,76345,79072,4000,5000,72529,5000,4000,4000,No
230000,Female,1,2,36,-1,-1,-1,0,0,0,1545,306,8389,7465,6549,576,306,8389,9,0,0,342,No
200000,Female,1,1,40,-2,-2,-2,-2,-2,-2,2552,8064,32082,6914,1905,3244,8084,32105,7186,1905,3244,9768,No
100000,Female,1,2,30,0,0,0,0,2,0,28383,32903,42283,51539,50583,52588,5000,10000,10000,0,2846,1936,Yes
310000,Male,2,1,64,-1,-1,-1,0,-1,-1,1920,0,10124,10130,7958,0,0,10124,6,7958,0,0,No
180000,Male,3,1,33,2,2,0,0,0,2,159999,156038,159924,162775,174719,178651,0,8000,7000,15000,7000,0,Yes
390000,Female,1,1,38,0,0,0,0,0,0,164418,167501,134282,128701,131529,135242,9000,7027,5000,5000,6000,5000,No
50000,Female,2,1,26,0,0,0,0,0,0,45663,43522,43193,18768,19182,19447,2300,2349,800,835,726,361,No
140000,Male,1,2,29,0,0,0,0,0,0,142087,255846,140057,100177,100873,98363,5528,4500,3500,4000,4000,4000,No
170000,Male,1,2,37,-1,-1,-1,-1,-1,-1,4334,1343,1078,1392,1606,9955,1343,1078,1392,1606,9955,4382,Yes
250000,Female,2,1,45,-2,-2,-2,-2,-2,-2,100323,37494,41300,0,0,0,2500,5300,0,0,0,0,No
50000,Female,3,1,40,2,2,0,0,0,0,49157,47990,38426,7816,7859,7979,0,2050,500,500,400,400,Yes
90000,Male,1,2,27,0,0,0,2,2,2,56608,57897,63686,65233,66637,67882,2800,7400,3200,2600,2500,2500,No
90000,Male,2,1,44,2,0,0,0,0,0,89875,92338,87511,47796,48306,49054,4000,4200,1700,1800,2083,1827,Yes
160000,Female,1,2,27,0,0,-2,-1,-1,-1,13234,0,6000,15866,4168,2067,0,6000,15866,4168,2067,11826,No
330000,Female,1,2,26,0,0,0,0,0,0,58667,38323,32726,43579,28908,20777,2213,5000,20000,1000,672,1200,No
60000,Female,2,1,42,2,2,0,0,0,0,57598,50821,19638,18919,16853,29682,0,2000,2000,1000,20000,10000,Yes
10000,Female,3,2,42,0,0,-1,-1,-1,-1,4908,5665,381,390,0,780,1275,381,399,0,780,0,No
70000,Male,2,1,41,1,2,2,2,0,0,34779,35921,36536,35651,36427,37169,2000,1500,0,1500,1500,3000,No
150000,Female,1,1,31,-2,-2,-2,-2,-2,-2,2977,1408,0,0,0,0,1408,0,0,0,0,4400,Yes
250000,Female,2,2,33,0,0,0,0,0,0,255223,47070,48130,49625,51500,0,1600,1650,2100,3000,0,94825,Yes
130000,Female,3,1,33,0,0,0,0,0,0,122199,125283,120957,41771,42648,43495,5100,3085,1493,1548,1556,1700,No
130000,Male,1,2,27,0,0,0,0,0,0,84664,72079,24934,17810,11705,10007,2039,2007,1000,1000,600,2000,No
100000,Female,2,1,36,-2,-2,-2,-2,-2,-2,2205,0,1983,3543,0,0,0,1983,3543,0,0,2645,No
130000,Male,2,2,37,0,0,0,-2,-2,-2,131446,102650,0,0,0,0,5000,0,0,0,0,0,No
80000,Female,2,2,29,2,0,0,0,0,0,77416,75500,69313,67972,66800,68693,2661,2509,2500,3000,3000,3000,Yes
380000,Male,1,2,41,0,0,2,0,0,0,350341,357703,344460,347754,334891,340728,28400,0,12800,12500,12500,12000,No
20000,Female,2,2,23,0,0,0,0,0,0,17257,17417,14462,14750,15215,16209,1230,1239,527,702,1400,0,Yes
20000,Male,2,2,25,0,0,3,2,2,-1,15789,21698,21054,20355,19980,3470,6500,0,0,10000,25065,177,No
180000,Male,1,2,33,-1,-1,-1,-1,-1,-1,2217,0,8264,0,3278,0,0,8264,0,3278,0,4646,No
230000,Female,1,2,29,-2,-2,-2,-2,-2,-2,-5,-5,2969,3419,0,1841,0,2974,3425,0,1841,200,No
90000,Male,1,2,32,-1,-1,-1,-1,-1,2,6546,1485,25558,1443,1677,1480,1498,25572,1443,257,0,58,No
160000,Male,2,2,29,-1,-1,-1,-1,-1,-1,7002,6696,6062,4203,5780,12575,7229,6085,4230,5797,12589,6233,No
50000,Female,1,2,22,0,0,0,0,0,0,49459,49281,50071,10104,9208,10075,2300,2000,1000,500,1000,500,No
140000,Female,2,2,29,-2,-2,-2,-2,-2,-2,945,945,0,0,0,0,945,0,0,0,0,0,No
250000,Female,2,1,31,0,0,0,0,0,0,42441,43061,29385,27677,86250,65710,4000,3000,901,63000,2700,2000,No
120000,Female,2,2,24,-1,-1,-2,-1,-1,-1,100,0,0,618,9614,39133,0,0,618,9614,39133,1500,No
260000,Female,2,1,40,0,0,0,0,0,0,243196,258720,178102,77215,79331,81483,20008,7500,3000,3500,3605,3750,No
10000,Male,2,2,38,2,2,3,3,3,3,1050,1050,1050,1050,1050,1050,0,0,0,0,0,0,Yes
60000,Female,2,1,38,-2,-2,-2,-2,-2,-2,4764,30500,0,0,52829,41404,30500,0,0,52829,41404,22401,No
60000,Female,2,1,29,0,0,0,0,0,0,33147,54511,56167,28609,27660,27059,24511,6000,17000,1984,1100,1600,No
50000,Male,2,2,27,0,0,0,0,0,0,17771,18794,19062,19443,19849,20287,1311,1299,680,703,750,626,No
130000,Male,3,1,34,0,0,0,0,0,0,5444,5927,7106,7106,8106,9106,1321,1500,0,1000,1000,598,No
360000,Female,1,2,32,-2,-2,-2,-2,-2,-2,0,0,0,0,0,0,0,0,0,0,0,0,No
80000,Female,2,1,36,0,0,0,0,0,0,20366,21084,22411,23624,23964,25661,1352,1679,1892,870,2096,0,No
50000,Male,2,2,26,1,-2,-2,-2,-2,-2,0,0,0,0,0,0,0,0,0,0,0,0,No
290000,Female,1,1,33,1,2,-1,-1,-1,-1,7064,1875,1814,8537,25576,13475,0,1814,8537,25576,13475,6000,No
200000,Male,1,1,53,0,0,-2,-2,-1,-1,195050,0,0,0,1000,0,0,0,0,1000,0,0,No
20000,Male,2,2,27,0,0,0,0,0,-2,18290,20144,19106,19292,0,0,2458,1200,386,1000,0,0,No
130000,Female,1,2,26,1,2,2,2,2,2,22415,21146,23647,22984,24315,23155,0,3500,0,2000,0,2000,No
30000,Female,1,2,27,0,0,0,0,0,0,23447,24563,25650,26222,26800,27554,1500,1500,1000,1000,1200,4271,Yes
20000,Female,1,2,24,2,2,2,0,0,0,7919,8637,9339,10029,10615,11285,1000,1000,1000,900,1000,500,Yes
70000,Female,2,2,26,0,0,0,0,0,0,30139,8241,8398,8864,9301,10702,2000,2000,2000,2000,3000,1500,No
200000,Male,1,2,27,-1,-1,-1,-1,-1,-1,4890,3630,4882,10955,10435,1665,3630,4882,11034,10435,1665,3765,No
50000,Female,2,1,46,-1,-1,-1,-1,-1,-1,569,1436,3220,6592,5085,1050,1440,3224,6621,5396,1050,0,Yes
50000,Female,3,1,56,0,0,0,0,0,0,33197,34961,28913,29093,29306,29506,2407,2960,1029,1059,1073,1200,No
180000,Female,3,1,26,0,0,0,-2,-2,-2,32023,20233,0,0,0,0,10000,0,0,0,0,0,No
50000,Male,2,2,25,2,2,0,0,0,2,7180,6922,7849,8018,8884,8593,0,1200,300,1000,0,1000,Yes
120000,Female,1,2,28,-2,-2,-2,-2,-2,-2,-8,2046,0,409,872,1539,2054,0,409,872,1539,580,No
80000,Female,2,1,37,2,2,2,2,2,2,15234,16893,17834,17250,18470,18023,2200,1500,0,1500,0,1600,Yes
330000,Female,1,1,47,1,-2,-2,-2,-2,-1,2246,13990,20992,681,0,5180,13990,21060,681,0,5180,3820,No
40000,Male,3,1,43,0,0,0,0,0,0,41094,36554,37568,38314,39141,40231,1611,1625,1371,1444,1765,1283,Yes
80000,Male,3,1,48,0,0,0,0,0,0,71515,70287,61892,26779,25464,25993,3679,2305,924,1069,1100,1110,No
30000,Female,3,1,48,0,0,0,0,0,0,27947,27035,27876,26640,25896,25481,2000,1800,1500,1500,1500,1500,No
160000,Male,2,1,28,0,0,2,2,0,0,62312,66965,67648,66020,67386,68336,5856,2311,0,2377,2000,1881,No
80000,Female,1,2,22,-1,-1,0,0,-2,-2,10439,11501,12113,-33,2748,90,11501,1000,33,2871,90,0,No
400000,Male,2,1,34,0,0,0,0,0,2,52271,56788,60049,60876,65178,45933,6000,5000,1902,5000,0,5000,No
220000,Male,2,1,60,-1,-1,-1,-1,-1,-1,1994,1598,6944,7161,1534,11248,1606,6978,7196,1541,11304,483,Yes
40000,Female,2,1,25,0,0,2,2,2,2,21590,24326,23642,25936,25384,26905,3400,0,3000,0,2100,0,Yes
280000,Female,2,2,27,-1,0,0,0,2,0,82742,153791,85601,108984,105275,117635,10077,27785,30000,23,20000,3406,No
50000,Female,1,2,25,0,0,0,-2,-2,-2,50380,38712,0,0,0,0,4000,0,0,0,0,0,No
180000,Female,1,1,44,1,-1,-1,-1,-1,-1,2788,5646,13647,30848,15520,558,5646,13901,30848,15520,558,26733,No
200000,Female,1,2,26,0,0,0,0,0,0,18630,15996,16304,14973,20542,15810,1502,1200,300,7000,8000,4000,No
390000,Female,1,2,33,0,0,0,0,0,0,85538,79875,82853,82747,44143,38488,3500,4502,3518,2003,3001,3000,No
400000,Female,1,2,29,-1,0,0,0,0,0,5154,6016,7056,7310,9943,12849,1060,1100,310,3000,3000,6100,No
120000,Female,3,2,37,-1,-1,-1,-1,-1,-1,776,1616,776,776,776,776,1616,776,776,776,776,776,Yes
200000,Male,1,2,34,1,-2,-2,-2,-2,-2,-800,-2685,-6144,-7905,-10213,-11060,0,0,0,0,0,0,No
280000,Male,2,1,33,0,0,0,0,0,0,207982,196055,182099,185925,188224,186529,8644,6445,15934,7016,6753,6008,No
230000,Female,1,2,27,0,0,0,0,0,0,105217,107857,110177,60137,62035,64034,4326,4533,2337,3035,3034,3101,No
280000,Female,1,1,36,-1,-1,-1,-1,-1,-1,21251,33746,8689,41652,9031,14106,33840,8689,41652,9031,14106,6680,No
130000,Male,3,2,28,0,0,0,0,0,0,132258,133781,133834,132336,132614,132208,6900,7000,7000,6000,5500,6000,No
160000,Female,2,1,35,-1,-1,-1,-1,-1,-1,776,1172,380,776,1172,380,1172,380,776,1172,380,776,Yes
120000,Male,3,1,47,-1,-1,-1,-1,-1,-1,1051,671,291,1051,291,671,671,291,1051,291,671,1051,No
300000,Female,3,1,31,-1,-1,-1,-1,-1,-1,331,331,331,331,-1,199,332,332,332,0,200,0,No
20000,Female,1,2,31,-2,-2,-2,-2,-2,-2,264,264,2227,1357,1357,4500,264,2227,1357,1357,4500,1357,No
450000,Male,1,2,31,-1,-1,-1,-1,-1,-1,10350,3629,3271,6271,2135,2546,3629,3271,6271,2135,2546,4877,Yes
250000,Male,2,1,30,-2,-2,-2,-2,-2,-2,2419,28965,44179,37145,46733,46963,29062,44385,40682,46873,47104,52448,No
100000,Female,2,1,58,0,0,0,0,0,0,101249,101476,94893,101301,101451,99319,3642,4230,10000,3582,5000,4133,No
150000,Female,2,2,27,0,0,0,0,0,0,23165,24515,25592,24949,26846,26908,1723,1800,1100,2300,1000,1300,No
500000,Female,1,2,46,-2,-1,-1,-1,-1,-1,33332,163500,60560,104734,41018,6258,163500,70160,104734,41018,6258,70356,No
20000,Male,2,2,36,-1,-1,-1,0,0,0,3152,0,4956,10148,6979,8353,0,4956,200,2000,1500,500,No
50000,Male,2,2,53,0,0,0,0,0,0,18922,19486,19917,20017,20146,20221,1329,1310,680,705,728,690,No
100000,Male,2,2,39,0,0,0,0,0,0,121895,107315,115214,83649,59993,62813,4500,10000,11000,3000,4000,3000,Yes
200000,Female,2,2,27,2,2,0,0,0,0,186806,166153,157633,145423,146202,144685,0,6908,5200,5400,5700,9101,No
150000,Female,2,2,37,0,0,0,0,0,0,86037,84679,82490,78890,75240,75639,5000,5000,4000,3500,3000,4000,No
160000,Male,1,1,40,1,-1,-1,-1,-1,-1,0,567,4027,3100,2123,4899,567,4059,3100,2123,4899,3165,No
180000,Female,2,1,44,-1,-1,-1,-1,-1,-1,816,803,2599,0,2311,2194,803,2800,0,2311,2542,236,No
270000,Female,1,1,32,-1,-1,-1,0,0,-1,23351,30960,180473,58839,21334,19080,30972,180519,1177,0,19080,133504,No
180000,Female,1,2,41,0,0,-1,0,-1,-1,37353,24797,5549,22349,2974,0,1012,5549,17000,3322,0,2633,No
120000,Male,1,1,54,-1,-1,-1,-1,0,-1,390,390,390,1878,390,930,390,390,1878,0,930,0,Yes
110000,Female,1,2,29,0,0,0,0,0,0,48088,45980,44231,32489,26354,20221,2000,2010,3000,3000,3000,1000,No
50000,Female,3,1,61,0,0,-2,-2,-1,0,42200,0,0,0,15883,16617,0,0,0,15883,1000,792,No
200000,Female,3,2,30,0,0,0,0,0,0,185723,166726,160181,161469,104232,151726,8009,6402,6715,4625,50086,5458,No
70000,Female,3,1,23,2,-1,-1,-1,-1,-1,254,2746,1885,2216,1348,29873,6840,1885,2216,1348,29873,1000,No
360000,Female,2,2,30,0,0,-2,-1,0,0,23900,0,0,150,205150,0,0,0,150,205000,0,0,No
260000,Female,2,1,35,0,0,0,0,0,0,425349,435873,445129,452162,258010,221780,14347,15000,12406,9279,6078,0,Yes
50000,Male,3,1,32,0,0,0,0,0,0,40992,35215,29156,18891,19443,19478,2026,2021,1000,1001,1000,707,No
380000,Female,2,1,39,-1,-1,0,0,0,0,19261,81961,61189,38875,17876,13313,81975,1480,3000,1000,3000,10024,No
50000,Male,2,2,24,-1,-1,-2,-2,-2,-2,402,-2760,-3650,-3650,-3650,-3650,0,0,0,0,0,0,No
20000,Male,3,1,38,0,0,-1,-1,-1,-1,19805,19900,390,390,0,780,1000,390,390,0,780,0,Yes
270000,Male,6,2,32,-2,-2,-2,-2,-2,-2,24089,51408,27067,40359,51264,34874,52398,27787,40569,53500,35051,120391,No
460000,Male,1,2,32,0,0,0,0,0,0,386437,393742,392625,368365,377858,362132,15000,15000,15000,15000,15000,20000,No
60000,Male,3,2,24,0,0,0,0,2,0,58819,59810,56566,30627,30203,28648,3000,1768,3954,1000,1500,1200,No
200000,Female,1,1,35,-1,-1,-1,-1,-1,-1,25663,14224,17560,3300,1920,2731,14224,17560,3300,1920,2731,0,No
50000,Female,2,2,37,1,2,2,2,2,2,14008,13493,17259,16684,18017,17581,0,4000,0,1600,0,3000,Yes
20000,Female,1,2,22,0,0,0,0,0,0,19760,18570,17604,11973,9517,6799,1376,1383,1000,455,1500,2200,No
290000,Female,2,1,40,0,0,0,0,0,0,274558,256910,229566,148812,53157,47998,10700,11014,5800,1820,2000,2000,Yes
110000,Female,2,2,36,0,0,0,0,0,0,116486,105604,96945,74171,70012,62256,4353,3294,5000,8300,5000,5000,No
70000,Female,2,1,31,0,0,0,0,0,0,60058,49647,43968,41127,39137,28712,1834,1608,1559,1630,1300,1000,No
200000,Female,1,2,39,-2,-2,-2,-2,-1,-1,0,0,0,0,2330,0,0,0,0,2330,0,0,Yes
80000,Female,2,2,40,0,0,0,0,0,0,78717,75873,68602,54617,55987,53895,3300,3300,2000,2200,2100,1900,No
210000,Male,1,2,48,-2,-2,-2,-2,-2,-2,0,570,0,0,0,0,570,0,0,0,0,0,No
180000,Female,3,1,39,2,0,0,-2,-2,-2,172488,72050,0,0,0,0,3450,0,0,0,0,0,Yes
50000,Male,2,3,53,0,0,0,0,0,0,34664,17242,18417,18877,18985,18184,1500,1500,1000,800,2000,1000,No
30000,Male,2,2,26,1,3,2,2,0,0,31305,30527,30789,29504,30276,29695,0,1060,0,1251,1078,1243,Yes
150000,Male,1,2,30,-1,-1,-1,-1,-1,-1,6708,1098,1908,1589,9918,-16586,1098,2000,1589,9918,1157,0,No
150000,Male,1,2,28,-1,2,2,-2,-2,-2,1111,820,-311,-602,-893,-1184,0,0,0,0,0,0,Yes
260000,Male,1,1,43,1,-1,-1,-1,-1,-2,0,2000,1620,8010,0,0,2000,1620,8080,0,0,0,No
310000,Female,1,2,30,0,0,0,0,0,0,304329,292848,279138,252703,248895,244026,14027,16800,11600,11000,10000,30000,No
150000,Female,1,2,33,0,0,0,0,0,0,96066,98277,88202,48179,49426,50534,4400,4000,2000,2000,1900,1700,No
200000,Female,1,2,27,-1,-1,-1,-1,-1,-1,16093,11163,11657,9423,9726,11070,11197,11657,9423,9726,11070,7976,No
150000,Male,3,2,45,0,0,0,0,0,0,99247,101194,81194,70590,72040,73423,4268,2725,2505,3000,3000,3000,No
540000,Female,1,2,34,-1,-1,-1,-1,-1,-1,1784,892,946,946,946,946,892,1000,946,946,946,946,No
280000,Male,2,2,30,0,0,0,0,0,0,204773,188704,185257,188344,179764,167051,8038,6000,5083,5000,5036,5000,No
230000,Male,2,2,32,0,0,0,0,0,0,49619,43435,41719,38072,33802,30435,2072,1689,1046,1025,928,277,No
50000,Male,1,1,39,0,0,2,3,2,2,33849,36798,37890,37131,38381,39585,3817,2000,150,2000,2000,1600,No
20000,Female,2,2,24,1,-2,-2,-2,-1,-1,0,0,0,0,222,6345,0,0,0,222,6345,2000,No
10000,Male,2,2,35,1,6,5,4,3,2,8257,8001,7741,7481,7075,6815,0,0,0,0,0,700,Yes
500000,Male,1,1,46,0,0,0,0,0,0,407331,403816,386053,389008,392650,391336,15043,14000,14003,14011,15003,14009,No
50000,Female,2,2,24,0,0,0,0,0,0,49819,50135,32101,17401,19820,17399,1672,1246,574,3000,649,285,No
50000,Female,2,2,23,0,0,-1,2,0,0,21998,15299,32514,26479,27396,27789,2063,33730,0,1500,1000,1019,No
280000,Female,1,2,29,-2,-2,-2,-2,-2,-2,0,0,320,2139,0,0,0,320,2139,0,0,0,No
50000,Male,2,1,46,0,0,0,-1,0,0,3656,4400,0,1704,3715,-105,1000,0,1704,2011,0,1649,No
40000,Female,2,1,23,2,2,2,2,2,2,33895,33068,35704,36173,36796,37288,0,3200,1500,1500,1400,1500,Yes
100000,Female,2,1,31,0,0,-1,-1,0,-1,92265,93873,1473,2946,1473,540,5000,1473,2946,0,540,780,No
50000,Female,1,2,26,0,0,0,0,0,0,41003,42032,42699,43617,44509,45420,1733,1400,1300,1271,1300,4500,No
130000,Female,3,2,32,0,0,0,0,0,2,119312,116259,103438,49319,91191,82168,20021,40354,20000,43608,103,10000,No
30000,Female,2,2,22,0,0,0,0,0,0,27358,28612,29183,28983,13100,0,2000,1500,0,500,0,0,No
140000,Male,2,1,34,-1,-1,-1,-1,-1,-1,430,430,702,430,430,430,430,702,430,430,430,860,Yes
210000,Female,2,1,32,-1,0,0,0,2,0,164015,155235,151267,149478,145041,107495,9320,4894,3301,3,4994,116880,No
50000,Male,2,1,38,0,0,0,0,0,0,48797,47153,43238,17253,16307,16651,1864,1811,594,587,1000,1000,No
310000,Male,2,1,29,0,0,0,0,0,0,31132,45718,62992,62473,69837,69898,20000,20000,2500,11056,3000,4377,No
300000,Female,1,1,31,-2,-2,-1,0,0,0,0,1110,12192,7639,1722,4064,1110,12192,300,191,4064,390,No
30000,Female,2,2,47,2,2,2,2,2,2,16039,17080,17302,17521,17893,18252,1600,800,800,800,800,0,Yes
90000,Female,3,1,40,0,0,0,0,0,0,89928,81721,76947,46589,47730,49488,3416,4142,1700,1888,2710,1500,No
150000,Female,2,1,34,2,2,2,0,0,0,39465,42829,41845,42844,43999,45110,4000,0,2000,2000,2000,2000,Yes
90000,Male,1,2,25,0,0,0,0,0,0,32755,31325,28034,29753,30601,33083,2000,3000,2000,3000,3000,1000,No
80000,Female,3,2,65,0,0,0,0,0,0,84985,84247,81619,30095,20639,7849,4000,2048,1300,1700,401,180,No
100000,Female,1,2,28,-1,-1,-1,-1,-1,-1,555,712,712,712,862,712,712,712,712,862,712,1840,Yes
10000,Male,2,2,33,-2,-2,-2,-2,-2,-2,0,0,0,0,0,0,0,0,0,0,0,0,No
210000,Male,1,2,31,0,0,0,0,0,0,161159,165071,173443,179686,197458,138218,8000,13000,10000,20000,7000,7000,No
90000,Female,2,1,32,1,2,2,2,2,2,85997,83779,88577,86365,91105,89347,0,7200,0,6200,24,3300,No
210000,Female,3,2,36,1,-1,-1,-2,-1,-1,0,4866,0,0,5916,0,4866,0,0,5916,0,0,Yes
50000,Female,1,2,26,0,0,0,0,0,0,36806,38212,39141,35524,30842,17043,2000,2000,8156,30000,1644,1209,No
150000,Male,1,1,30,1,-1,2,-1,-1,-1,-819,35457,819,2145,17000,23698,36276,0,2145,17000,23698,411,No
80000,Female,1,2,30,1,-1,-1,-1,-2,-2,0,1313,880,0,0,0,1313,883,0,0,0,0,No
100000,Male,2,2,30,1,3,7,6,7,8,72652,90461,89011,96593,105083,103522,20000,0,10000,10000,0,0,Yes
160000,Male,1,1,41,0,0,0,-2,-1,0,53935,57997,-3,-3,2987,1993,5000,0,0,2990,6,2409,No
250000,Male,2,2,31,0,0,0,0,0,0,14451,15774,16780,16807,17158,17500,1504,1510,537,556,559,658,No
260000,Male,2,2,32,0,0,0,0,0,0,106093,95060,90948,84986,84491,72248,4410,6500,9500,10000,9000,8000,No
50000,Female,2,1,44,-2,-2,-2,-2,-2,-2,1473,390,390,390,390,0,390,390,390,390,0,780,No
30000,Female,2,2,22,0,0,0,0,0,0,27388,29016,26941,27491,6726,0,2075,1000,550,135,0,0,No
110000,Female,2,2,42,1,2,0,0,0,0,57046,51005,48572,49299,47126,48215,0,2100,2500,2000,2250,1200,No
500000,Male,1,1,39,-1,-1,-1,-1,-1,-1,6057,9418,7667,6222,9435,7235,9418,7667,6222,9435,7235,8840,No
310000,Female,1,2,32,0,0,0,0,0,0,35064,38195,39233,39577,42996,46319,4000,2000,2000,4000,4000,4000,No
340000,Female,1,1,36,0,0,0,0,0,0,185268,326074,276519,251815,218706,165666,160444,10143,7190,6283,5208,4177,No
290000,Female,1,2,29,-1,-1,-1,-1,-1,-1,578,7124,7620,0,4788,0,7129,7620,0,4788,0,7026,No
30000,Male,2,2,36,3,2,2,2,3,2,20424,19809,22478,24111,23447,24951,0,3000,2300,0,2500,0,No
80000,Female,1,2,29,0,0,0,0,0,0,26524,23224,23141,22160,21478,20441,1500,1700,1000,1000,1000,1500,No
360000,Male,1,1,38,-1,-1,-1,-1,-1,-1,780,0,390,390,390,390,0,390,390,390,390,390,Yes
170000,Female,1,2,31,-1,-1,-1,-1,-1,-1,1561,1239,7315,10730,1686,9445,1239,7352,10730,1686,9445,3444,No
100000,Male,2,1,42,0,0,0,0,2,0,56256,57685,58156,61103,59358,60060,3000,2688,5163,0,2358,2472,No
450000,Male,2,2,37,0,0,-1,-1,0,0,457627,38692,4549,16885,6440,7440,1000,4549,16885,129,1000,0,No
260000,Female,1,2,33,-2,-1,-1,-1,0,0,0,204,-810,2190,810,0,204,0,3000,0,0,0,No
240000,Female,1,2,29,0,0,0,-1,-1,-1,25700,28677,22081,3428,67,1832,5009,2000,5000,0,3332,0,No
110000,Female,2,2,28,0,0,0,-2,-2,-2,5660,1150,0,0,0,0,2000,0,0,0,0,0,No
240000,Female,2,2,26,0,0,0,0,0,0,184501,177846,167934,169133,175175,146093,7627,6003,5504,10158,6000,6012,No
220000,Female,2,2,35,0,0,0,0,0,0,34819,30937,30348,23459,23200,21281,2006,2022,1002,1007,1000,1008,No
20000,Male,2,1,33,0,0,0,-2,-2,-2,2508,3448,-202,-202,950,0,1000,202,0,1152,0,1000,No
100000,Female,1,1,51,1,-2,-2,-1,2,2,0,0,0,300,150,780,0,0,300,0,630,0,Yes
300000,Male,1,2,32,-2,-2,-2,-2,-2,-2,264,264,264,264,414,264,264,264,264,414,264,264,No
360000,Female,1,2,30,0,0,0,0,0,0,139762,143515,147037,146117,145884,147645,6000,6000,4818,5000,5000,4500,No
220000,Male,1,2,28,0,0,0,0,0,0,221268,219545,216317,181012,181435,183283,8700,8500,6300,6700,7200,5300,Yes
470000,Female,2,2,26,0,0,0,0,0,0,169699,170309,167876,170610,173643,178083,6200,7000,5716,5982,7000,5500,No
70000,Female,2,2,22,0,0,0,0,0,0,65793,26665,22630,14573,15127,12596,2000,1400,291,1500,5000,2000,No
120000,Female,1,2,26,0,0,0,0,0,0,10172,12400,14256,16859,17477,21588,3000,3000,4000,4000,5000,5000,No
50000,Male,2,2,35,0,0,0,0,0,0,18510,19418,21097,21759,22421,23061,1500,2000,1000,1000,1000,1203,No
470000,Male,2,1,49,0,0,0,0,0,0,169260,161760,154424,147137,138240,125866,6600,6170,5100,4726,4555,4375,No
130000,Male,2,1,49,0,0,0,0,-1,-1,24008,21231,14323,7722,4689,-3614,3000,5000,2822,5000,0,6500,No
20000,Female,1,2,24,-1,-1,-1,2,2,2,390,707,1320,930,780,240,1097,1003,0,240,0,780,Yes
260000,Female,1,2,36,-2,-2,-2,-2,-1,-1,1891,2438,2280,746,1989,1668,2637,2280,746,1989,1668,2605,No
20000,Male,1,1,39,-1,-1,-1,-1,-1,-1,628,662,596,630,664,598,700,600,700,700,600,1400,No
300000,Female,1,2,28,2,-1,-1,0,0,-2,1314,168,1080,1080,0,0,170,1080,0,0,0,2500,Yes
460000,Female,2,2,35,0,0,0,0,0,0,449790,450047,453770,396600,392879,398478,17610,17500,13810,14100,14520,15000,No
20000,Female,1,2,24,1,-1,-1,-1,2,2,0,20087,2110,300,150,650,20087,2200,600,0,500,0,Yes
360000,Female,2,2,27,0,0,0,0,0,0,238971,245515,248969,253896,259403,264352,10381,9036,9066,9576,9426,9435,Yes
290000,Male,1,1,40,0,0,0,0,0,0,98441,95169,93718,89712,82809,76334,4000,4250,5000,3241,3500,7000,No
90000,Male,1,1,30,0,0,0,0,0,0,38921,45577,46496,40244,39903,8629,12000,5000,3000,10000,1000,1838,No
360000,Male,3,1,53,-2,-2,-2,-2,-2,-2,0,0,0,0,0,0,0,0,0,0,0,0,No
220000,Male,2,2,30,0,0,0,0,0,0,217800,189016,137788,106713,96588,22743,7261,5170,4054,4500,1225,110000,No
220000,Male,1,2,34,2,2,0,0,0,2,203101,185384,149839,142404,120918,87005,311,38024,8105,10117,37,5264,Yes
10000,Female,1,2,27,-1,-1,-2,-2,-2,-2,499,0,0,0,0,0,0,0,0,0,0,0,Yes
320000,Female,2,2,31,0,0,0,0,0,0,104850,101705,93489,95033,96941,108463,3600,4277,4000,3600,13203,4500,No
320000,Male,1,1,33,0,0,0,0,0,0,325445,202853,57051,161651,182265,0,10000,15000,105000,55000,0,0,No
90000,Male,2,2,39,0,0,0,0,-1,0,50477,22472,20148,4708,5000,5028,3000,5000,500,5000,500,500,No
180000,Male,1,1,50,0,0,0,0,0,0,66114,69436,72560,76169,77988,69293,5000,5000,5000,3000,5000,5000,No
100000,Male,1,1,36,0,0,0,0,0,0,23070,18806,20183,21540,25775,0,1700,2000,2000,5000,0,0,No
340000,Male,2,1,41,0,0,0,0,0,0,331003,332829,274467,275341,280913,270448,15110,11019,9502,9579,9026,8719,No
50000,Male,1,2,22,0,0,2,0,0,0,47726,51161,48310,50332,47492,50782,5500,0,3000,3000,5000,0,Yes
240000,Female,2,1,41,-1,0,-1,-1,-1,-1,20272,11294,16873,1143,4317,14940,1000,16906,1143,4317,14940,0,No
10000,Male,2,2,41,1,2,2,2,2,2,8722,9592,9289,10140,10417,10104,1157,0,1008,584,0,198,No
220000,Female,1,1,42,2,2,2,2,2,2,2500,2500,2500,2500,2500,2500,0,0,0,0,0,0,Yes
100000,Female,2,2,37,0,0,0,0,0,0,107669,107529,73323,51125,46879,45538,3536,2821,3963,3147,2670,725,No
220000,Female,1,1,31,-2,-2,-2,-2,-2,-2,3785,1137,377,5763,3952,412,1142,377,5763,3952,412,1294,No
70000,Female,3,1,57,0,0,0,0,0,0,67864,65062,66447,49103,45830,46769,2620,2730,1936,1700,1700,2000,No
30000,Female,2,2,37,3,2,2,0,0,0,29657,30320,28991,29066,29340,30786,1763,0,1178,1223,2435,1200,Yes
130000,Female,3,2,53,-1,-1,-1,-1,-1,-1,11085,45677,27951,17255,10400,18776,45697,27951,17307,10400,18776,2944,No
140000,Female,2,1,25,0,0,0,0,0,0,81960,81757,83046,84034,77659,77180,3005,3000,3000,3000,3000,5000,No
20000,Male,2,2,32,0,0,-1,0,0,0,4485,4843,15992,14897,12792,10042,1000,16000,600,1000,500,0,No
150000,Female,1,1,38,1,-2,-2,-2,-2,-2,0,0,0,0,0,0,0,0,0,0,0,0,Yes
50000,Female,2,2,26,0,0,-2,-2,-2,-2,4136,0,0,0,0,0,0,0,0,0,0,0,No
90000,Male,2,1,29,1,1,1,0,0,0,41073,43480,73960,2442,48063,48186,3100,1000,770,48012,1756,1894,No
170000,Female,3,1,37,0,0,0,0,0,0,158920,164353,167455,99297,59888,44262,8000,7000,5000,5000,5000,20000,No
70000,Male,1,2,30,2,2,0,0,0,0,34985,34146,35271,35986,36905,37641,0,2000,1300,1500,1500,1576,Yes
200000,Female,1,2,43,-2,-2,-2,-2,-2,-2,830,-6,-6,657,2088,150,0,0,663,2088,150,594,No
200000,Male,1,1,42,0,-1,0,0,-1,-1,19318,19067,17858,326,326,326,19067,5000,0,326,326,326,No
20000,Male,2,1,40,1,2,0,0,0,0,20498,19692,20498,19898,19906,18586,0,1600,0,398,0,0,Yes
200000,Male,2,1,41,0,0,0,0,0,0,96910,92934,99528,100341,102585,108567,10000,7004,5000,5003,7345,7000,No
170000,Male,2,2,26,-2,-2,-2,-2,-2,-2,0,0,0,0,0,0,0,0,0,0,0,0,No
130000,Male,1,2,25,1,-2,-2,-2,-2,-2,-2000,-2000,-2000,-2000,-2000,-2000,0,0,0,0,0,0,Yes
100000,Female,1,2,27,0,0,0,0,2,0,90118,88435,90147,94425,92853,93816,4110,4101,6623,0,3503,3360,No
180000,Male,2,2,31,0,0,0,2,0,0,28566,32876,39120,38339,42679,46953,5000,7000,0,5000,5000,5000,No
230000,Female,3,2,26,-2,-1,0,0,0,0,1200,990,9079,11186,10159,11734,990,8089,2186,1159,1734,1200,No
20000,Male,3,2,50,-1,-1,-1,-1,-1,0,2191,1140,12656,1693,303,12303,1140,12656,1700,500,12000,0,No
500000,Female,1,1,35,0,0,0,0,0,0,35176,36193,44157,48322,21593,13866,2504,10004,5178,1047,2019,1004,Yes
150000,Female,1,1,38,1,-2,-2,-2,-2,-2,0,0,0,0,0,0,0,0,0,0,0,0,Yes
80000,Female,3,2,40,3,2,2,2,2,2,38503,40118,41199,42264,43083,43471,2500,2000,2000,1600,1200,2000,Yes
230000,Male,2,1,29,0,0,0,0,0,0,56171,60250,63574,71941,75882,75619,5000,5000,10000,5000,5000,5000,No
230000,Female,2,2,24,0,0,0,0,0,0,24973,24974,25566,23427,28229,31355,5000,5000,2100,5229,3355,4598,No
50000,Female,2,2,49,2,0,-1,-1,-1,0,38947,37799,3,18080,12227,13296,2000,1000,19000,12500,2000,2000,Yes
50000,Male,2,2,35,0,0,0,0,0,0,48813,50789,49624,19880,20431,19559,5000,23000,838,1000,1000,1000,No
10000,Female,1,2,25,1,3,2,0,0,0,10438,10130,9738,9178,8398,0,0,0,0,0,0,0,No
140000,Male,2,2,34,2,2,2,2,2,2,135949,130625,117392,111478,109353,97612,8408,3500,3500,3600,0,3600,No
50000,Male,2,2,42,0,0,0,0,0,0,39236,39729,27068,28604,28199,58428,2094,1451,1987,1039,1500,1200,Yes
180000,Male,3,2,28,0,0,0,0,0,0,129719,133702,133758,80055,69672,33194,6070,3521,5000,5000,5004,5029,No
360000,Male,1,2,65,1,-2,-2,-2,-2,-2,0,0,0,0,0,0,0,0,0,0,0,0,Yes
580000,Male,3,1,67,2,2,3,3,4,6,453985,470915,471175,486776,503914,527711,25704,9464,25065,25703,33000,215,No
310000,Female,1,1,43,-2,-2,-2,-2,-2,-2,14619,1881,13750,9837,7785,14460,12484,13961,9838,7785,14460,14195,No
20000,Male,3,2,52,0,0,2,0,0,0,16735,20373,12071,12567,13949,14318,4008,0,1000,1600,600,532,No
180000,Female,1,2,43,-2,-1,-1,-1,0,-1,8657,6847,18762,22928,3129,2398,6847,18762,22928,0,2398,23149,No
60000,Female,1,2,24,0,0,0,0,0,0,15050,16203,16891,15474,14612,16354,2000,1300,2000,1000,2000,1000,No
40000,Female,3,1,59,0,0,0,0,0,2,14769,15271,15383,14548,16274,15650,1573,1512,504,2770,613,14,No
220000,Male,2,1,32,0,-1,-1,-1,-1,-1,8000,8288,8000,0,8000,0,8288,8000,0,8000,0,0,No
10000,Male,2,2,22,0,0,0,0,0,0,8602,8728,9721,9609,9503,9771,1158,1151,339,344,425,195,Yes
20000,Male,1,1,52,0,-1,-1,-1,0,-1,19965,390,390,780,780,10400,390,390,780,0,10400,0,No
50000,Female,1,2,23,-1,0,0,0,0,0,15036,15790,18202,18601,19138,18319,1300,2701,700,847,655,700,No
50000,Female,2,2,33,2,0,0,0,0,0,27752,28787,29800,30393,31031,33020,1487,1500,1081,1121,2500,0,Yes
320000,Female,2,2,35,0,0,0,0,0,0,98697,100572,103621,103720,100136,102167,3891,5240,3616,3770,4264,3345,No
20000,Male,2,2,34,-2,-2,-2,-2,-2,-2,2199,1530,750,2280,1500,780,1530,750,1140,3000,780,0,No
50000,Male,2,1,40,0,0,0,0,0,0,48219,48978,49257,19641,20053,19613,2037,2316,690,715,718,690,No
340000,Male,1,1,49,-1,-1,-1,-2,-1,2,1960,1052,6730,1346,3684,745,1228,7270,2000,4325,0,11271,No
360000,Female,2,1,32,1,-2,-2,-2,-2,-2,-301,-301,-301,-301,-301,-301,0,0,0,0,0,0,Yes
300000,Female,2,1,33,1,-2,-2,-2,-2,-2,0,0,0,0,0,0,0,0,0,0,0,0,No
40000,Female,2,2,26,0,0,0,0,2,2,31475,32663,33813,34952,36447,35515,2000,2000,2000,2500,0,1500,No
150000,Male,1,1,51,0,0,2,0,0,0,128968,138260,134573,136026,97517,47027,12900,0,5399,4224,1830,1889,No
20000,Female,2,2,40,2,2,0,0,0,3,18278,17696,19008,19083,21871,21236,0,1612,687,3100,0,0,Yes
30000,Female,3,1,35,1,-2,-1,0,0,-1,-5,-5,2605,893,895,2328,0,2610,18,2,2333,1,No
80000,Female,2,1,27,-2,-2,-2,-2,-2,-2,390,0,780,0,0,0,390,780,0,0,0,0,No
390000,Female,3,1,38,-2,-2,-2,-2,-1,-1,241,0,0,0,739,0,0,0,0,739,0,0,Yes
20000,Female,2,2,22,1,2,2,2,2,2,5613,5377,6920,6911,6655,7191,0,1638,251,0,647,0,Yes
200000,Male,2,1,42,0,0,0,0,0,0,68670,69702,70015,72073,71690,73661,4000,4000,5000,2563,5000,5000,Yes
80000,Female,3,1,35,0,0,0,0,0,0,49544,50418,51810,28964,13059,13488,1970,2355,1500,1000,646,2000,No
50000,Female,2,1,36,2,0,0,0,0,0,50922,50367,41627,42297,43031,45837,1715,1991,1661,1566,3526,0,Yes
230000,Female,2,1,38,0,0,0,0,0,0,10906,9692,9162,10466,9426,8099,1364,1393,2003,1000,1000,500,No
190000,Female,2,2,31,0,0,0,0,0,0,147586,155228,160588,162241,165794,168951,10000,7891,5743,6102,6000,6307,No
260000,Male,3,1,36,-1,0,0,0,0,0,154462,153799,77156,73658,70273,67100,7425,2795,2779,2947,3400,5000,No
100000,Female,1,1,39,-1,-1,-1,-1,-1,-1,29449,55139,34181,12592,71340,32453,55139,34181,12592,71340,32453,37035,No
140000,Male,2,2,41,0,0,0,0,0,0,132758,83498,84837,85663,79852,81090,4002,3900,3000,2892,3059,3003,No
20000,Female,2,1,42,2,0,0,0,0,0,12426,13143,14152,14435,14802,15256,1225,1234,517,600,700,710,Yes
80000,Male,2,2,30,0,0,0,0,0,0,69392,64149,53200,29707,28427,10072,3046,1874,2000,1000,1000,199,No
360000,Male,1,2,32,0,0,0,0,-1,-1,304907,309972,315730,113412,2500,0,12557,13738,5053,2500,0,0,No
70000,Male,2,2,31,0,0,0,0,2,0,46079,47232,48618,51134,50222,48874,2200,2500,3600,0,1754,1892,Yes
30000,Female,2,1,24,2,2,0,0,0,0,31214,28983,28301,31072,24147,4007,0,1400,3561,483,80,0,Yes
500000,Female,1,1,39,0,0,0,0,0,0,358020,360047,369045,382231,204593,211655,15000,15000,20000,10000,10000,10000,No
320000,Female,2,2,30,2,-1,-1,-1,-1,-1,416,416,416,416,1829,1833,416,416,416,1829,1833,2148,No
500000,Female,1,1,34,0,0,0,0,0,0,32715,60927,76088,110294,108964,103548,30007,30000,50000,5000,5000,30000,No
120000,Female,2,1,39,0,0,0,0,0,0,31611,32264,32786,33018,27114,26287,1562,1500,1059,988,922,826,No
250000,Female,1,2,32,0,0,0,0,0,0,26465,30762,32833,34055,34321,23166,5000,3000,2500,1000,3050,4000,No
10000,Female,2,2,22,-1,-1,-1,-1,0,-1,5208,654,9954,9719,6547,654,654,9954,9919,0,654,264,No
200000,Female,3,1,53,0,0,0,0,0,0,98426,91948,17042,10075,5107,7789,52306,1000,212,102,7786,4000,No
120000,Female,1,2,29,-1,-1,-1,-1,-1,-1,380,380,380,380,380,380,380,380,380,380,380,2880,No
230000,Male,2,1,38,-1,-1,-1,-1,-1,-1,326,326,326,326,326,326,326,326,326,326,326,326,No
330000,Female,1,1,36,1,-2,-2,-1,-1,-1,0,0,0,1983,0,207,0,0,1983,0,207,49974,No
50000,Female,2,2,28,0,0,0,0,0,0,28457,29491,30508,31599,32262,32904,1492,1509,1600,1170,1177,1217,Yes
130000,Male,2,2,32,0,0,-2,-2,-2,-2,27495,0,0,0,0,0,0,0,0,0,0,0,No
110000,Male,2,2,26,2,2,2,2,2,2,58112,56620,60732,61938,63097,64492,0,5700,2800,2300,2600,2300,Yes
30000,Female,3,2,40,-1,0,0,-1,2,2,2208,7808,0,196,46,5346,7006,0,196,0,5300,0,No
120000,Female,1,2,25,0,0,-1,0,0,-1,8676,10599,5814,4426,3038,5184,5000,5814,0,0,5184,7048,No
120000,Female,1,2,28,-2,-1,-1,-1,0,0,398,954,0,170,170,0,958,0,170,0,0,0,No
210000,Female,2,1,40,0,0,0,0,0,2,42820,44156,44864,45768,48204,49453,1856,1564,1468,3000,2000,2000,No
30000,Male,2,1,47,1,2,0,0,2,2,15148,14620,15322,16469,16063,17295,0,1253,1400,0,1500,0,No
50000,Male,3,2,27,2,2,2,2,2,2,54529,53143,53782,50982,51740,49062,1800,3900,300,3400,0,4000,No
140000,Female,2,2,42,-1,-1,-1,0,-1,-1,176,395,1204,700,748,-784,395,1204,0,748,0,2688,No
50000,Male,2,1,55,0,0,0,0,0,0,50528,50541,49345,20238,18646,19034,2100,1305,1201,663,684,652,No
130000,Male,3,1,46,1,2,0,0,0,0,26582,25956,25144,23235,13277,13895,100,2000,1000,700,1000,2000,Yes
80000,Female,2,2,30,1,2,0,0,0,0,6393,6148,7311,7303,7456,7605,0,1266,258,267,269,278,Yes
50000,Female,3,1,51,0,0,2,0,0,0,44766,48047,46640,40551,19398,0,4000,0,811,1000,0,0,No
100000,Male,1,1,35,1,2,2,2,2,0,17365,18102,17514,20207,19745,20263,1310,0,3000,0,1000,1000,No
220000,Male,2,1,48,-1,-1,-1,-1,-1,-1,61614,45669,11086,4564,6549,6413,45889,11134,4578,6593,6440,12249,No
260000,Female,2,1,28,-1,-1,-1,0,-1,-1,711,711,5514,1989,711,8503,711,5514,0,711,8503,3011,No
320000,Male,1,2,40,0,0,0,0,0,0,304702,307943,314201,319204,325758,319898,20000,12868,11721,12000,13000,11728,No
80000,Female,2,1,30,0,0,0,0,0,0,5123,7864,9701,8969,8529,8737,3000,2005,1013,1000,350,500,No
140000,Male,1,2,55,0,0,0,0,0,0,65640,66998,68201,68866,65781,66850,2800,3000,2500,2350,2400,2400,No
180000,Male,2,1,26,0,0,0,2,-1,-1,175539,138825,51686,2594,171716,181693,3826,7000,0,171716,13400,0,Yes
80000,Male,4,2,23,1,-1,-1,-1,0,0,-24,3032,3318,1278,2541,15452,3056,3324,1278,2003,15000,13004,No
80000,Male,1,2,33,0,0,0,0,0,0,75454,77738,77235,76835,34751,0,4100,2000,0,0,0,0,No
30000,Male,3,1,50,0,0,0,0,0,-1,28339,24232,15626,9330,4372,1419,1681,2000,0,0,1419,12000,Yes
120000,Female,2,1,26,-1,-1,-1,-1,-1,-1,13587,11433,7823,0,4913,7023,11433,7823,0,4913,7023,2176,No
20000,Male,2,1,29,2,2,2,0,0,0,8024,11718,11238,12735,14359,19076,4000,0,2000,2000,5000,0,No
50000,Male,2,2,40,0,0,0,0,-1,0,26566,14851,4013,2027,15090,14078,3000,1000,41,30525,477,688,No
260000,Male,1,2,37,0,0,0,0,0,0,112053,108596,100005,101759,100698,99222,5000,5000,5000,5000,5000,5000,No
180000,Female,1,2,27,-1,2,-1,-1,-1,2,980,980,376,0,2202,150,0,376,0,2202,0,819,No
20000,Male,3,1,49,-1,-1,-1,-1,-1,-1,390,678,0,780,0,378,678,0,780,0,378,0,No
150000,Male,2,1,55,1,2,2,0,0,0,76516,78505,76652,77688,79440,81126,3800,0,2800,3000,3000,3200,Yes
260000,Male,1,2,34,-1,-1,-1,-1,-1,-1,6776,3198,2123,11774,6166,3583,3222,2125,11892,6192,3601,3403,No
230000,Male,1,1,43,1,2,2,2,2,2,9462,9701,10277,13148,12834,13861,1000,1000,3000,0,1200,0,No
160000,Female,1,1,33,-1,-1,-1,-1,0,0,7429,7165,1849,4715,799,0,8000,2000,4755,0,0,0,No
50000,Female,2,1,42,1,-2,-2,-2,-2,-2,0,0,0,0,0,0,0,0,0,0,0,0,No
170000,Male,2,1,37,-1,-1,-1,-1,-2,-1,490,-10,4910,0,0,1000,0,4920,0,0,1000,1030,No
210000,Female,3,1,39,0,0,0,0,0,0,106028,107312,65968,67307,46511,47583,6000,5000,2697,2000,2012,1172,No
110000,Male,2,1,36,2,2,2,2,2,2,57135,55648,59518,57964,66995,65762,0,4803,0,10000,0,7195,Yes
80000,Female,2,1,39,0,0,-1,-1,-1,-1,44002,43156,22478,5011,4674,0,2300,22478,5011,4674,0,0,No
90000,Female,2,1,54,-1,-1,-1,-1,-1,-1,692,392,332,14579,2091,506,394,332,14579,2091,506,417,No
90000,Female,1,1,41,2,2,2,2,2,2,78700,80348,81630,82890,84709,86252,3500,3200,3200,3300,3100,3100,Yes
250000,Female,1,1,42,-1,-1,2,0,-1,2,744,2244,1372,686,1522,686,2186,0,0,1522,0,4389,No
270000,Male,2,2,31,1,2,2,2,2,0,16616,16911,14692,13907,10660,10683,2500,0,1000,0,2000,1000,No
20000,Male,3,2,23,0,0,0,0,0,0,10103,11139,12106,12349,11420,11641,1205,1172,415,404,400,400,No
80000,Female,5,2,34,1,2,-1,-1,-1,0,2898,1457,1261,1261,2522,1261,0,1261,1261,2522,0,780,No
20000,Male,1,2,23,2,2,0,0,0,0,15077,15534,16540,17267,17475,17838,1000,1273,1000,631,650,803,No
150000,Female,2,1,36,0,0,0,2,0,0,83853,87227,96253,93562,96510,63417,5000,11700,0,5000,2500,5000,No
80000,Female,3,1,37,1,2,2,0,0,0,99396,100495,97982,100261,102147,91829,3560,0,3912,3832,3508,2800,Yes
130000,Female,2,1,47,0,0,0,0,0,0,46096,37939,39138,40023,40536,41697,2167,2000,2000,1469,2000,2000,No
320000,Female,1,2,28,-1,0,-1,-1,-1,-1,18506,12237,913,5356,58545,7357,1062,1116,5384,58837,7393,5926,No
50000,Female,1,2,24,2,2,2,0,0,0,43379,46097,44187,43165,37967,36327,3628,8,1500,1490,1303,2000,Yes
260000,Female,2,1,34,0,0,0,0,0,0,135489,138509,138076,110044,111906,104073,5007,5003,5004,4052,4010,3835,No
140000,Female,1,2,35,2,2,2,2,2,2,56528,57973,58679,59379,60636,61656,2800,2100,2100,2200,2000,2400,No
10000,Female,3,1,53,1,4,3,2,2,2,4479,4272,4064,3856,4390,4171,0,0,0,900,0,900,Yes
180000,Male,1,2,30,0,0,0,0,0,0,139804,136528,57096,52694,50276,52945,7000,6000,3500,3500,3500,3900,No
250000,Male,1,1,71,0,0,0,0,0,0,177484,177946,159849,145461,141487,147705,6243,5446,4721,4385,7805,200,No
20000,Male,1,2,23,-1,2,2,2,2,2,15383,16142,15586,17322,16908,17564,1300,0,2000,0,1240,0,Yes
50000,Male,3,2,28,0,0,0,0,0,0,48963,50381,50287,20406,20206,19690,2500,1293,839,870,940,865,No
120000,Female,1,1,38,1,-2,-1,0,0,-2,0,0,4050,4050,0,0,0,4051,0,0,7,7,No
160000,Female,2,1,49,1,2,2,2,2,2,58943,60210,60755,59180,62835,61670,2800,2120,0,4611,0,2213,No
60000,Female,2,2,22,0,0,-1,-1,0,0,11718,4878,18347,15707,18976,6355,1000,37325,20800,3500,1232,113,No
320000,Male,2,1,41,1,-2,-2,-2,-2,-2,0,0,0,0,700,860,0,0,0,700,860,2420,Yes
50000,Female,2,1,43,0,0,0,0,0,0,35268,34807,31071,30258,29579,28396,1600,1400,1500,1200,1500,1200,No
50000,Male,2,2,33,0,0,0,0,0,0,48058,49348,41707,29358,29860,30461,2097,1456,1200,1100,1076,1200,Yes
70000,Female,2,1,44,2,2,2,2,2,2,12662,13661,13145,14123,13754,14724,1500,0,1200,0,1200,0,Yes
230000,Male,2,2,27,-1,-1,-1,-1,0,0,416,568,1427,14947,13255,8226,568,1427,14947,437,1000,900,Yes
20000,Male,3,2,43,-1,-1,2,0,0,0,390,1736,1170,780,780,0,1736,0,0,0,0,0,Yes
20000,Female,3,2,39,0,0,2,2,3,2,12241,16020,16457,20906,20289,20407,4000,1000,4750,0,600,0,No
360000,Male,2,2,42,0,-1,-1,-1,-1,-2,10000,10000,141,7054,-2946,-2946,10000,141,7054,1941,0,0,No
90000,Female,1,2,28,-2,-2,-1,0,0,0,-1886,-2086,34347,35042,46098,46658,0,36633,1328,11696,1350,1337,No
160000,Female,2,1,34,2,2,2,0,0,0,77290,72681,66526,66893,66637,67877,4500,2500,3000,3000,4000,2305,No
50000,Male,1,2,36,1,2,2,2,0,0,49845,51215,47074,18853,19405,19237,2505,2300,0,1000,800,1000,No
220000,Female,1,2,27,0,0,0,0,0,0,164855,168607,152765,152953,156065,145846,6102,7000,6500,5573,7000,8000,No
120000,Female,1,2,29,-1,-1,-1,0,-1,-1,3945,5795,10863,1601,1126,4802,5894,10863,0,1126,4802,9751,No
210000,Female,1,2,30,1,2,0,0,0,0,73903,72153,73634,75095,76886,78604,0,2674,2687,3000,3000,3000,No
100000,Female,2,1,31,2,2,0,0,0,2,17606,17040,19139,19325,20855,20372,0,2700,800,2000,0,1000,No
50000,Female,3,2,52,0,0,0,0,0,0,34781,34458,33311,18033,18740,19408,1725,1800,3000,1000,1000,657,Yes
340000,Female,1,2,26,-1,0,0,0,0,-1,58363,106270,159464,155685,137838,6556,56270,59503,3330,40,6556,16390,No
140000,Male,1,1,57,2,2,2,2,2,3,108660,105504,113177,113622,116396,115826,0,10970,3805,4747,1932,8337,Yes
50000,Male,2,2,42,0,0,0,0,0,0,47691,48738,48565,48301,50851,51153,3304,2300,2000,3500,3000,4000,No
90000,Female,1,2,27,0,0,0,0,0,0,56754,58835,59461,60974,62339,63648,3000,2200,2500,2500,2500,2600,No
160000,Male,2,1,66,2,2,2,2,2,2,67771,69535,70848,71739,73090,74490,3400,3000,2600,2600,2700,2800,Yes
250000,Male,2,2,27,0,0,0,0,0,0,34799,25831,24448,20492,18812,17663,2027,2000,1007,1031,2000,10000,No
300000,Female,2,1,36,0,0,0,0,0,0,141486,79474,80813,111116,13534,10379,6000,5000,30303,2011,856,1010,No
230000,Female,2,2,34,1,-2,-2,-2,-1,0,-2,-2,-2,-2,794,796,0,0,0,796,2,0,No
260000,Male,1,1,43,1,-2,-2,-1,0,0,0,0,0,14855,13650,0,0,0,15055,0,0,0,Yes
60000,Female,1,2,22,2,0,0,0,0,-1,58841,60970,58082,59882,19663,29343,3700,1400,2000,500,30000,1100,No
140000,Male,3,1,41,-1,-1,-1,0,-1,-1,2139,0,1686,1686,205,6689,0,1686,0,205,6689,0,No
70000,Female,3,3,49,2,0,0,0,0,0,92033,79841,80149,47735,48737,50225,3078,13489,7000,1771,2300,7600,Yes
20000,Male,3,1,41,2,0,0,0,0,0,18738,18986,20110,19584,16539,19466,1376,1500,593,2701,4261,941,Yes
20000,Female,2,1,27,3,2,0,0,2,3,4899,4675,5685,6490,6837,6435,0,1095,900,596,0,0,Yes
170000,Male,4,1,28,0,0,0,-1,-1,-1,171098,166176,169759,11760,0,4902,14000,5695,11760,0,4902,6000,No
150000,Female,3,0,55,-1,-1,-1,-1,-1,-1,1080,17493,9160,2939,3396,1870,17498,9160,2939,3396,1870,6800,No
50000,Male,2,2,26,0,0,2,0,0,0,13117,16887,16323,16752,17229,18931,4000,0,1000,900,2000,379,No
60000,Male,1,1,49,2,0,0,0,0,0,60289,57426,25820,25793,28224,28968,1580,1500,1100,3000,1200,1100,Yes
230000,Female,1,2,29,-1,-1,-1,-1,-1,-1,1960,11055,2269,9818,690,5369,11055,2269,9818,690,5369,4285,No
150000,Male,1,2,24,-1,-1,-1,-1,-1,-1,1050,3258,3664,1461,2348,3626,3258,3735,1461,2348,3626,3089,No
70000,Male,2,2,51,0,0,0,0,0,0,67880,66658,58486,29171,17725,17693,3028,3199,1267,642,651,1665,No
150000,Male,1,2,25,0,0,0,0,0,-1,52952,95134,31578,26089,16624,5107,60086,2000,2000,5000,6000,9000,No
110000,Female,1,2,29,2,2,2,2,2,2,95690,105101,105676,106506,103591,109276,11000,3800,4000,0,8800,0,Yes
290000,Female,1,2,25,0,0,0,0,0,0,305823,303701,296384,248801,241983,230925,15000,10500,10000,15000,7844,23333,Yes
310000,Female,2,2,42,0,0,0,0,0,0,128166,102808,94484,95087,80331,66813,3844,5000,5000,6000,6000,7000,No
80000,Female,2,1,38,0,0,0,0,0,0,74236,63120,53897,54292,55430,57011,2125,2000,2000,2010,2500,1336,No
230000,Female,2,1,62,0,0,0,0,0,0,167635,170085,172204,173045,176163,179625,6474,7726,5601,6100,6427,6000,No
360000,Male,1,1,52,0,0,0,0,0,0,236171,228951,220826,191655,162435,132093,8500,7800,6665,5670,4461,3100,No
320000,Male,1,1,48,-1,-1,-1,-1,-1,-2,25840,13260,13217,17967,-13,-13,13326,13289,18064,0,0,0,No
20000,Male,1,2,30,0,0,2,0,0,0,14406,20653,19995,19391,19120,19158,6500,84,7171,1000,1000,2000,No
360000,Female,2,2,35,-1,-1,-1,-1,-1,-1,61793,79467,26943,148307,71373,7406,79651,26943,148307,71373,7406,3021,No
360000,Female,2,1,38,1,-2,-2,-2,-2,-2,0,0,0,0,0,0,0,0,0,0,0,0,No
440000,Female,1,1,37,-1,-1,0,-1,-1,-1,10858,46104,21349,11569,-1401,1773,50004,20000,12000,0,3773,0,No
400000,Male,2,1,49,2,2,2,2,3,2,175904,179579,186539,196029,192680,195226,8000,11500,14100,4,6804,5,Yes
180000,Male,2,1,35,1,2,0,0,0,0,32082,31293,31570,33370,33370,0,0,1400,2200,0,0,0,No
200000,Female,1,2,29,0,0,0,0,0,0,9078,11612,12100,13900,15900,0,3000,1500,2000,2000,0,0,No
230000,Male,1,1,34,0,0,0,0,0,0,22954,11225,10669,13498,12482,9949,1700,1380,8000,1000,4000,1000,No
50000,Male,2,1,53,0,0,0,0,0,0,47824,48954,46716,18685,19076,19466,1948,1835,669,692,707,695,No
270000,Male,1,2,36,-2,-2,-2,-2,-2,-2,15986,16635,15913,14192,10559,7672,2008,1513,1019,515,302,3050,No
440000,Female,2,2,29,0,0,0,0,0,0,485921,234046,214092,201210,186455,169455,20000,7822,8000,6000,16000,4000,No
340000,Male,1,1,53,-1,-1,-1,-2,-2,-1,3780,3295,1461,1903,1492,4409,3295,1461,1903,1492,4409,3396,No
320000,Male,2,2,35,0,0,0,0,0,0,12233,16490,20011,17918,18627,19167,7000,4100,1000,1000,1000,1000,No
500000,Female,2,2,36,-1,-1,-1,0,0,0,339,0,28119,29698,32229,27912,0,28119,2000,3200,3000,785,No
30000,Female,2,1,33,-1,-1,-1,0,0,0,29568,3663,26539,28352,17596,7576,3701,27209,5024,523,1000,0,No
120000,Female,3,2,55,0,0,0,0,0,0,102735,80762,77846,77404,75056,75951,3000,3000,2655,2664,3000,3000,No
310000,Male,1,2,37,0,0,0,0,0,0,10513,11228,12222,12468,11809,12044,1193,1187,433,428,431,445,No
400000,Male,2,2,31,0,0,0,0,0,0,185677,189682,194509,199284,203502,195769,7000,8000,8000,7500,9000,5000,No
150000,Female,1,1,55,-1,-1,-1,-2,-2,-2,2070,7620,0,0,0,0,7620,0,0,0,0,0,No
50000,Male,1,1,42,0,0,0,-2,-2,-2,47454,30680,-220,-1000,-1000,0,3000,220,780,0,1000,0,No
270000,Male,2,1,27,0,0,0,0,0,0,21256,19819,19200,18527,18413,18010,1618,1569,631,652,637,541,No
30000,Female,3,1,39,0,0,0,0,-1,0,14517,3670,3280,2890,15839,13680,2500,2500,2500,15839,666,0,Yes
30000,Male,1,1,57,0,0,2,3,2,0,23978,26749,28085,27344,26768,27454,3478,2073,0,0,1129,1163,Yes
20000,Male,2,2,24,0,-1,-1,-1,-1,-1,10700,510,900,704,540,150,510,390,1094,2420,150,780,No
50000,Female,2,2,22,0,0,0,0,0,0,18471,19483,19431,19307,19361,19738,1329,1307,683,857,856,834,No
100000,Male,2,1,50,0,0,0,0,0,0,101430,87429,108011,104261,102451,99947,5001,64401,4000,4500,4200,3200,No
200000,Female,1,2,29,1,-2,-1,-1,-1,-1,0,0,3941,16405,-150,2327,0,3941,16405,0,2477,0,No
500000,Male,1,1,38,0,0,0,0,0,0,419487,389605,309466,246519,247263,251389,13000,20000,15000,9322,10000,10000,No
190000,Male,2,1,43,0,0,0,0,0,0,90580,72260,80337,84221,91805,100053,10000,10000,10000,9000,10000,22000,No
130000,Male,2,1,47,-1,-1,-1,-1,-1,-2,5837,21038,722,4399,0,0,21038,729,4399,0,0,5239,No
50000,Male,2,2,23,0,0,2,0,-1,-1,17792,20036,18664,18416,416,416,2956,0,368,416,416,416,No
10000,Male,3,2,22,0,0,0,0,0,0,9363,5062,6021,6763,7648,8367,1200,1200,1000,1000,1000,0,No
1000000,Female,1,1,47,0,0,0,-1,0,0,964511,983931,535020,891586,927171,961664,50784,50723,896040,50000,50000,50256,No
150000,Female,3,1,35,-1,-1,-1,-1,-1,-1,11500,4998,4996,4998,4998,49398,4998,4996,5000,4998,49398,4552,No
20000,Male,2,1,37,0,0,-1,-1,-2,-1,17219,14640,19400,0,0,17666,2000,19400,0,0,17666,0,Yes
140000,Female,1,2,30,2,-1,-1,-1,-1,-1,1070,4593,4705,1710,0,6096,4593,4705,1710,0,6096,0,Yes
210000,Female,1,1,45,-2,-2,-2,-2,-2,-2,-200,-200,-200,0,2000,0,0,0,200,2000,0,0,No
360000,Male,3,1,53,0,0,0,0,0,0,8669,8254,8988,6868,5604,6158,1303,1513,706,700,600,2000,No
30000,Male,2,1,33,0,0,0,0,0,0,15662,16601,21291,21939,22435,23160,1500,5000,1000,1000,1100,1000,No
140000,Female,2,1,37,0,0,0,0,0,0,127693,26633,28180,29702,31223,35683,2000,2000,2000,2000,5000,2000,No
20000,Female,1,2,21,0,0,0,0,0,-1,17471,14129,13937,9429,1393,2055,1400,3500,1567,162,2055,0,No
120000,Female,2,2,32,0,0,0,0,0,2,15602,16482,16743,17185,18281,17312,2000,1551,2000,1500,457,7000,Yes
80000,Male,1,1,45,1,-2,-1,-1,-1,-1,-50,-440,170,-220,390,0,0,1000,0,1000,0,780,No
50000,Female,2,1,41,0,0,0,0,0,0,21910,23251,24059,24658,25212,25642,2000,1500,1000,1100,1000,1000,No
360000,Female,1,2,27,1,-2,-1,-1,-1,-1,0,0,830,0,1271,179,0,830,0,1271,179,1970,No
500000,Male,1,2,30,0,0,0,0,0,0,416171,437749,460317,472621,484993,496915,30000,30000,20000,20000,20000,70152,No
10000,Male,2,2,21,0,0,0,0,0,0,7985,8677,9070,8880,9580,9000,1217,1000,200,700,200,0,No
210000,Male,2,2,25,0,0,-2,-1,0,0,13899,-9,-9,3231,125140,124880,0,0,3240,125009,5009,5013,No
300000,Female,1,2,36,-1,-1,-1,-2,-2,-2,10700,890,0,0,0,0,890,0,0,0,0,0,No
110000,Male,2,2,24,0,0,0,0,0,0,44737,39590,39457,39075,39307,39564,2103,2005,2006,3006,3010,2013,Yes
50000,Male,2,2,58,4,3,2,2,2,2,51996,51203,50071,8086,8263,9533,300,300,300,293,1400,400,Yes
340000,Female,1,1,41,-1,2,-1,-1,2,-1,6814,6167,24386,3570,3094,14645,0,24386,3570,0,14645,4534,Yes
50000,Female,2,1,32,-1,-1,-1,-2,-2,-2,819,699,0,0,0,0,699,0,0,0,0,0,Yes
110000,Male,3,2,63,1,2,0,0,0,0,49992,48918,49890,46884,47350,43169,0,2164,1730,1788,1538,1607,No
600000,Male,3,1,38,0,0,0,0,0,0,459600,372345,353121,337695,297541,256158,13713,13250,12854,11191,10029,10000,No
160000,Male,1,2,32,-1,-1,-1,-1,0,0,2507,798,-2,2319,1523,-2,800,0,2321,4,0,801,No
450000,Male,1,1,38,-1,-1,-1,-1,-1,-1,10591,7923,57139,15181,7247,13890,7964,57425,15257,7283,13959,11139,No
60000,Male,1,2,31,1,-1,0,0,0,0,0,1012,22760,17032,6808,8741,1012,22066,5032,1565,8500,5205,Yes
310000,Male,1,1,43,0,0,0,0,2,0,250708,256157,261550,285233,280905,272240,11000,11300,29841,69,9980,9546,Yes
60000,Female,2,2,29,0,0,0,0,0,0,53274,54093,53111,50568,47791,45421,2591,2109,1705,2010,2000,1523,No
170000,Female,2,1,38,-1,-1,-1,0,0,-2,521,5360,29271,26511,0,0,6439,29271,0,0,0,2730,No
190000,Female,1,1,50,1,-1,-1,-1,-1,-2,0,2329,15951,332,0,0,2329,15990,332,0,0,0,No
230000,Female,1,2,49,2,2,-1,-1,-1,-1,113,0,1100,0,2119,0,0,1100,0,2119,0,2916,Yes
80000,Female,1,2,25,-2,-2,-2,-1,-1,-1,1174,0,0,5526,3292,12792,0,0,5526,3292,12807,600,No
120000,Female,3,1,50,0,0,0,0,0,2,111564,112482,115046,80987,85921,84384,4200,4552,3100,6416,0,3228,No
20000,Male,2,2,30,1,2,2,2,0,0,17260,19099,19309,18703,18937,20724,2422,816,0,685,2100,0,No
140000,Female,2,1,26,0,0,0,0,0,-1,37283,24748,21854,21711,25999,902,7023,5080,10000,6000,902,18542,No
50000,Male,2,2,24,0,0,0,0,0,0,49076,48923,49158,19270,18776,19167,2063,1298,700,800,815,237,No
180000,Female,1,1,35,0,0,0,0,0,0,104335,108156,108874,111568,113817,116422,5500,4000,4500,4200,4500,4500,No
150000,Female,3,1,50,-1,-1,-1,-1,-1,-1,3644,875,2162,0,5085,2887,875,2162,0,5085,2887,0,No
300000,Female,1,2,35,0,0,0,0,0,0,294344,302638,300159,226705,229739,232942,15000,11311,7941,8412,9000,5258,No
380000,Female,1,1,45,-1,-1,-1,-1,-2,-1,202,35993,86617,-3450,-3450,3502,37791,86697,0,0,7102,159753,No
90000,Female,3,2,27,2,0,0,0,0,0,92290,90719,39902,39200,38531,32991,4183,1600,1280,1310,1432,1088,Yes
10000,Female,2,2,22,1,2,2,2,0,0,8925,8637,10277,9736,9704,9725,0,1800,0,500,600,500,No
90000,Female,3,2,28,2,0,0,0,2,0,63869,65212,66627,70652,69397,70842,2368,2500,5140,0,2600,3000,Yes
240000,Male,1,1,34,-1,-1,-1,-1,-1,0,228,23282,48595,37573,26296,15788,23295,49000,37573,26296,7000,46495,No
180000,Female,3,1,32,-1,-1,-1,-1,-1,0,396,712,712,712,1424,712,712,712,712,1424,0,5366,No
140000,Male,1,2,32,0,0,0,0,0,0,101458,99196,78458,76387,76344,67302,3997,3520,2500,2689,2494,2498,No
280000,Male,2,1,36,1,2,2,2,0,0,168708,172528,174328,170028,174281,185348,8000,6100,0,7000,14000,7000,Yes
120000,Female,1,2,30,-1,-1,-1,-1,-1,-1,711,878,1131,441,441,441,878,1131,441,441,441,455,Yes
550000,Female,2,1,32,0,0,0,0,0,0,546741,535509,548020,530672,155083,165975,22863,167622,14000,4300,158064,28840,Yes
170000,Female,2,2,30,0,0,0,0,0,2,90727,93345,93812,95613,95972,97230,5000,5000,5000,4400,3000,3600,No
50000,Female,2,1,36,2,2,2,0,0,2,2590,4836,4613,5378,5848,5606,2458,0,1000,557,0,2000,No
140000,Female,2,1,35,0,0,0,0,0,0,137692,134899,137477,110865,69217,48018,5202,6405,4819,3091,2477,100002,No
10000,Male,3,2,48,0,0,0,0,0,0,8858,9548,9540,9735,8070,0,1228,1000,195,161,0,0,No
240000,Female,3,1,32,-1,-1,-1,-1,-1,0,1386,1207,1357,1559,23506,21532,1207,1357,1559,23506,1603,1407,No
30000,Female,2,2,24,2,2,0,0,0,0,27954,27226,28427,28752,28447,24552,0,2000,1000,1100,1500,1000,No
30000,Female,2,2,25,1,2,2,2,2,2,14149,15171,14635,15318,14930,16562,1543,0,1226,0,1882,0,Yes
200000,Female,2,2,36,0,0,0,0,0,0,2324,3344,4450,14280,14894,15608,1064,1170,10000,1000,1000,464,No
140000,Female,2,2,33,0,0,0,0,0,0,56426,41717,42823,25224,26855,23783,2000,2000,900,2000,10000,5000,No
200000,Female,3,2,28,1,-2,-2,-1,-1,-1,0,0,0,304,13489,6788,0,0,304,13489,6788,188,No
100000,Male,3,2,30,0,0,0,0,0,0,46675,46567,46638,46454,46262,47823,1800,2000,1700,1683,3500,1500,Yes
220000,Male,2,2,26,2,2,2,2,2,0,215477,216099,210839,216988,213824,39819,5516,0,8275,0,800,223833,No
80000,Female,2,2,25,0,0,0,0,0,0,7536,5024,5589,6094,45342,45877,1200,1100,1000,40000,1700,1700,No
350000,Female,1,2,27,0,0,0,0,0,0,312770,320400,268598,250304,251436,249891,14599,10334,5728,8242,13138,4520,No
50000,Female,2,2,26,0,0,0,0,-2,-2,33428,34385,35796,-229,-229,-229,1800,2100,0,0,0,0,Yes
360000,Male,2,1,39,0,0,0,0,0,0,23690,67560,26649,15830,20025,21404,60284,16079,5024,9032,8035,12073,No
230000,Female,2,1,33,0,0,2,-1,0,0,9530,12872,3724,153400,14788,21258,7000,0,153400,8000,10000,6000,No
30000,Male,2,1,39,2,2,2,2,2,0,13888,16652,16087,17317,16900,17465,3000,0,1500,0,1000,3500,Yes
70000,Female,2,2,24,0,0,2,2,2,2,41485,44697,47229,47956,47056,49565,4200,3600,1800,0,3308,2500,No
70000,Female,2,2,23,-1,0,0,0,0,0,3082,4370,9353,15282,20400,12915,1500,5353,6282,6342,2055,3257,No
150000,Female,1,1,44,1,-2,-1,-1,-2,-2,0,0,1512,0,0,0,0,1512,0,0,0,0,No
360000,Male,1,2,35,-1,-1,-1,-1,2,0,1195,23944,884,789,244,244,23944,884,300,0,0,856,No
210000,Female,2,1,56,1,-2,-2,-2,-2,-1,-325,-721,-1117,-1513,-1909,59017,0,0,0,0,61982,2200,No
50000,Male,2,2,29,0,0,0,0,0,-2,32312,24213,24278,24750,0,0,1700,2000,1300,0,0,0,No
180000,Female,2,2,48,-1,2,-1,-1,-1,-1,3116,1058,390,1726,390,2240,0,390,1726,390,2240,17488,No
210000,Male,1,1,40,-1,-1,-1,-1,-1,-1,6223,8143,3712,3091,90817,308,8146,3719,3091,90817,308,3369,No
160000,Female,3,1,53,-1,-1,-1,-1,-1,-1,2475,2475,5175,2475,3975,8175,2475,5175,2475,3975,8175,138,No
50000,Female,3,1,37,2,0,0,0,0,0,38527,39609,40352,41183,42221,42935,2000,1700,1500,1700,1568,7400,Yes
200000,Female,2,1,35,1,-2,-2,-2,-2,-1,0,0,0,0,0,688,0,0,0,0,688,0,No
20000,Female,2,2,41,0,0,0,0,0,0,13723,14266,13305,14925,13925,9745,1500,2000,3000,4000,2000,0,No
500000,Male,3,1,56,0,0,0,0,0,0,139117,130301,119701,121296,122477,125279,4500,5000,5000,5000,5000,5000,No
90000,Female,3,1,49,0,0,0,0,0,0,104494,99941,95197,90508,85640,79775,3592,3382,3319,3172,4000,2360,No
70000,Female,1,2,29,0,0,2,2,0,0,47310,51047,51727,50594,51823,54093,4500,1813,0,2046,3300,900,No
50000,Female,3,1,49,0,0,-1,-1,-1,-1,33782,35650,390,390,46310,0,4000,390,390,46310,0,0,Yes
180000,Male,1,1,37,-1,0,0,0,0,0,121915,116093,99267,74324,47642,37957,7416,7038,7000,6000,5000,5000,No
230000,Female,2,2,33,0,0,0,0,0,0,232796,233564,235149,166637,165699,163858,9000,9500,6000,6150,6000,10500,No
70000,Male,2,2,28,1,2,0,0,0,0,35155,26598,22793,23156,24810,27433,23,1637,1000,2000,3007,3014,No
30000,Male,3,2,39,0,0,0,0,0,0,10178,14491,15504,15812,16143,16606,4491,1257,565,585,730,1000,Yes
10000,Male,3,3,54,1,2,0,0,0,0,8210,7936,8792,9117,9305,9504,0,1146,471,483,502,460,No
90000,Male,3,1,35,1,-1,2,2,-1,2,0,800,400,0,950,400,800,0,0,950,0,0,No
360000,Female,1,1,46,1,-1,2,2,-1,-1,-200,2716,200,0,12140,42424,2916,0,0,12140,42424,19825,No
150000,Female,1,2,29,-1,2,2,-1,2,-1,766,515,-150,974,269,191,0,85,1124,0,191,591,Yes
500000,Male,1,1,37,-2,-2,-2,-2,-2,-2,0,0,0,0,0,0,0,0,0,0,0,0,Yes
210000,Male,1,2,27,-1,0,0,0,0,0,25025,25336,26029,26816,21116,10721,5000,4000,5000,3000,3000,3500,No
200000,Female,1,1,44,2,0,0,0,0,0,188553,192100,126343,125700,126448,81008,8011,5203,4000,5000,3001,3000,No
230000,Female,1,1,30,-1,-1,0,0,0,0,2212,17402,32450,17285,9766,9981,17402,20013,346,5000,8000,5000,Yes
60000,Female,1,1,29,0,0,0,3,2,2,51855,53220,59244,57889,59017,56637,2200,7000,0,2013,7577,13,No
220000,Female,1,1,44,-2,-2,-2,-2,-2,-2,0,0,0,0,0,0,0,0,0,0,0,0,No
30000,Female,2,1,26,0,0,0,-1,2,-1,10540,9766,-2643,2596,1123,2390,1081,0,6712,0,2780,0,No
30000,Female,1,2,30,1,-2,-1,-1,-1,-1,0,0,4990,4322,1955,980,0,4990,4322,1955,980,7490,No
30000,Male,2,2,25,0,0,0,0,0,0,8864,10062,11581,12580,13716,14828,1500,2000,1500,1500,1500,2000,No
150000,Male,2,1,40,0,0,0,0,0,0,54021,55154,56280,57397,58599,60668,2003,2044,2054,2127,3044,3150,No
180000,Male,2,2,26,0,0,0,0,0,0,93169,58983,60506,58458,60770,61628,4500,4000,4000,4000,4000,4000,No
30000,Male,1,2,56,2,0,0,0,0,0,27033,27772,28740,29313,29019,28916,1480,1448,1021,1040,1216,1270,No
240000,Female,1,2,28,0,0,0,0,0,0,236772,201463,187916,149293,150614,150911,10000,7000,10040,7000,6000,5000,No
120000,Female,2,2,31,0,0,0,0,0,0,26307,27361,28878,30428,31818,34293,1483,2000,2000,2000,3000,3000,No
150000,Female,3,1,43,0,0,0,0,0,-2,17541,19021,7861,7691,0,0,2000,2000,2000,0,0,0,No
180000,Female,1,1,47,1,-2,-1,-1,-1,-2,0,0,1154,2000,0,0,0,1154,2000,0,0,415,No
360000,Female,1,2,26,1,-2,-2,-1,-1,-2,-200,-200,0,3000,0,0,0,200,3000,0,0,0,Yes
30000,Female,3,3,60,-1,-1,-2,-2,-1,-1,2365,-581,-581,-2054,1473,14510,0,0,0,5000,14510,0,No
50000,Male,2,1,24,-1,-1,-1,0,0,0,390,918,19583,19593,19364,19893,918,19583,1000,1000,1000,1000,No
30000,Female,2,1,39,-1,3,2,0,-1,3,1742,1560,780,780,2057,1737,0,0,0,2057,0,0,No
50000,Female,1,2,53,0,0,0,0,0,0,50777,51086,50321,20141,18039,19349,2504,2059,666,1000,2008,1513,No
90000,Male,2,2,30,0,0,0,-2,-2,-2,46927,40000,0,0,0,0,4000,0,0,0,0,85000,No
50000,Male,3,2,52,0,0,0,0,0,0,47479,49344,19596,19194,19201,19199,29456,1300,675,694,704,798,No
80000,Female,2,2,40,0,0,0,0,0,0,33918,50878,51787,52422,53608,50312,20000,2400,2000,2100,2500,2000,No
50000,Female,2,2,41,0,0,0,-2,-2,-2,45408,36025,0,0,0,0,2025,0,0,0,0,0,No
200000,Female,2,2,23,-1,-1,-1,-1,-2,-1,964,-36,1000,0,0,43527,0,1036,0,0,54677,872,No
90000,Female,2,1,36,0,0,0,0,0,0,89309,88544,88888,48534,49874,32078,5000,3500,2000,2100,1000,1000,No
240000,Male,1,2,28,0,0,0,0,0,0,199671,193523,187389,181348,174998,168176,7000,7000,7000,6500,6000,6000,No
90000,Female,1,2,29,-2,-2,-2,-2,-2,-2,1709,2522,3426,3426,2921,2197,2522,3426,3426,2921,2197,3087,Yes
10000,Male,1,2,23,2,2,2,2,-2,-1,2724,5520,5275,0,0,150,3000,0,0,0,150,275,No
140000,Female,2,2,26,0,0,0,0,-1,-1,12436,14910,13780,13710,488,-1450,3380,1200,2000,500,0,0,No
50000,Female,1,1,29,0,0,0,0,0,0,29719,30754,31939,33102,33918,35197,1815,2000,2000,1500,2000,1500,No
50000,Female,2,1,28,0,0,0,0,0,0,36380,51418,43095,29717,30368,29113,30000,2052,1034,1100,1088,883,Yes
230000,Female,3,1,45,-1,-1,-2,-1,0,-1,1633,8410,5722,10371,9998,1328,8435,5955,10371,0,1332,0,No
150000,Female,2,2,27,-1,-1,-1,-1,0,0,4914,6237,3280,11167,15915,16268,6237,3280,11167,10000,686,352,No
240000,Male,2,1,36,0,0,0,0,0,0,10767,144915,142909,143531,144893,144121,140013,5206,5008,6011,5250,5033,No
80000,Male,2,2,25,1,2,2,2,0,0,81774,79597,47168,45312,46263,47341,0,3667,0,1680,1848,1863,No
140000,Female,3,2,33,1,-2,-2,-1,-1,-1,0,0,0,4647,250,4654,0,0,4647,5423,4404,0,No
290000,Male,2,1,50,0,0,0,0,0,0,88713,79214,81301,84033,86513,90056,3459,4000,5000,4000,5000,5000,No
80000,Male,5,1,29,0,0,0,0,0,0,80534,78179,79348,81099,80540,67069,3006,2641,2827,2671,2611,2417,No
400000,Male,2,1,34,0,0,0,0,0,0,372724,394443,398634,210628,203102,85374,28000,14547,8078,6500,5000,3012,No
20000,Male,3,3,46,0,0,-1,0,-1,-1,20393,19908,20310,15617,219,1205,1425,20310,1020,219,1205,109,No
260000,Female,2,2,25,0,0,0,0,-1,0,16373,15249,15018,15520,3491,5651,5006,5000,5000,3491,3000,2000,Yes
30000,Male,1,2,28,1,2,2,0,0,0,10056,9815,7576,5746,3900,1944,2000,0,144,128,39,1944,No
130000,Male,2,2,27,0,0,0,0,-1,0,131406,125858,118536,34394,66701,58437,5000,3572,3153,69200,2500,10000,Yes
490000,Male,1,1,41,0,0,0,0,0,0,95997,98047,100412,102736,105083,107334,3600,4000,4000,4000,4000,4000,No
580000,Male,1,1,42,0,0,0,0,0,0,264482,267508,255409,256321,250358,236608,9431,8842,7663,7814,7794,7887,No
20000,Male,2,1,34,0,0,2,0,0,0,12619,14896,14360,14921,15328,16474,2800,0,800,800,1400,1000,Yes
180000,Female,1,2,32,0,-1,0,0,0,-1,64008,3414,3844,5344,4000,10395,3414,1500,1500,0,10395,3600,No
90000,Female,1,2,26,-1,-1,-1,-1,-1,-1,1224,3120,1712,5000,0,4210,3128,1712,5000,0,4210,750,No
90000,Male,2,2,25,0,-1,-1,0,-1,-1,2908,1051,2422,1051,1051,83573,1052,2422,0,1051,83573,3098,No
440000,Female,1,1,54,2,0,0,0,0,0,276955,198150,183825,185971,189968,193799,8752,8200,6700,7000,6870,7000,Yes
280000,Female,2,1,52,0,0,0,0,0,0,50667,50400,50108,49425,48977,48459,2007,2007,1370,1407,1359,1381,No
230000,Male,1,2,29,0,0,0,0,0,0,121344,121415,25210,21433,18203,13931,6317,5516,2015,2014,2019,5536,No
300000,Male,2,2,35,0,0,0,0,0,0,276536,206885,169901,170540,152188,101485,26531,10017,9123,10259,5079,3816,No
20000,Female,2,1,41,-1,2,-1,-1,0,0,6565,4460,1500,8745,5316,4058,0,1500,8745,0,0,1664,No
80000,Female,2,2,26,0,0,0,-1,0,0,27041,27797,5958,11341,5259,4278,5879,1000,11360,486,478,0,No
20000,Male,2,2,24,8,7,6,5,4,3,24348,24025,23391,22757,21834,21200,0,0,0,0,0,0,No
220000,Male,1,2,34,-1,-1,-1,-2,-2,-2,17875,3431,-344,-344,-601,-601,3431,0,0,0,0,0,Yes
210000,Female,2,1,44,0,0,0,0,0,0,73487,75456,86171,87895,89022,90868,3748,13000,3081,3217,3312,3151,No
130000,Male,3,2,49,2,0,0,0,0,0,60273,61839,62370,63429,26779,27521,2536,1857,1681,971,1186,1698,Yes
400000,Male,1,1,66,0,0,0,0,0,0,258070,77910,61440,44590,12270,0,47000,1500,0,0,0,0,No
120000,Female,1,2,25,-1,-1,-1,-1,-1,-1,9642,12557,3938,1110,9848,3301,12557,3938,1110,9848,3301,0,No
460000,Female,2,1,33,0,0,0,0,0,0,128302,59254,52099,45512,39041,33571,2371,2008,1560,1457,1299,769,No
210000,Male,2,2,28,0,0,0,0,0,0,187992,193623,187501,167142,170910,174336,8500,8600,6500,6500,6300,7900,No
30000,Female,2,2,23,-2,-2,-2,-2,-2,-2,318,0,0,0,0,0,0,0,0,0,0,0,No
50000,Female,3,1,39,0,0,0,0,0,0,41250,40813,10695,8841,8140,8267,1501,1297,448,449,419,415,No
250000,Female,1,2,29,-1,-1,0,0,0,0,1181,1545,2319,1856,4356,7026,1545,1000,1500,2500,3000,1379,No
50000,Female,2,2,25,3,3,2,2,2,2,35592,36518,36822,37421,38424,39035,1800,1200,1500,1750,1390,0,Yes
40000,Male,2,1,38,2,2,2,2,2,2,33152,33623,34773,33917,36704,40404,1300,2000,0,3500,4471,0,Yes
230000,Male,2,1,35,0,0,2,0,0,0,28827,36326,35448,36551,37460,38831,8000,0,2000,1500,2000,1500,No
210000,Male,1,2,33,1,-2,-2,-2,-1,-1,0,0,0,0,700,0,0,0,0,700,0,0,Yes
60000,Male,2,2,30,0,0,0,2,2,2,15145,16618,18475,17919,19167,18750,2000,2100,0,1500,0,1500,Yes
110000,Female,2,2,28,0,0,0,0,0,0,81449,83241,84960,86045,88060,93394,4000,4000,3400,3400,7000,3450,No
400000,Male,1,1,44,0,0,0,0,0,0,95719,96369,92336,91816,57477,66203,4652,3565,2731,10031,16027,25000,No
280000,Male,1,1,51,-1,-1,-1,-1,-1,-1,1323,445,393,294,223,13635,445,393,294,223,13635,16192,No
60000,Male,2,1,35,0,0,0,0,-1,-1,22226,18597,13801,8038,7340,-153,1292,2245,161,7340,0,20341,No
100000,Male,3,1,47,0,0,-1,-1,-2,-2,3933,2162,856,-1267,-363,-2389,1000,1000,0,5100,0,0,No
230000,Female,2,2,42,0,0,0,0,0,0,64489,58611,54463,53008,52835,40015,3100,5000,5000,10000,3000,5000,No
80000,Female,3,2,24,1,-2,-1,-1,-1,-1,0,0,2455,2500,1307,1550,0,2455,2500,1307,1550,896,No
110000,Female,2,1,43,0,0,0,0,0,0,45021,45782,46187,47105,45253,46144,2100,1800,1638,1490,1957,2000,No
390000,Male,1,1,47,-1,-1,-1,0,0,-1,9361,-25,18401,13200,6385,7088,0,18426,34,31,7088,0,No
180000,Male,2,2,29,1,2,2,-2,-1,2,5265,5002,0,0,1378,978,0,0,0,1704,0,2690,Yes
50000,Male,3,1,32,2,3,2,2,2,2,39589,40160,40796,41526,42209,44960,1500,1600,1700,1500,3600,0,Yes
20000,Female,3,2,49,0,0,2,0,-1,-1,8503,11352,10198,10400,1150,0,3008,0,600,1150,0,0,No
130000,Female,2,2,24,1,-2,-1,-1,-1,-1,-10,-10,3362,-3,998,937,0,3372,0,1001,939,1013,No
110000,Female,3,1,27,0,0,0,0,0,0,61152,60833,61245,47316,47175,47141,2326,3000,1807,1698,1911,1808,No
200000,Male,2,1,29,0,0,0,2,2,2,45982,46328,47534,48367,49366,47539,2078,3900,1900,1904,12,5224,No
50000,Female,2,1,47,0,0,0,0,0,0,48991,43412,33995,29759,29766,29665,2000,1500,1050,1100,1100,1200,No
130000,Male,1,2,29,0,0,0,0,0,0,126974,122107,108542,89356,91024,89779,5988,4560,3300,3509,3500,3415,No
260000,Male,2,2,28,0,0,2,0,0,0,149814,184419,163036,159348,160198,104389,107000,0,5000,5000,6000,60000,No
180000,Male,2,1,30,-1,-1,-1,-1,-1,-1,220,4680,0,7500,4100,0,4686,0,7500,4100,0,4500,No
20000,Male,2,2,38,-1,-1,-1,0,0,-1,10462,3327,19305,17748,8269,1074,10287,19305,355,0,1074,0,No
50000,Female,3,2,43,2,2,7,7,7,7,2400,2400,2400,2400,2400,2400,0,0,0,0,0,0,Yes
210000,Female,3,1,40,0,0,0,0,0,0,201169,210942,214523,138786,140918,144099,16286,10011,5000,6000,6000,6000,No
420000,Male,2,2,31,2,2,0,0,2,0,239293,90568,88997,93971,92203,93059,0,3500,6600,0,4000,3000,Yes
210000,Female,2,2,35,-2,-2,-2,-2,-2,-2,2593,0,0,0,1849,12837,0,0,0,1849,12837,4201,No
160000,Female,2,1,42,0,0,0,0,0,0,35815,38023,40180,41318,42605,43857,3000,3000,2000,2000,2000,2000,No
20000,Female,1,2,25,0,0,0,0,0,0,17776,18886,19551,18964,19676,20116,1700,1300,662,1000,747,602,No
360000,Male,1,2,35,-1,-1,-1,-1,-2,-1,2010,2936,640,0,0,4750,2936,640,0,0,4750,1470,No
30000,Male,2,3,50,2,0,0,0,0,0,11479,12981,14450,14903,16500,18715,2000,2000,693,2000,2500,668,Yes
50000,Male,2,2,27,1,-1,0,0,0,0,-697,48266,47194,48224,49416,50126,49900,1800,1700,1857,2474,469,No
30000,Male,2,1,38,1,-1,-1,-1,-1,-2,0,2281,3666,2713,0,0,2281,3666,2713,0,0,0,Yes
30000,Female,2,2,24,0,0,0,0,0,0,28008,29549,30298,30046,29880,27039,2000,2000,900,1000,2000,0,No
280000,Female,2,2,24,-1,-1,0,0,-1,-1,1006,1853,2657,1416,2706,1229,1855,1422,7,2719,1235,3831,No
30000,Female,3,2,24,2,0,0,2,2,0,30279,30428,30485,31012,30402,30195,1500,2700,1300,0,1117,1353,Yes
20000,Male,2,2,33,0,0,0,0,0,2,12518,12889,9638,8878,6474,2771,1300,1000,1000,500,0,0,No
300000,Female,1,1,51,0,0,0,0,0,0,108639,85818,90069,85008,83983,50257,4107,7346,65000,2500,2022,1800,No
180000,Female,1,2,35,-1,3,2,0,-1,2,1880,1702,1196,870,3028,2508,0,0,0,3028,0,326,No
20000,Female,2,1,24,4,3,2,2,2,2,16549,16002,16047,15492,16739,16320,0,600,0,1500,0,2000,Yes
80000,Female,3,1,39,0,0,0,-2,-1,-1,4948,3804,0,0,1715,0,1000,0,0,1715,0,0,No
20000,Female,2,1,47,0,0,0,0,0,0,19553,18092,18175,19000,20000,0,1417,2000,3005,2000,0,0,No
60000,Male,1,2,29,0,0,0,0,0,-1,31462,31499,16773,11568,9727,3832,6037,5084,6000,4000,3832,3065,No
20000,Male,2,2,22,0,0,2,2,2,0,18743,19879,18872,21178,20329,20853,3000,0,3000,0,1000,400,No
30000,Female,3,1,67,1,2,0,0,0,0,30734,28092,29112,29555,28536,29252,0,1800,1200,1083,1200,1250,No
50000,Male,1,2,33,1,2,2,0,0,2,26957,28230,27483,27728,29681,29053,2000,0,1000,2400,0,2400,Yes
170000,Female,2,2,24,-1,-1,2,0,0,-1,1166,4144,3889,4889,4139,430,3000,0,1000,0,1000,17342,Yes
160000,Male,1,1,36,-1,-1,-1,-1,-1,-1,816,316,316,316,316,316,316,316,316,316,316,316,Yes
130000,Male,1,2,27,1,2,2,2,-2,-1,60024,58104,54976,-3518,-1285,1601,4000,0,1580,1580,3202,0,No
30000,Female,2,1,34,2,2,2,2,0,0,31746,32743,32931,30727,29679,30088,1800,1100,0,1000,2327,0,Yes
100000,Female,1,2,36,1,-1,-1,-2,-2,-2,0,780,0,0,0,0,780,0,0,7600,0,0,No
120000,Female,2,2,25,3,3,2,2,2,2,87057,84821,85194,76326,75122,75011,0,2700,2500,3200,2500,0,Yes
150000,Female,1,1,49,-1,-1,-2,-1,-1,-1,850,0,0,31106,0,1505,0,0,31106,0,1505,997,Yes
100000,Female,3,1,24,1,2,0,0,0,0,56341,54869,67965,73871,79707,85433,0,14130,7065,7065,7065,0,Yes
30000,Male,2,2,24,2,0,0,0,2,2,25851,26912,27535,29175,28625,30383,1779,1402,2042,0,2192,0,Yes
120000,Female,3,1,48,-2,-2,-2,-2,-2,-2,2468,7869,506,2097,758,2005,7890,506,2097,758,2005,360,No
160000,Female,1,2,40,-1,0,0,-2,-2,-2,67925,69771,73233,72328,74234,75500,3509,5824,0,2204,2000,0,No
340000,Female,1,1,35,1,-1,-1,-1,-2,-1,-8,1722,1684,-15,-15,3016,1730,1692,0,0,3031,0,Yes
240000,Male,3,1,55,0,0,0,0,0,0,25631,27047,26654,28065,29503,32042,2500,2000,2000,2000,3000,2000,No
30000,Female,3,1,42,1,2,0,0,0,0,30607,29849,30653,28410,29068,30383,10,2000,2000,2000,2000,3000,No
50000,Male,2,1,54,0,0,0,2,0,0,47872,48802,50214,19321,19867,20384,2000,2456,0,1000,1000,1000,No
200000,Male,2,2,25,1,-2,-2,-1,0,0,0,0,0,1517,48669,49635,0,0,1517,48000,1775,1992,Yes
80000,Female,2,2,44,0,0,0,-1,-1,-1,17047,11885,8254,5144,15365,2250,1435,1350,5144,15365,2250,2690,No
50000,Female,2,2,41,2,2,2,2,2,2,5025,4805,46295,46885,47535,45994,0,42000,1600,1500,2000,2000,Yes
130000,Female,2,1,29,0,0,0,0,0,0,18157,16520,15709,13209,14166,14025,2000,1010,1003,2040,2000,1000,No
290000,Male,1,1,57,1,-2,-2,-2,-2,-2,0,0,0,0,0,0,0,0,0,0,0,0,Yes
30000,Female,3,1,44,0,0,0,0,0,0,27631,29179,30146,26371,27567,30114,2000,1500,933,2000,3000,1000,Yes
340000,Male,3,1,40,0,0,0,0,0,0,77181,59873,60396,63720,65211,60053,5305,3000,5000,3000,5000,6000,No
180000,Female,1,2,28,-1,-1,-1,-1,0,-1,651,1883,651,2688,1000,2253,1883,651,2688,20,2253,9816,No
60000,Female,1,2,23,0,0,2,0,0,0,59423,63347,61183,29052,29087,27296,5500,146,1500,1200,1500,1500,No
390000,Female,1,2,25,-1,0,0,0,0,0,83514,79730,64171,58767,54224,51667,4013,4000,2100,2000,3000,1200,No
460000,Male,1,1,35,0,0,0,0,0,0,384919,393029,394483,338220,347753,356161,15045,16017,13000,15000,15025,7002,No
500000,Male,1,1,51,0,0,0,0,0,0,396402,395484,333041,294173,300616,266973,14034,15040,12018,15028,10038,10018,No
30000,Female,2,1,44,-1,2,2,2,2,2,8347,9560,9258,11096,11165,10837,1500,0,2000,392,0,2000,No
80000,Female,2,2,25,1,2,2,2,2,2,28789,31026,31401,31986,32468,31794,2998,1183,1400,1139,0,1178,No
250000,Female,2,1,41,-1,-1,-1,-1,-2,-2,37137,51803,4997,0,0,0,51811,9544,0,0,0,0,No
280000,Female,1,2,26,0,0,0,0,0,0,146130,120750,105492,104061,105202,107143,5042,4000,4000,4000,4368,4000,No
30000,Female,2,2,26,2,2,2,2,2,2,25615,29849,31034,28071,29978,29365,5000,2000,0,2500,0,600,Yes
30000,Male,1,2,28,2,0,0,0,0,0,22329,23665,47968,24784,25784,2901,2000,1400,2000,1000,1000,1000,Yes
20000,Male,2,2,27,1,3,2,2,2,2,19443,18851,19248,18648,20040,19464,0,1000,0,2000,0,817,Yes
380000,Female,3,1,56,-2,-2,-2,-2,-2,-2,0,1349,5947,16735,6444,0,1349,5957,16735,6444,0,7699,Yes
100000,Female,3,1,29,4,3,2,0,0,-1,175441,153992,132132,114431,116766,95961,0,0,0,2335,102075,0,Yes
180000,Male,2,2,32,-1,-1,-1,-1,-1,-1,1071,1671,1981,4241,4542,5261,1671,1981,4241,4542,5261,4731,Yes
220000,Male,1,2,31,0,0,0,0,0,0,163148,158197,158956,157953,157098,157099,5725,5971,5846,5887,5802,5895,No
170000,Female,2,2,26,0,0,0,0,0,0,141476,143850,134502,122186,122506,117121,5113,4514,4376,4432,4142,3455,No
140000,Female,1,2,29,2,2,2,2,2,2,97905,100152,100772,101562,103214,88085,4700,3200,3500,3193,0,2304,Yes
20000,Male,1,2,29,2,2,3,2,2,2,10512,12044,11562,11080,11700,12357,2000,0,0,800,1000,500,Yes
100000,Female,3,1,38,0,0,0,0,0,0,62427,63922,65864,66578,69503,72346,2500,3000,2400,4000,4000,4000,No
50000,Female,3,1,47,0,0,0,0,0,0,32516,32774,33597,29105,26154,27699,1870,1693,1106,1473,3000,2507,No
300000,Female,2,2,30,-1,-1,-1,-1,2,-1,2186,0,290,707,161,7705,0,290,1209,0,7705,3798,No
30000,Female,3,2,25,0,0,0,0,2,2,26769,27138,28122,29139,28534,30360,1500,1447,3000,0,2300,0,No
50000,Male,3,1,53,0,0,0,0,0,0,49696,50893,50532,19632,18573,17212,2000,2000,1000,763,626,3639,No
160000,Male,2,2,37,-1,-1,0,0,0,0,3090,52125,26325,29638,35474,38190,52165,5000,7000,8000,5000,1200,No
140000,Female,2,1,28,0,0,0,0,0,0,132070,134766,106450,106422,104337,106886,6000,4000,4000,4000,4300,3600,No
20000,Male,2,2,23,1,2,0,0,0,0,19403,18541,19254,19456,19323,19265,0,1298,1000,692,766,998,Yes
50000,Male,3,1,51,-1,-1,-1,-1,-1,0,17453,7802,22214,4985,6551,7117,8338,22232,4985,6551,5000,5000,No
200000,Female,1,2,34,1,-2,-2,-1,2,2,0,0,0,347,197,2917,0,0,347,0,2720,0,Yes
80000,Female,2,1,23,-2,-2,-2,-2,-2,-2,780,0,390,390,390,540,0,390,390,390,540,390,Yes
80000,Female,2,2,27,1,2,2,0,0,0,81635,83465,81472,82332,84067,78510,3716,0,2989,3105,2973,2830,No
210000,Female,1,2,39,-1,-1,-1,-1,-2,-2,6000,0,2880,0,0,0,0,2880,0,0,0,0,No
200000,Male,2,1,46,1,-1,-1,-1,-1,-1,0,552,2523,2327,2308,0,552,2531,2327,2308,0,0,Yes
110000,Female,2,1,33,2,2,2,2,2,0,110327,112130,108533,112475,108976,108385,5332,0,7800,0,4428,3863,Yes
10000,Male,2,2,23,0,0,0,0,2,2,5857,6722,8305,9405,9100,13392,1117,1700,1230,0,761,0,No
300000,Male,1,2,31,-1,-1,-1,-1,-1,-1,360,360,360,360,980,360,360,360,360,980,360,3420,Yes
360000,Female,1,1,39,-1,-1,-1,-1,-2,-2,7001,1224,394,-6,-6,2199,1224,394,6,0,2205,401,No
30000,Male,3,1,26,1,2,0,0,0,0,30814,29551,24034,21155,18413,0,0,1500,1150,900,0,0,Yes
300000,Male,1,1,47,-2,-2,-2,-2,-1,-1,0,225,4019,4509,7155,5778,225,4019,3860,5000,5778,23978,No
300000,Female,1,2,28,-1,-1,-1,-1,-1,-1,986,2939,27754,10534,1954,2140,2964,27968,10597,1954,2140,390,No
210000,Female,3,2,45,-2,-2,-1,-1,-2,-2,316,312,2368,316,316,316,312,2376,316,316,316,8611,No
50000,Male,3,1,36,0,0,0,0,0,0,74969,76012,77330,70579,63751,56977,2846,2671,2396,2177,2146,2055,Yes
340000,Female,1,2,26,0,0,0,0,0,0,337871,311076,156674,129651,126192,94722,11208,5000,23809,4136,3600,3169,No
330000,Male,1,1,34,0,0,0,0,0,0,138009,141253,130567,128257,116988,105961,7015,7000,10007,6500,6600,9000,Yes
220000,Female,1,2,28,0,0,0,0,0,0,44109,32978,30415,28038,25669,16003,5000,13500,14000,13500,13500,15550,No
100000,Female,2,2,30,0,0,0,0,-2,-2,23939,23572,24148,0,0,0,1500,1011,0,0,0,0,No
260000,Male,1,2,30,-1,-1,-1,-1,-1,-1,399,399,399,399,399,399,399,399,399,399,399,399,Yes
180000,Male,2,2,30,-1,-1,-1,-1,-1,-1,440,30404,0,880,150,430,30404,0,880,150,430,747,No
200000,Male,2,1,44,-1,-1,2,0,0,-1,780,390,1170,780,0,390,390,780,0,0,390,780,No
110000,Female,3,2,41,0,0,0,0,0,0,90599,60949,62235,63499,64877,66230,2213,2300,2300,2400,2431,8700,Yes
20000,Male,2,2,48,0,0,0,2,0,0,7186,9063,10909,10440,10803,11330,2000,2000,0,680,1000,0,Yes
60000,Male,1,2,25,0,0,0,0,0,0,13123,14403,16150,17870,19571,21235,1500,2000,2000,2000,2000,1000,No
30000,Female,1,2,24,2,2,2,0,0,0,31202,32801,30092,30148,30222,28949,2415,0,1045,915,1063,409,Yes
420000,Female,1,1,37,-1,-1,-1,-1,-1,-1,38386,316,9894,13811,12141,11820,316,9894,13811,12141,11820,38800,Yes
340000,Male,1,1,34,-1,-1,-1,-1,2,0,332,332,332,142202,139245,116431,332,332,142402,6,20032,3022,Yes
270000,Male,2,1,38,1,-2,-2,-2,-2,-2,0,0,0,0,0,0,0,0,0,0,0,0,No
360000,Female,4,2,36,-2,-2,-1,0,0,0,15019,1221,6909,5954,4160,1726,2074,7039,10,1,4,45197,No
230000,Female,1,2,25,-1,-1,-1,-1,-1,-1,736,645,855,0,590,0,645,855,0,590,0,299,No
50000,Female,2,1,33,0,0,0,0,0,0,47327,48765,49149,44073,40260,30222,2200,1518,1414,1432,1300,1102,No
230000,Female,1,2,28,-2,-2,-2,-2,-2,-2,-5,2148,2932,354,200,0,2153,2932,354,200,0,0,No
200000,Female,1,1,38,-2,-2,-2,-2,-2,-2,-3,687,2740,2044,1614,2066,690,2753,2054,1622,2076,578,No
100000,Female,2,2,24,0,0,0,0,0,0,101887,102069,100657,101565,101116,101764,4902,4507,3936,3982,4135,3676,No
150000,Female,2,1,47,0,0,0,0,0,0,153404,144960,148146,142279,139905,142833,6900,7200,5450,5265,5443,5350,No
50000,Male,3,2,28,0,0,0,0,0,0,46709,12889,50199,74405,38772,39438,1690,38000,1500,4000,2000,1500,No
60000,Male,2,2,29,0,0,0,0,0,0,34081,23215,30340,28368,28962,26589,2000,8565,969,1004,1000,900,No
70000,Female,2,2,30,0,0,0,2,0,0,10149,11454,9638,8761,8572,9274,2000,2000,0,1000,1000,4000,No
20000,Male,2,2,23,-1,0,-1,0,0,0,5044,3700,13181,12596,11699,2154,1011,13181,5,1033,1781,305,No
50000,Female,2,2,25,0,0,0,0,0,0,24408,25169,13368,14142,14911,15660,1300,1500,1000,1000,1000,1000,No
500000,Female,1,1,33,2,2,-1,-1,-2,-1,1569,1379,1800,0,0,4012,0,1800,0,0,4012,0,No
390000,Male,3,1,49,1,-2,-2,-2,-2,-2,0,0,0,0,0,5112,0,0,0,0,5112,0,No
10000,Male,2,2,22,0,0,0,-1,-1,-2,5748,3203,2162,2150,-440,0,1189,1025,3028,0,1000,0,No
30000,Male,2,2,24,-1,-1,-1,0,0,-2,390,390,780,780,0,0,390,780,0,0,0,0,Yes
240000,Male,3,1,35,1,-2,-2,-1,-1,-2,-2,-2,-2,968,-2,-2,0,0,970,0,0,0,Yes
180000,Female,1,2,29,-1,0,0,0,0,0,36567,26613,26941,27705,21955,0,1682,1400,1554,0,0,0,No
50000,Male,2,2,26,-1,-1,-1,-1,-1,-1,1530,750,1140,1530,750,1140,750,1140,1530,750,1140,1530,No
20000,Male,3,1,46,0,0,0,0,0,0,11325,12654,13659,13635,13922,14689,1519,1524,500,507,1000,500,No
260000,Female,2,1,36,0,0,0,0,0,0,200593,206178,208601,213025,214931,219001,8500,7000,7508,7500,7595,7000,Yes
160000,Male,2,1,26,-2,-2,-2,-2,-2,-2,0,0,0,0,0,0,0,0,0,0,0,0,Yes
250000,Female,1,1,42,0,0,-2,-2,-2,-2,25298,0,0,0,0,0,0,0,0,0,0,0,No
20000,Male,1,1,49,-1,-1,-1,-1,-2,-2,1044,0,5596,0,0,0,0,5596,0,0,0,0,No
210000,Male,3,1,37,-1,-1,-1,-1,-1,-1,2359,1519,1939,1939,1939,1520,1519,1939,1939,1939,1520,2358,No
100000,Female,1,1,35,2,0,0,2,2,2,47253,49489,53034,53568,54563,56013,3000,5000,2000,2000,2500,2300,Yes
230000,Female,2,1,34,-2,-2,-2,-2,-2,-2,2329,1894,2528,1865,1496,1873,1894,2532,1865,1496,1873,0,No
40000,Male,1,2,24,0,0,0,0,0,0,30096,30819,13816,10291,7441,7435,1300,2013,319,415,266,277,Yes
100000,Male,3,1,51,-1,-1,-1,0,0,0,54530,37295,96251,36221,36424,37791,55000,100044,2000,2000,2000,3000,No
20000,Male,3,2,26,0,0,0,0,0,0,16514,17547,18541,19250,19805,20356,1306,1300,1000,1000,1258,590,No
140000,Male,2,2,32,0,0,0,0,0,0,31367,29652,30178,20989,17125,14739,1614,10018,2009,1003,1017,1012,No
30000,Female,2,2,26,0,0,-1,0,0,0,17341,-1030,29718,27417,28489,28427,485,31509,1500,1502,1500,3000,No
80000,Male,2,2,28,0,0,0,-2,-2,-2,15268,5135,0,0,0,0,1315,0,0,0,0,0,No
20000,Female,3,1,31,0,0,0,0,0,0,15654,16425,17265,16647,12213,10998,1330,1170,500,420,397,221,Yes
210000,Female,1,2,26,0,0,0,0,-1,-1,9899,6000,4100,0,10790,7373,1008,1000,0,10790,7373,0,No
150000,Female,1,1,30,0,0,0,0,0,0,40046,47317,48849,35920,37433,10791,7995,5849,1196,2000,1000,1000,No
200000,Male,1,2,28,-1,-1,-1,-1,-1,-1,508,10680,1190,527,4524,5522,10712,1194,527,4537,5538,3883,No
200000,Female,1,2,28,2,2,2,2,0,0,68398,73564,73548,44234,42599,46192,6900,1966,12,1604,5164,1104,Yes
50000,Male,2,2,39,0,0,0,0,0,0,26813,22999,17485,10588,8368,940,1708,1454,289,1508,1042,0,No
80000,Female,1,2,28,0,0,0,0,2,2,9782,11620,14415,16177,16582,16178,2001,3000,2000,800,0,600,No
310000,Female,1,2,32,-2,-2,-2,-2,-2,-2,20138,8267,65993,8543,1695,750,8267,66008,8543,1695,750,7350,Yes
140000,Male,1,1,40,2,0,0,2,2,2,136785,137175,140773,133147,140350,136475,5051,12602,0,12000,0,5000,Yes
20000,Female,2,1,32,0,0,0,0,0,0,15498,16409,17291,17588,18034,18658,1600,1600,1000,1000,1500,700,No
10000,Female,1,2,23,1,-2,-2,-2,-2,-2,0,0,0,0,0,0,0,0,0,0,0,0,No
250000,Female,1,2,30,0,-1,2,0,0,-1,5607,9416,3421,11521,20424,7467,10000,0,10000,10000,17771,322,No
280000,Male,1,2,31,1,-1,-1,0,0,-2,0,3495,2783,2001,-339,-1180,3495,2783,0,0,0,0,No
210000,Male,2,1,48,-1,-1,-1,0,-1,-1,8666,8666,17307,8666,8666,17303,8666,17307,173,8666,17303,173,No
10000,Male,2,2,54,0,0,2,2,0,0,5186,8225,8244,7963,8134,9995,3300,300,0,299,2000,0,No
60000,Female,3,1,59,0,0,0,0,-1,0,59174,60922,61800,0,51301,52327,3298,3000,0,51301,2029,2083,No
180000,Female,1,2,38,0,0,-2,-2,-2,-2,184650,0,0,0,0,0,0,0,0,0,0,0,No
10000,Female,1,2,31,1,-2,-2,-2,-2,-2,0,0,0,0,0,0,0,0,0,0,0,0,No
200000,Female,1,1,41,-2,-1,2,0,-1,-1,0,5932,5674,1484,4680,0,5932,0,0,4680,0,0,No
120000,Female,1,2,29,-1,-1,-1,-2,-1,-1,1171,644,-155,-155,745,542,1000,0,0,2530,542,922,No
160000,Female,2,1,28,0,0,0,0,0,0,54232,55456,56625,57757,59424,60631,2100,2100,2500,3000,2200,2200,No
60000,Female,3,1,42,0,0,0,0,0,0,58186,58364,59108,38827,39670,37503,2382,2373,1324,1402,1460,1045,No
200000,Male,1,2,27,-1,0,-1,-1,-1,-1,9747,17230,198,875,1977,2052,10051,198,877,1982,2058,2939,No
20000,Female,3,2,22,1,2,0,0,2,2,18590,17838,18680,19788,22265,21629,0,1307,1580,3100,0,1000,Yes
360000,Female,2,2,31,0,0,-2,-2,-2,-2,17582,0,0,0,0,0,0,0,0,0,0,0,No
140000,Female,1,2,43,1,2,0,0,0,0,147560,142435,142096,136836,139417,141889,3,5000,5000,5100,10200,5000,No
110000,Female,3,1,46,0,0,2,2,0,0,94025,101460,102724,100188,102110,107014,8942,3800,0,3685,6580,4703,Yes
360000,Female,1,1,33,1,-2,-2,-1,0,0,-200,-200,0,13467,17800,0,0,200,13467,5300,0,0,No
100000,Male,2,2,25,0,0,0,0,-2,-2,76222,79564,49000,-1000,0,0,4700,1500,0,31000,0,0,No
60000,Male,3,2,34,0,0,0,0,0,0,35187,36236,37220,37963,38875,39184,1616,1600,1336,1500,1448,1157,Yes
130000,Female,1,2,32,1,-2,-1,-1,-2,-1,0,0,3726,0,0,1300,0,3726,0,0,1300,5400,No
240000,Female,2,2,34,-1,-1,-1,-1,-1,0,5516,4950,5232,6464,3820,11870,4950,5232,6464,3820,10000,2000,No
210000,Female,2,1,35,2,2,2,0,0,2,61189,62721,61115,62334,66196,64979,3100,0,2235,4870,0,2563,Yes
360000,Male,1,2,25,-1,-1,-1,0,0,-1,586,14074,5672,5084,3317,1646,14076,5672,0,0,1646,3875,No
480000,Male,1,1,49,1,-1,-1,-1,-1,0,-220,38929,339176,33146,37337,33777,39149,344261,33312,37511,31383,10633,No
90000,Female,6,2,49,-1,-1,-2,-2,-2,-2,1722,0,0,0,0,0,0,0,0,0,0,11135,No
50000,Female,1,1,42,0,0,0,0,0,0,4908,7479,11902,13871,19466,8128,3000,5000,5000,7000,3000,2000,No
20000,Male,3,2,41,0,0,0,0,0,0,9186,9459,10102,10452,10907,10400,1200,1200,500,1000,600,0,No
160000,Female,2,2,27,-2,-2,-1,-1,-1,0,490,-85,5215,4115,3921,3421,3085,5300,1000,22200,2000,149763,No
300000,Female,5,1,34,-2,-2,-2,-2,-2,-2,9474,0,0,0,0,0,0,0,0,0,0,0,No
500000,Male,1,1,43,-1,-1,-1,-1,-1,-1,640,600,1490,1822,1740,0,600,1490,1822,1740,0,1486,No
130000,Female,3,2,36,1,-2,-2,-2,-2,-2,0,0,0,0,0,0,0,0,0,0,0,0,Yes
250000,Male,3,1,62,0,0,0,0,0,0,38924,38468,35930,40106,38214,28494,5000,5000,5000,3000,2000,10000,No
10000,Male,3,2,25,2,0,0,0,0,-2,4693,5371,6327,6055,0,0,1300,1600,400,0,0,0,Yes
340000,Male,1,2,30,0,0,-1,-1,-1,0,1933,2855,872,981,22936,8097,1000,872,981,22936,5000,5939,No
60000,Male,3,2,24,-1,0,0,0,0,0,15527,16882,18190,27465,27643,27816,2000,2000,10000,991,1010,989,No
50000,Male,2,1,47,0,0,0,0,0,0,48308,48019,48647,26894,10875,15878,2200,2068,3048,418,12004,5001,No
170000,Male,2,2,34,-1,-1,2,0,-1,-1,7885,7190,6854,3142,5000,0,2336,0,0,5000,0,0,No
490000,Male,3,1,51,-1,-1,-1,-1,-1,-1,389,376,467,78,399,10,377,481,1,711,1,1,Yes
20000,Female,2,1,26,0,0,0,0,2,0,17679,16720,17705,19228,18804,19316,1300,1277,1800,0,1000,1000,Yes
550000,Male,2,1,47,0,0,0,0,0,-2,68328,76797,55200,30000,0,0,10000,20000,5000,0,0,0,No
340000,Female,2,2,39,0,0,0,0,0,0,66623,61474,57160,58794,61231,62516,2500,2500,2500,3300,2200,3000,No
10000,Male,2,2,32,0,0,0,0,0,0,9576,9028,9644,9790,9990,0,1384,1000,196,200,0,0,No
230000,Female,2,2,25,-2,-2,-2,-2,-2,-2,0,0,13499,9078,11009,6172,0,13499,9117,11009,6172,869,No
30000,Male,2,1,39,1,2,0,0,0,0,29388,27850,28525,29091,28923,29553,0,1452,1018,1038,1100,964,No
200000,Female,2,2,42,-1,-1,0,0,-2,-1,73032,12928,88930,30000,67861,18929,12928,79365,30000,37861,18929,15004,No
450000,Female,1,1,37,0,0,-1,-1,-1,-1,13371,13480,5747,3339,9458,7231,4000,5747,3339,18916,7231,4972,No
380000,Male,3,1,44,0,0,0,0,0,0,329877,309781,295550,277650,264217,238368,12055,9837,9154,9042,8515,7745,Yes
50000,Female,2,1,31,2,0,0,0,0,0,29767,30206,27905,17174,17533,17240,1615,1670,605,626,654,567,Yes
80000,Female,1,2,27,0,0,0,0,0,0,23107,24674,25351,25981,26464,23714,5034,10000,1000,1000,1000,1000,No
150000,Female,2,1,42,1,-2,-2,-1,-1,-1,0,0,0,11068,0,189,0,0,11068,0,189,3307,Yes
50000,Female,2,2,44,0,0,0,0,-1,-1,49006,49139,47608,3990,390,0,2000,1000,3600,390,0,4870,No
210000,Female,1,2,39,1,-2,-2,-2,-2,-2,0,0,0,0,0,0,0,0,0,0,0,0,No
100000,Female,2,2,24,0,0,0,0,0,2,59712,61743,63714,65056,73062,71738,3000,3000,2400,9100,0,4000,No
100000,Male,2,2,38,0,0,0,0,0,-1,25994,27173,44285,45433,3952,3723,1994,19462,3000,302,3723,15462,No
500000,Male,1,1,45,0,0,0,0,0,0,3136,2345,8471,7234,5828,1906,2002,7505,145,33,1150,300,No
30000,Female,3,1,58,0,0,0,0,0,0,9819,10873,9646,9995,10371,5139,1230,1100,419,600,500,500,No
50000,Male,2,2,46,0,-1,0,0,0,0,53541,29308,20274,19945,20472,21000,31483,1408,3000,1000,869,5000,No
50000,Female,2,2,23,-2,-2,-2,-2,-2,-2,0,0,0,0,0,0,0,0,0,0,0,0,No
420000,Female,2,1,36,-1,-1,-1,-1,-1,-1,3663,4338,3400,2535,3216,4652,4338,3400,2535,3216,2652,2500,No
30000,Female,2,1,32,2,2,0,0,0,-1,28156,27422,28335,20946,15525,7422,0,1542,1024,1000,7422,281,Yes
240000,Male,1,2,32,0,0,0,0,0,0,240790,224497,213580,191771,166239,146584,6892,7866,5602,6118,6023,27064,No
330000,Male,1,2,45,0,0,0,0,0,0,265362,246735,248541,231534,230309,235992,7500,8001,7000,7000,8000,8000,Yes
50000,Male,2,1,30,1,2,2,0,0,0,49371,50092,49029,25313,26006,27217,1800,240,1000,1100,1800,1500,Yes
200000,Female,1,1,42,-2,-2,-2,-2,-2,-2,0,0,0,0,0,0,0,0,0,0,0,665,Yes
210000,Female,1,1,34,1,-2,-1,-1,2,-1,-300,-716,416,1132,566,416,0,1548,1132,0,416,416,No
100000,Male,3,1,40,0,0,-1,-1,-2,-2,12878,7702,2377,0,0,0,2000,2377,40000,0,0,0,No
140000,Female,1,1,33,0,0,0,0,0,0,85314,87042,90165,91318,94847,35773,4000,5000,2000,4000,5000,6000,No
80000,Female,3,1,35,2,2,2,2,2,0,70002,71389,73788,74463,72834,74190,3100,4204,2790,0,3043,2625,Yes
50000,Female,3,1,42,1,3,4,3,2,0,44498,46740,45718,44696,43848,44718,3240,0,0,0,1600,1845,Yes
50000,Male,2,2,25,0,0,0,0,0,3,21316,23038,24720,26370,29332,28574,2375,2375,2375,3547,0,0,No
360000,Male,1,1,39,1,-2,-2,-2,-1,-1,0,0,0,0,691,7020,0,0,0,691,7020,0,No
170000,Female,2,1,49,1,2,0,0,0,0,153322,149027,150920,145689,33588,0,0,6320,5045,1000,0,0,Yes
50000,Male,2,2,41,0,0,0,0,0,0,48152,45974,44792,18649,16260,18745,2043,3000,14000,545,5000,308,No
310000,Female,1,2,25,2,0,0,0,0,0,266270,273719,235796,188031,170898,68369,11677,8406,6000,5074,3000,3000,Yes
210000,Male,1,2,31,-1,-1,-1,-1,-1,-1,326,326,326,326,326,326,326,326,326,326,326,133,Yes
140000,Male,2,1,37,0,0,0,0,0,0,90186,74504,72358,48081,45543,26788,2805,2877,1360,1400,1026,1200,No
150000,Female,1,2,37,0,0,0,0,0,0,127111,106956,106129,106531,107062,109938,3878,3794,3783,3892,4662,3500,No
170000,Male,1,1,40,-1,-1,-1,-1,-1,0,2000,2210,3000,2000,5000,3000,2210,3000,2000,5000,0,4000,Yes
260000,Female,1,2,25,-1,2,-1,0,0,0,148,75,12117,9620,8690,11744,7,12117,2,0,3054,6972,Yes
170000,Female,1,2,26,0,0,0,0,2,0,99387,102141,103972,108405,102303,99767,5250,5100,7500,0,3900,3600,No
50000,Female,3,2,23,0,0,0,0,0,2,34364,34212,33886,32929,34549,33458,1861,2004,1324,3768,1,1141,No
260000,Female,1,1,35,2,2,-2,-1,0,0,1013,0,0,6895,3718,0,0,0,6895,0,0,0,Yes
100000,Male,1,2,27,0,0,2,2,2,2,36014,39321,39145,39494,39896,28256,4200,900,1400,900,6440,500,Yes
40000,Female,2,1,25,0,0,0,0,2,2,40633,40311,39380,41389,40628,41389,4300,2000,2938,0,3700,0,No
180000,Female,1,1,46,1,2,2,2,2,2,82505,86302,84020,97554,95878,112141,6000,0,15000,0,18000,0,No
50000,Male,3,1,41,2,2,2,0,0,0,26184,29261,28444,28878,27655,24480,3500,0,1100,1100,2000,1000,No
320000,Female,2,1,53,0,0,0,0,0,0,33589,34608,38544,44486,52319,51764,3000,6000,8000,10000,1900,2000,No
220000,Female,1,2,45,-1,-1,-1,-1,-1,-1,4624,2874,1210,632,15243,5471,2888,1216,640,15251,5472,4045,No
180000,Male,2,1,46,0,0,0,0,0,0,60005,41223,49108,50016,45956,52926,3000,10000,3000,5000,15000,0,No
50000,Female,2,2,36,0,0,0,0,0,2,94228,47635,42361,19574,20295,19439,2000,1500,1000,1800,0,1000,Yes
50000,Female,2,2,22,0,0,0,0,0,-1,29637,30805,30336,13378,-1022,29857,1826,1200,268,0,31448,792,No
150000,Female,1,2,32,0,0,0,0,0,0,83275,84220,77956,77682,52300,56223,3006,3000,2000,222,11170,5000,No
120000,Female,1,1,38,-1,-1,2,-1,-1,-1,6856,17329,2047,8568,8814,17180,19600,0,14150,9000,17000,0,No
30000,Male,2,2,34,0,0,0,0,0,0,29302,30052,29349,29476,30014,29785,1530,1416,1142,1102,1106,3450,No
10000,Male,5,1,43,-1,0,0,0,-2,-2,17560,9829,3604,0,0,0,2537,1000,0,0,0,0,Yes
380000,Male,1,2,34,-2,-2,-2,-2,-2,-2,34869,6305,5736,900,16915,936,6336,5766,904,16915,940,0,No
320000,Female,1,1,38,1,-2,-2,-2,-2,-2,0,0,0,0,0,0,0,0,0,0,0,0,Yes
30000,Female,2,2,41,0,-1,-1,0,-1,2,1448,1261,630,240,690,150,1261,630,0,840,0,780,No
470000,Male,2,2,29,0,0,0,0,0,0,72830,49502,47771,52979,119678,94721,4003,4003,8003,70003,5030,6003,No
80000,Female,3,1,40,0,0,0,0,0,0,75768,78069,79196,25722,26261,26784,3500,2934,897,929,935,984,No
120000,Male,1,1,51,0,0,2,0,0,0,125702,130461,131281,128594,117561,116732,8300,4500,4260,4595,4311,4280,No
20000,Male,2,2,40,0,0,0,0,0,-2,45429,47961,49562,4410,0,0,2819,2420,88,0,0,0,No
170000,Female,3,1,36,0,0,0,0,0,0,85780,80568,79823,79335,79506,80252,2906,3002,3000,3000,3500,3000,No
150000,Female,1,2,34,-1,-1,-2,-1,0,-1,900,0,0,740,740,545,0,0,740,0,545,550,No
160000,Male,2,2,30,-1,-1,-1,-1,-1,-1,632,0,632,316,0,316,0,632,316,0,316,316,No
280000,Female,1,2,32,-1,-1,-1,-1,-1,-1,45536,11509,2110,2121,6789,14959,11509,5000,2121,6789,14959,16067,No
100000,Male,3,1,44,0,0,0,0,0,0,39649,43608,46899,47447,48035,40484,5000,5000,1554,1595,1686,1200,No
500000,Female,1,1,44,-2,-1,0,0,0,-1,71921,367979,294969,189612,128459,167105,368199,6486,234,90,167116,372495,No
160000,Female,1,2,31,-2,-2,-2,-1,-1,-1,0,0,0,150,150,150,0,0,150,150,150,178,No
50000,Male,2,1,47,0,0,0,0,0,0,22923,23264,23879,23960,24067,24253,1400,1400,850,871,974,962,No
250000,Female,2,1,35,0,0,0,0,0,0,27107,36565,39711,47523,52726,57649,10000,10000,10000,6000,6000,5000,No
350000,Male,1,1,42,-1,-1,-1,-1,-1,-1,3800,3138,4150,3750,1362,8210,3138,4160,3750,2272,8210,9731,No
100000,Female,2,1,22,0,0,0,0,0,0,99415,101507,99511,99813,95816,96884,4600,3478,3461,3461,3684,3510,No
30000,Male,2,2,33,1,2,0,0,0,0,31956,30425,30615,29304,28996,28970,0,1753,1200,1041,1194,1100,No
450000,Female,1,1,36,1,-1,-1,-2,-2,-2,0,2500,2500,0,0,0,2500,2500,0,0,0,0,No
20000,Female,3,2,40,-1,-1,0,0,0,0,9755,894,5625,9625,12625,0,894,5000,4000,3000,0,0,No
30000,Female,3,2,26,0,0,0,0,0,0,28063,29304,28047,26840,28271,28134,1700,1407,1200,2000,2000,1000,No
30000,Male,2,1,36,1,3,2,0,0,0,22327,21696,21054,21315,21623,22261,0,0,908,800,1000,1809,No
10000,Male,3,2,23,0,0,0,0,0,0,6001,4308,3421,3615,4402,5173,2000,1500,400,1000,1000,500,No
50000,Female,3,2,47,0,0,0,0,2,0,17569,18592,19621,21748,21262,21682,1613,1642,2769,0,923,950,No
130000,Female,2,2,23,2,2,2,0,0,0,6271,6871,7599,9459,10303,11128,1500,1000,2000,1000,1000,1000,No
50000,Female,3,2,22,0,0,0,0,0,0,47066,45132,47756,28275,28082,28846,2300,3862,2000,1100,1500,1100,No
180000,Female,2,2,25,0,0,0,0,0,0,177633,139415,136942,114632,117808,120302,5203,30023,10024,10000,4458,5000,No
30000,Male,2,1,47,2,2,2,0,0,0,24081,29818,28966,26902,25426,26799,6155,0,1030,1049,5000,482,Yes
60000,Female,2,2,24,0,0,0,0,0,0,29717,28208,21372,18746,16745,16544,2076,1500,1500,689,2000,2983,No
200000,Male,1,2,26,0,0,0,0,0,0,16811,21290,20207,23858,33236,33337,5023,4007,5001,10020,5073,5064,No
30000,Female,3,2,23,0,0,-1,-1,-1,0,18292,18450,390,390,780,780,1000,390,390,780,0,0,No
320000,Female,2,2,36,0,0,0,0,0,0,262613,164486,169691,188527,145676,135254,10043,15005,21640,5004,11628,20020,No
360000,Female,1,1,37,-1,2,2,-2,-2,-2,1605,1448,0,0,0,0,14,0,0,0,0,0,No
60000,Female,1,1,39,0,0,2,0,0,0,56045,59524,58563,56831,53628,34490,5000,2000,1000,3000,8000,0,No
50000,Female,2,2,28,-2,-2,-1,0,0,0,13733,5570,2698,4640,6554,8434,2037,2698,2000,2000,2000,2000,No
30000,Male,2,2,35,2,2,2,2,2,2,27143,28211,28654,27897,29587,30152,1800,1200,0,2300,1200,0,No
50000,Female,2,1,31,1,2,0,0,0,0,34644,33669,19124,18117,18496,18880,0,1597,649,671,691,700,No
70000,Female,1,2,24,0,0,0,0,0,0,42105,35575,32772,29766,29286,29404,1614,2042,2002,1052,1055,1063,No
310000,Male,1,2,44,1,-1,-1,-2,-2,-2,-42,7281,0,0,0,0,7323,0,0,0,0,0,No
170000,Female,2,2,39,-1,-1,-1,-1,-1,-1,2860,15643,1104,190,4786,2714,15643,1108,191,4786,2714,7714,No
150000,Male,1,1,49,-2,-2,-2,-2,-2,-2,111348,109115,102598,3039,-309,-309,6000,4044,309,0,0,0,No
120000,Female,1,2,30,-1,-1,-1,-1,-1,-1,3333,0,3333,0,984,984,0,3333,0,984,984,984,No
100000,Female,1,2,33,0,0,0,0,0,0,75374,44796,47294,38712,39304,40479,2000,5000,1521,1595,2000,2716,No
140000,Male,1,2,41,2,2,2,0,0,0,138379,143684,139902,142729,142406,142694,9000,0,6800,40000,5600,5900,Yes
180000,Female,3,1,47,-1,0,0,0,0,0,14525,13828,10394,17562,8495,5090,1347,5000,10026,5000,785,5000,No
20000,Female,3,1,51,0,0,-1,0,0,-2,19684,11580,780,780,0,0,1000,780,0,0,0,0,No
80000,Female,2,2,25,1,-2,-2,-2,-2,-2,0,0,0,0,0,0,0,0,0,0,0,0,No
200000,Female,2,1,39,0,0,0,0,0,0,178665,133266,95836,85635,66137,30410,3677,2441,1854,1567,5000,1953,No
200000,Male,2,2,27,0,0,2,0,0,0,25334,26203,25652,25162,24995,23901,2204,1004,1004,1013,2018,4,No
30000,Male,3,1,42,0,0,2,-1,-1,2,14617,20350,18456,4190,13702,13247,6000,28,5000,13702,0,10000,No
250000,Female,2,2,40,-2,-2,-2,-2,-2,-2,0,1069,-320,-320,1680,4058,1069,320,0,2000,4058,3000,No
250000,Male,1,2,31,-2,-2,-2,-2,-2,-2,-23,3102,4438,3416,-4,1404,3125,4455,3417,0,1408,1717,Yes
140000,Female,1,2,25,0,0,0,0,0,0,23409,24725,26006,26771,28179,29746,2000,2000,1500,2000,2200,2000,No
170000,Female,2,2,31,2,-1,-1,0,0,0,520,1316,6779,3416,2941,3518,1339,6779,2000,97,1002,1018,No
240000,Female,2,2,47,-2,-2,-2,-2,-2,-2,316,21359,2762,10264,316,9801,21359,2762,10318,316,17677,31600,No
140000,Female,1,1,37,0,0,0,0,0,0,135134,139178,139900,109665,108129,108067,6703,6120,4015,4042,4057,4012,No
50000,Female,2,1,28,0,0,0,0,0,0,50998,51103,50262,20304,20319,20330,2209,1726,710,724,733,712,No
240000,Female,2,1,47,1,2,2,2,2,2,124425,131943,133457,134749,132651,140600,10839,5000,4800,0,10000,5200,Yes
420000,Female,2,1,57,-1,-1,-1,-1,-1,-1,666,2629,4352,1440,1486,2290,2629,4360,2064,1486,2290,1290,No
220000,Male,1,1,53,-1,-1,-1,-1,-1,-1,1136,642,1582,1109,3319,2113,642,1582,1109,3319,2113,5410,No
70000,Female,2,1,28,0,0,0,0,0,0,44230,44348,28978,17008,13780,14593,1747,1272,1212,1000,1020,800,No
90000,Male,2,2,28,0,0,0,0,0,0,55779,51886,52495,47727,44404,35768,2100,2166,1400,1534,1300,665,No
200000,Female,1,2,27,0,0,0,0,0,0,9314,6020,4817,2098,2280,4778,2020,2817,1098,1280,3778,3098,No
240000,Male,3,1,55,0,0,0,0,0,0,229254,232693,189095,190481,194215,198313,8737,7506,6501,6501,7001,17001,No
310000,Female,3,2,28,0,0,-1,-1,-1,-1,19610,14746,28216,4245,3500,396,10000,28216,4245,3500,396,396,No
80000,Female,2,1,34,2,2,2,0,0,0,76142,80627,76776,61884,55501,54840,6611,1,3000,2504,2000,2200,Yes
290000,Female,2,1,38,0,0,0,0,0,0,144160,147451,150617,153351,156213,158938,6000,6010,5600,5700,5700,6000,No
260000,Male,2,1,43,0,0,0,0,0,0,175247,164173,152724,153527,153375,105491,8500,5950,4000,3000,6000,30588,Yes
120000,Male,1,1,43,1,-2,-2,-2,-2,-2,0,0,0,0,0,0,0,0,0,0,0,0,Yes
260000,Female,1,1,32,-1,-1,2,-1,-1,-1,598,2268,2268,1732,718,165,2268,0,1732,718,165,3735,No
360000,Female,2,2,39,-1,2,2,-2,-2,-2,655,655,0,0,0,0,0,0,0,0,0,0,No
30000,Female,3,1,36,0,0,0,0,0,0,7963,9152,10282,10180,10394,9614,1321,1451,349,362,343,356,Yes
30000,Female,2,2,22,0,0,0,2,0,0,27444,29000,29886,28392,22612,22750,2000,1800,0,1000,1000,0,Yes
20000,Male,1,2,22,0,0,0,0,0,0,3281,4325,5341,5751,6500,7386,1100,1100,500,1000,1000,1000,No
240000,Female,2,2,25,0,0,0,0,0,0,175764,178600,182639,186275,190337,193961,6500,7000,6680,7070,6954,14870,No
200000,Male,2,1,31,7,6,5,4,3,2,254266,240966,228663,217600,208432,200057,0,328,0,0,600,2500,Yes
70000,Male,2,2,38,0,0,2,0,0,0,27000,31809,29776,30148,29918,29399,5600,0,1500,1057,2000,1035,No
200000,Female,1,2,23,-2,-2,-2,-2,-2,-2,488,878,488,488,0,1915,878,488,488,0,1915,100,No
150000,Female,1,2,31,-1,-1,-1,0,0,0,18395,-2390,10042,129691,88173,63034,312,20132,129665,127,315,0,No
160000,Female,2,1,35,0,0,0,0,0,0,17742,12939,7035,4596,4635,2744,2000,1000,500,1000,1000,2000,No
180000,Female,1,2,30,0,0,0,0,0,0,113647,52992,38394,30332,110824,99661,3000,3170,2000,100000,5000,4000,No
190000,Male,2,1,39,0,0,0,0,0,0,144414,145572,142816,145463,147475,149853,7000,6000,6000,5500,6000,5500,No
20000,Female,2,1,22,0,0,0,0,0,0,15749,16221,19836,14354,10962,9274,1500,5000,500,500,246,500,No
150000,Male,1,2,27,0,0,0,0,0,0,82494,83044,84752,84743,78987,65590,3100,3500,3000,5000,3000,2500,No
180000,Female,2,1,36,0,0,0,0,0,0,98736,96566,81166,72463,72189,70712,6025,5000,6800,5000,5000,5000,No
80000,Female,2,2,24,0,0,0,0,0,0,81908,83597,157646,79061,79834,81257,5501,3450,3000,3059,2915,2758,Yes
350000,Female,2,1,41,0,0,0,0,0,0,85339,84393,86793,84406,73976,75497,5000,5016,5000,3000,3000,4000,No
50000,Female,2,1,47,0,0,0,0,-2,-2,32547,33481,26775,0,0,0,1582,1800,0,0,0,0,No
90000,Female,2,2,23,2,0,0,0,0,0,87669,86653,57819,30895,14543,9329,3499,3000,3000,10000,2000,10000,No
50000,Female,1,2,25,2,3,2,2,2,2,43870,42891,43582,44561,45592,46495,0,1700,2000,1900,1800,0,Yes
90000,Male,3,1,46,-1,2,-1,-1,-1,-1,1651,390,390,390,1848,930,0,390,1950,1848,1710,0,No
400000,Female,2,1,30,0,0,-1,-1,-1,-1,161226,139481,17939,10315,22728,11493,5000,17939,12845,22728,11493,10703,No
210000,Female,3,1,40,-1,-1,0,0,0,0,2309,4791,4909,6588,9074,8651,4791,1909,2588,3074,3651,6349,No
180000,Female,2,1,39,2,2,2,2,2,0,177113,180628,176137,183007,179505,105229,7800,0,11700,0,3775,7000,Yes
500000,Male,1,1,55,-1,-1,-1,0,0,0,3925,11200,25509,9857,8945,9985,11253,25585,3,18,5034,5031,No
260000,Female,2,1,39,2,0,0,2,0,0,228443,233958,252615,186443,190345,193739,10698,24799,0,7035,7078,7221,Yes
180000,Female,2,2,26,0,0,0,0,0,-1,7149,12946,16163,13142,9800,4857,5946,3663,3159,3000,4857,6240,No
180000,Female,2,1,34,-1,-1,-2,-2,-1,-1,8000,0,0,0,600,0,0,0,0,600,0,0,Yes
30000,Female,1,2,24,0,0,0,0,0,0,22236,23574,24583,24915,25280,25791,1696,1705,1037,915,929,1097,No
360000,Female,1,2,33,0,0,0,0,0,0,31482,31805,18203,13122,11547,10949,5119,5007,5002,5005,5024,4543,No
280000,Female,1,1,47,-1,2,2,-1,0,0,2002,1311,0,430,430,-550,0,0,430,0,550,1304,No
100000,Female,1,2,27,1,2,0,0,0,0,53213,50842,48205,47324,45723,46708,6,2031,1800,2000,1900,2000,Yes
50000,Female,2,1,49,0,0,0,0,-1,-1,49467,41877,20082,5329,3990,2088,1472,1000,107,3990,2088,1470,No
20000,Male,3,1,31,0,0,0,0,0,-2,17557,18739,19473,17136,0,0,1466,1200,343,0,0,0,No
80000,Female,3,2,27,-2,-2,-2,-2,-2,-2,1672,0,1672,836,0,2902,0,1672,836,0,2902,836,Yes
110000,Female,2,2,36,1,-1,-1,-2,-2,-2,0,780,0,0,0,0,780,0,0,0,0,0,No
50000,Male,1,3,25,1,-1,2,-1,0,-1,6300,3395,3180,1831,1868,3300,9195,0,1831,37,3300,289,Yes
50000,Female,2,1,50,0,0,0,-1,-1,-1,48119,48318,21750,4387,4392,9493,1554,1028,4387,4392,9493,492,Yes
20000,Male,1,2,33,0,0,0,2,0,0,16117,17130,18655,17687,18023,18169,1285,2200,0,1000,1000,500,No
200000,Female,3,1,41,0,0,0,0,-2,-2,98184,103228,119034,0,0,0,5143,19034,0,0,0,0,No
250000,Female,2,2,44,1,-1,-1,0,0,0,0,664,62791,48598,50078,36050,664,65791,2000,2100,2000,0,No
150000,Female,1,1,33,1,-2,-2,-2,-2,-2,0,0,0,0,0,0,0,0,0,0,0,0,Yes
50000,Male,1,2,23,1,-2,-2,-2,-2,-2,0,0,0,0,0,0,0,0,0,0,0,0,Yes
200000,Female,1,1,38,-1,-1,2,2,2,-1,1779,1354,250,7250,2639,10207,1354,0,7000,0,10500,3500,No
220000,Male,2,1,38,0,0,0,0,0,0,147048,137560,131090,121259,117003,116902,6364,5892,5000,4369,4178,5000,No
60000,Female,2,1,36,-2,-2,-2,-2,-2,-2,0,2426,3367,2898,11768,3983,2426,3367,2898,11768,3983,0,No
100000,Male,2,2,43,0,0,0,0,0,0,47730,47525,47184,46836,46529,47070,1808,1728,1641,1673,1689,1754,No
20000,Male,3,3,46,0,0,0,0,0,-2,15523,17264,18325,15680,0,0,2000,1500,500,0,0,0,No
140000,Male,2,2,28,1,3,4,3,2,0,82265,86127,84107,82362,74000,60977,5747,0,0,0,2600,2800,Yes
50000,Male,2,1,46,0,0,0,0,-2,-2,48677,39756,30000,0,0,0,2000,3000,0,0,0,0,Yes
50000,Male,1,2,28,0,0,0,0,0,0,28639,29482,30455,28955,25959,26144,2100,2000,1000,600,3000,0,No
120000,Female,2,1,30,-1,-1,-1,-1,0,-1,686,686,686,1372,686,836,686,686,1372,0,836,686,No
120000,Female,1,1,39,1,-2,-2,-2,-1,-1,0,0,0,0,915,0,0,0,0,915,0,0,No
30000,Male,2,2,38,0,0,0,0,0,0,28637,28711,29138,28852,28487,27788,2002,2002,1503,2006,2005,3000,No
180000,Female,1,2,26,1,-2,-2,-2,-1,-1,0,0,0,0,298,7550,0,0,0,298,7550,0,No
500000,Male,1,1,46,0,0,0,0,0,-1,53049,66623,70194,68618,67300,1825,16018,10000,4,333,1831,597,No
420000,Male,1,1,44,0,0,0,0,0,0,337792,293987,294203,300314,258484,274817,12011,6472,6711,5170,189740,6656,No
20000,Female,2,1,45,0,0,0,0,2,0,14296,15321,16333,17434,17013,17500,1262,1274,1375,0,771,805,No
50000,Female,2,2,24,0,0,0,0,0,0,39083,40150,41181,41996,43021,45700,1700,1700,1501,1700,3400,0,Yes
260000,Female,2,2,30,0,0,0,0,0,0,19674,17810,19753,21550,21032,19979,2000,3000,3000,3000,3000,3000,No
50000,Female,1,2,26,-1,-1,-1,-1,-1,-1,750,0,3116,302,0,5778,0,3116,302,0,5778,200,No
50000,Female,2,2,49,0,0,0,0,0,0,43342,44441,45390,46310,47262,48219,2100,2000,1113,1143,1159,1381,No
100000,Male,2,1,49,0,0,0,0,0,0,69896,71360,72820,74264,75821,77410,2588,2644,2656,2752,2850,2965,No
50000,Female,1,2,24,4,3,2,2,2,2,38965,38063,38838,39598,40313,41293,0,1700,1700,1500,1800,1700,Yes
180000,Female,1,2,27,0,0,0,0,0,0,174546,175121,150710,135981,136064,137343,8269,6606,5000,4900,4900,4900,No
240000,Female,1,1,38,1,-2,-2,-2,-2,-2,0,0,0,0,0,0,0,100000,0,0,0,0,No
30000,Male,2,1,38,2,0,0,0,0,-2,28484,29242,30037,29682,0,0,1905,1700,1108,0,0,0,No
30000,Female,3,1,60,-1,3,2,0,0,3,5867,5621,4090,2829,2108,1801,0,0,0,1801,0,0,Yes
270000,Female,1,1,45,0,0,0,0,0,0,96175,88092,78574,70330,61355,52969,3626,2700,3180,2300,2800,2009,No
30000,Female,3,1,57,-1,-1,-1,-1,-1,-1,347,1353,78,135,68,193,1353,78,135,68,423,140,Yes
200000,Female,2,1,31,-1,-1,-1,-1,-1,-1,1319,4997,3635,130,1209,938,4997,3650,130,1209,938,105,Yes
40000,Female,2,1,29,-1,0,0,-2,-2,-1,8801,9544,0,0,0,7922,1000,0,0,0,7922,158,Yes
360000,Female,1,1,31,-2,-2,-2,-2,-2,-2,0,18540,9007,9500,8675,6573,18540,10000,10000,9000,6600,32810,No
150000,Female,3,1,57,-1,-1,-1,-1,-1,-1,5483,9136,17348,6456,12256,8156,9136,17348,6456,12256,8156,5256,No
80000,Female,2,2,24,0,0,0,0,0,2,9933,11111,9998,8950,9415,5700,1370,1233,261,549,400,0,Yes
300000,Female,1,1,32,1,-1,-1,-1,-1,-1,-227,44791,-649,129798,558,522,45018,0,130447,560,524,6776,No
220000,Male,2,1,32,0,0,0,0,0,0,202010,103124,105226,107476,109746,111920,3746,3820,4000,4000,4000,4500,No
110000,Female,2,1,42,-1,-1,-1,-1,-1,-1,776,776,776,776,926,776,776,776,776,926,776,776,No
50000,Female,3,2,60,0,0,0,0,0,0,31164,32384,27553,28101,28690,28467,1756,1445,993,1029,1054,977,No
230000,Female,1,1,37,-1,-1,0,0,0,0,400,20123,20590,20029,17198,5177,20123,1256,1000,1000,500,801,No
50000,Male,1,1,27,2,2,2,2,0,0,43333,46308,47250,46192,46997,48221,4000,2000,0,1700,2000,3600,Yes
240000,Female,2,3,39,0,0,0,0,0,0,171907,171394,68907,70164,70672,69581,7200,3000,3000,2509,3000,2500,No
130000,Female,1,2,26,0,-1,-1,-1,-2,-2,20054,1298,6712,-884,-6332,-9333,1298,6730,900,5448,0,25000,No
160000,Female,1,2,34,0,0,0,0,0,0,43729,43535,40799,41255,31766,32570,2045,1809,1265,1154,1333,1313,No
210000,Female,2,2,32,-1,0,0,0,-1,-1,1952,2787,6316,6504,326,89599,1526,4000,514,326,89599,3292,No
330000,Male,1,2,47,0,0,0,0,0,0,240063,242040,160008,160084,159453,159354,9500,5591,5500,6000,6000,6000,No
120000,Female,2,2,28,1,2,2,2,2,2,108993,111266,112056,112819,111298,113290,5500,4100,4087,400,4000,8932,No
100000,Female,1,2,29,-1,-1,-1,-1,-1,-1,5466,5652,9690,5286,8191,11272,5652,9690,6916,8191,6412,0,No
210000,Female,2,2,34,0,0,0,0,0,0,63672,57299,59336,61349,63366,65155,2200,3000,3000,3000,3000,3500,No
350000,Female,1,2,31,0,0,0,0,0,2,181550,177978,164481,198545,232543,165288,10000,20000,100048,60000,0,5000,No
180000,Female,2,2,25,0,0,0,0,0,0,141836,140792,144021,146539,149286,151900,5124,6000,5300,5500,5500,6000,No
150000,Female,1,2,28,0,0,0,0,0,0,66296,61916,39614,39863,26379,22081,3000,3005,5000,3000,5000,1000,No
50000,Male,1,3,37,1,2,0,0,0,0,49457,47080,45833,45310,6313,5009,0,1200,1000,126,1000,0,No
90000,Female,2,1,24,2,2,2,2,2,2,86643,87249,86858,86373,85875,82150,3881,3000,2800,1500,2299,2500,Yes
390000,Female,2,1,24,0,0,0,0,0,0,16406,16966,15428,13465,40736,39532,1500,1500,1000,30000,2000,3000,No
320000,Male,2,1,39,0,0,0,-1,-1,-1,51058,34619,18079,18077,1792,18344,1240,1403,18084,1801,18352,2072,No
20000,Male,2,2,34,0,0,0,0,0,0,15907,17142,17844,18009,17356,17200,1498,1200,365,347,344,0,No
500000,Male,1,1,40,-2,-2,-2,-2,-2,-2,5255,721,17252,7388,6069,0,721,17252,7421,6069,0,0,Yes
70000,Female,1,2,25,2,0,0,0,0,0,5730,7625,9484,11317,13125,14742,2000,2000,2000,2000,2000,2000,Yes
220000,Female,1,2,35,-1,-1,-1,-1,-1,-1,8304,11526,1270,0,1121,500,11526,1282,0,1121,500,0,Yes
50000,Male,2,2,28,0,0,0,0,2,0,28864,30090,31282,33350,32682,33385,2000,2000,2900,0,1400,1600,No
50000,Male,2,1,37,0,0,0,0,0,0,15175,16505,17516,17926,18487,19029,1579,1590,1000,1000,1000,1200,No
50000,Female,2,1,46,2,2,2,2,2,2,28390,29639,30854,30062,32705,33519,2000,2000,0,3300,1500,0,No
70000,Male,1,1,42,0,0,0,0,0,0,70730,58103,68197,50756,50843,46727,3500,15000,3000,2000,1840,1798,No
80000,Female,1,2,26,0,0,0,0,0,0,66982,66130,67489,68535,66835,64962,2986,3056,2787,2745,2564,2926,No
50000,Male,3,2,41,0,0,0,0,0,0,45487,45548,46076,19092,18227,18285,1858,1685,659,658,656,651,No
150000,Female,1,2,27,-1,-1,-2,-2,-2,-2,1345,0,0,0,0,0,0,0,0,0,0,24948,No
300000,Female,1,1,36,-2,-1,-1,-2,-2,-2,540,1283,843,0,444,0,1283,843,0,444,0,0,No
50000,Female,1,2,25,0,0,0,0,0,0,10973,12092,13386,13663,14440,15150,1300,1500,500,1000,1000,1000,No
170000,Female,2,1,42,0,0,0,0,-2,-2,4600,6519,7360,2437,2881,2659,2000,1000,2437,3103,2659,2659,No
350000,Male,1,2,37,-2,-2,-2,-2,-2,-2,316,316,316,466,466,316,316,316,466,466,316,316,No
470000,Female,2,2,33,0,0,0,0,0,0,43353,47682,46429,43405,42796,44171,5000,2600,1500,1500,2000,1500,No
20000,Male,2,2,25,0,0,0,0,0,0,13610,14160,15200,14800,17800,10000,1360,1400,0,3000,200,0,No
140000,Female,2,2,26,1,-1,0,0,0,0,0,811,1633,1666,1700,0,811,1000,33,34,0,0,No
60000,Female,2,2,23,1,2,2,0,0,0,45014,45698,39068,51205,54520,55964,1774,0,12858,4166,2350,3300,No
150000,Female,1,2,26,0,0,0,0,0,0,101569,103688,107321,106614,108805,111012,3756,5350,2562,2629,2669,2739,No
20000,Female,1,2,23,-1,-1,-1,-1,-1,-2,292,780,0,593,0,0,780,0,593,0,0,0,No
210000,Male,1,2,35,-1,-1,-1,0,-1,-1,6808,4954,8739,5420,4450,4064,4960,8747,8,4450,4064,3870,No
210000,Female,1,2,31,-1,-1,-1,0,0,-1,15332,10000,19875,57751,25456,10625,10000,19875,50000,15456,10625,213,No
280000,Male,1,1,44,-2,-1,-1,-1,-1,0,593,1763,53669,4707,22014,3415,1777,53934,4726,22102,12,1301,No
230000,Female,3,1,37,0,0,0,0,0,0,228342,189966,142377,143828,143698,143342,6100,7000,5356,5400,5200,5500,No
250000,Male,2,1,47,-2,-2,-2,-2,-2,-2,8996,18069,7966,3470,3128,2966,18069,7966,3470,3128,2966,3419,No
500000,Female,1,1,36,-1,-1,-1,0,0,0,24170,8051,77908,50297,43679,49749,8091,78192,65,33766,37945,37947,No
50000,Female,2,1,48,0,0,0,0,0,-1,12592,12899,7313,8036,3949,26984,2017,2000,1200,100,26984,5000,No
50000,Male,3,2,46,0,0,0,0,0,-1,5942,5444,2464,2521,-1,167,1056,1000,57,0,168,1002,No
150000,Female,2,1,36,0,0,0,0,0,0,296846,301634,314201,84135,90500,0,7143,13700,15000,7500,0,0,No
180000,Female,1,2,53,1,-2,-1,-1,-1,-1,0,41300,41300,0,3270,41300,41300,41300,0,3270,41300,0,No
70000,Female,2,3,24,1,2,0,0,0,0,4177,2657,2752,1048,462,830,0,1500,0,0,1123,0,No
110000,Male,3,1,40,0,0,0,0,0,0,93357,94938,79368,74778,75996,77423,4100,2612,2666,2700,2659,2694,No
200000,Male,1,1,43,1,2,0,0,0,0,203393,198272,120005,121023,128387,130960,0,5812,4500,9352,4700,5000,Yes
210000,Female,2,2,37,1,-2,-2,-2,-2,-2,0,0,0,0,0,0,0,0,0,0,0,0,No
320000,Male,1,2,36,0,0,0,0,0,-1,146201,129311,112151,84218,76058,24068,5465,3137,52,2384,25094,30011,No
20000,Male,1,2,37,0,0,0,0,0,0,66599,67259,69521,16970,17326,17688,2317,2579,606,628,649,623,Yes
130000,Female,2,2,29,-1,-1,2,0,0,-1,1110,1170,780,390,0,780,1170,0,0,0,780,0,No
20000,Male,1,1,29,0,0,0,-1,-1,-1,16961,16365,9342,556,19967,1742,2000,1139,556,20191,1742,0,No
210000,Male,1,1,39,-1,-1,2,2,-1,2,3391,775,450,125,800,325,1000,0,0,1000,0,650,No
30000,Female,2,2,33,0,0,0,0,0,0,25498,26149,26716,26918,27089,26277,1451,1408,1000,964,1136,716,Yes
60000,Female,3,1,36,1,2,2,0,0,0,47987,48716,47632,48738,49601,52773,1788,0,1894,1801,3997,0,Yes
110000,Male,2,1,49,0,0,0,0,0,0,75565,64833,48586,48430,48150,48271,4009,5000,2000,2000,2000,1800,No
130000,Male,1,2,32,-1,-1,-1,-2,-2,-1,32236,41510,-1523,-1523,-1523,48477,10000,0,0,0,50000,5000,No
500000,Female,1,2,38,0,0,0,0,0,0,74615,74399,68761,70260,70143,68506,4010,6720,5000,5000,4000,5000,No
100000,Male,2,2,35,-1,2,2,-1,-1,2,8102,10252,5607,59265,62554,55392,2500,0,59265,4100,2500,0,Yes
220000,Male,1,2,25,0,0,-1,0,-1,2,29664,5995,8419,6523,508,370,1018,8424,20,878,1,3046,No
50000,Male,2,2,40,0,0,0,0,0,0,40561,97214,48890,8694,8876,9052,18280,2284,311,322,323,334,No
500000,Male,1,1,49,-1,-1,-1,-1,-1,-1,1320,1320,1320,1320,1320,1320,1320,1320,1320,1320,1320,1320,No
50000,Female,1,2,29,-1,-1,-1,0,-1,-1,2459,2471,6015,5625,3056,2439,2471,6015,0,3056,2439,3026,Yes
200000,Female,1,1,45,-2,-2,-2,-2,-2,-2,1417,12643,3977,0,2500,199,12660,3977,0,2500,199,2944,No
320000,Female,2,2,50,-1,0,-1,-1,-1,-1,5714,7870,342,-6,1252,0,3000,342,2,1500,0,10701,No
450000,Male,2,2,29,1,2,0,0,0,-1,16524,12624,11239,10569,3868,5000,676,1204,264,19,5000,0,No
20000,Male,3,2,26,8,7,6,5,4,3,43340,42619,35381,31539,27409,23567,0,0,0,0,0,300,No
310000,Female,2,1,44,-1,-1,-2,-2,-2,-2,500,0,0,0,0,0,0,0,0,0,0,0,No
120000,Female,2,2,23,0,0,0,0,0,0,100727,96551,69676,44879,43532,44467,4324,3234,1448,1400,1400,1400,Yes
50000,Male,3,1,53,0,0,0,0,0,0,49466,50544,25381,9652,9464,9248,2442,1669,330,1342,330,430,No
130000,Male,3,1,48,0,0,0,-2,-2,-1,100522,102650,0,0,0,6163,4650,0,0,0,6163,66564,No
50000,Female,2,2,23,0,0,0,0,0,0,25421,26704,26952,15673,13903,27775,2000,1000,3400,1500,25298,3961,No
130000,Male,2,2,26,0,0,0,2,2,0,16435,17166,19478,19862,19403,21070,1300,2600,1000,0,2000,2000,Yes
50000,Female,2,2,42,0,0,0,0,-1,-1,50221,49664,49611,2190,19769,19335,2215,1462,248,20787,21402,522,No
30000,Female,2,1,34,2,2,2,2,2,2,24014,25891,27385,27834,28241,28130,2274,2217,1200,1000,500,2000,Yes
160000,Male,1,2,34,-1,-1,-1,-1,-1,-1,390,390,390,520,540,390,390,390,520,560,390,0,Yes
50000,Male,1,2,27,0,0,0,0,2,0,43341,44442,45408,48279,47406,48553,1800,1729,3600,0,2055,2100,No
80000,Female,2,2,28,0,-1,-1,0,0,0,18112,8857,69841,59075,58998,61038,10084,79200,2108,2200,3006,2523,No
60000,Female,2,2,25,0,0,0,0,0,0,50269,47809,42769,38855,38768,38846,4749,1621,1400,1395,1500,1795,No
230000,Female,1,2,27,1,2,0,0,-1,-1,46628,45253,10507,6742,4387,1670,0,1000,135,4387,1670,2798,No
390000,Female,1,2,30,0,0,0,0,0,0,86124,89129,90294,92243,94186,97562,4300,3437,3346,3475,5000,10005,No
110000,Female,2,1,28,0,0,0,0,0,0,3242,4095,4296,5043,5194,6110,1300,1054,1000,1000,1000,1500,No
50000,Male,1,2,24,1,-2,-2,-2,-2,-1,0,0,0,0,0,181,0,0,0,0,181,1685,No
20000,Female,2,1,35,1,2,2,-2,-2,-2,22382,20650,-15000,-15000,-15000,-15000,0,0,0,0,0,0,Yes
100000,Male,2,2,29,0,0,0,-2,-2,-2,65324,11860,0,0,0,0,2106,0,0,0,0,0,No
70000,Female,3,1,33,0,0,0,0,0,0,32405,22484,23169,23337,18265,18001,10580,8009,10004,5000,5000,5000,No
50000,Male,2,1,22,0,0,0,-1,-1,0,47559,50463,49094,1884,19792,19809,3690,2500,942,19792,727,792,No
290000,Female,2,2,30,0,0,0,-1,0,0,288994,296230,158127,234456,236813,211237,12549,7003,234456,9500,7592,7626,Yes
20000,Male,2,2,24,0,0,2,0,0,0,19401,20610,19682,19593,20001,19466,3232,0,815,858,832,560,No
90000,Female,1,2,28,0,0,2,2,2,2,87916,87459,88183,91204,89687,91060,5800,5400,5804,0,6700,0,Yes
260000,Male,3,2,48,0,0,0,0,0,0,266762,268508,266858,194413,189687,162473,11500,10000,5731,5654,5275,4000,No
90000,Female,2,2,26,0,0,0,0,0,0,92472,92518,91504,91706,91801,91753,4600,4100,3900,4000,3700,3700,No
150000,Female,1,2,31,0,0,0,0,0,0,126419,128887,134208,139551,134321,104513,7000,12440,10000,5000,5000,10000,No
60000,Female,2,1,46,0,0,0,0,0,0,60987,60832,50469,40564,40601,40467,2145,1612,1404,1442,1445,1389,No
80000,Male,2,1,42,2,0,0,0,0,0,80586,77960,79804,75299,76933,78953,3000,3200,3000,3400,3300,3500,No
30000,Female,2,1,26,1,2,0,0,0,0,30349,29580,30121,12787,6840,2250,0,1200,256,137,45,0,No
50000,Male,2,2,24,0,0,-2,-2,-2,-2,34500,0,0,0,0,0,0,0,0,0,0,0,No
250000,Female,1,2,37,0,0,-1,-1,-1,-1,43971,32009,13346,9163,8338,17793,1007,13346,9163,8338,18618,1763,No
50000,Female,1,2,22,0,0,0,0,0,0,41940,41811,35920,19987,18971,18654,1748,1253,2504,1004,1509,4495,Yes
120000,Female,3,2,32,0,0,-1,-1,-1,2,5152,4529,890,890,3040,1000,1015,890,890,3040,0,1580,No
20000,Female,2,1,36,1,-2,-2,-2,-2,-2,-25,-25,-25,-25,-25,-25,0,0,0,0,0,0,No
280000,Female,3,2,33,-1,-1,-1,-1,-1,-1,2186,2186,2184,2542,2186,2109,2196,2194,2554,2196,2119,17555,No
50000,Female,1,1,35,0,0,0,0,0,-1,46532,46624,45438,39527,7997,462,3000,1200,9,500,462,1500,No
100000,Male,1,2,32,-1,-1,-1,-1,2,-1,671,671,671,1642,821,671,671,671,1642,0,671,671,Yes
140000,Female,3,1,42,2,2,2,2,2,0,47556,48802,47722,50411,49473,50649,2300,0,3800,0,2000,2000,No
170000,Female,2,1,33,0,0,0,0,0,0,172382,173101,171158,121399,118539,121276,6558,6316,3828,3569,3959,3997,No
50000,Female,2,1,33,-1,0,0,0,0,0,25658,26539,27507,28299,12012,8923,1700,2080,3000,1000,1000,1000,No
50000,Male,3,1,46,0,0,0,0,0,0,49083,27822,28702,29119,29240,28664,1463,1733,1150,1480,1200,3135,No
120000,Male,2,1,47,-1,-1,-1,0,0,-1,2486,151,2853,2896,1149,1758,260,5753,1153,3,1759,4084,Yes
170000,Female,2,2,38,0,0,0,0,2,2,86401,88991,91571,94045,97965,101176,3991,4071,4000,5600,5000,4000,No
380000,Male,2,1,43,-1,0,0,0,0,-2,195221,188328,192624,149860,59256,61039,8000,8263,7127,4000,3000,2500,No
50000,Female,1,2,30,0,0,0,0,0,0,30145,26212,17354,18157,18952,14036,5000,2000,1000,1000,1000,1000,No
440000,Female,2,1,42,1,-2,-2,-2,-2,-2,22597,7288,5683,-20,-20,9881,7324,5683,20,0,9901,121971,No
30000,Female,2,1,24,2,2,2,2,2,2,150,150,150,150,150,300,0,0,0,0,150,0,No
470000,Male,1,1,39,-1,-1,-1,-1,-1,-1,5572,3595,22816,2360,4206,5527,3595,22816,2360,4356,5527,6420,No
180000,Female,3,1,40,-1,-1,-2,-1,-1,-1,1903,0,0,3155,1173,1021,0,0,3155,1173,1021,0,No
110000,Male,3,2,32,0,-1,-1,-2,-2,-2,34000,223,0,0,0,0,223,0,0,0,0,0,Yes
300000,Male,1,2,25,0,0,0,0,0,0,76918,41773,31180,19507,18169,18533,4103,1427,600,1200,2500,18000,No
120000,Female,1,2,31,-1,-1,-1,-1,-1,-1,325,325,325,325,325,1866,325,325,325,325,1866,325,No
220000,Male,1,2,33,-2,-2,-2,-2,-1,0,3233,2106,666,1064,707,9213,2108,1332,1064,707,9325,1500,No
50000,Male,1,2,27,0,0,0,0,-1,-1,50459,36307,27713,3807,2746,625,1600,3071,500,2800,900,100,No
100000,Male,2,1,43,1,-2,-2,-2,-1,0,0,0,0,0,551,551,0,0,0,551,0,0,No
170000,Female,1,2,30,-2,-2,-2,-2,-2,-2,3733,1958,5956,1836,3959,1285,1958,5956,1842,3959,1285,0,No
360000,Female,1,2,37,-1,-1,-1,-1,-1,-1,3355,5865,3300,6290,8220,28410,5865,3300,6290,8220,28410,4845,No
180000,Female,2,2,43,0,0,0,-2,-2,-1,4819,5240,999,495,1776,79785,1010,1003,496,1781,81032,3600,No
120000,Male,2,2,27,0,0,0,0,0,0,33474,29029,26523,20554,19348,17439,1789,2037,659,802,640,513,No
210000,Male,3,2,32,-2,-1,-1,-1,-1,-1,1649,1000,0,1761,675,752,1000,0,1761,675,752,1104,No
60000,Male,2,1,56,0,0,0,0,0,0,28842,30371,31556,32345,33663,34945,2000,2000,1315,2000,2000,2000,Yes
50000,Female,3,1,36,0,-1,0,0,0,0,3781,1710,25967,17227,15714,15876,1710,25000,754,600,800,1900,No
50000,Female,3,1,52,1,2,0,0,2,2,30505,29731,31062,33231,33736,33042,0,1831,3000,1182,0,1228,Yes
100000,Female,1,1,33,-1,-1,-2,-2,-2,-2,3976,0,0,0,0,0,0,0,0,0,0,402,Yes
150000,Female,3,1,43,0,0,0,0,0,0,90606,93496,94196,91550,89586,88300,4348,3229,3150,3348,3244,8778,No
120000,Male,2,3,38,-2,-2,-2,-2,-2,-2,7787,3495,1706,-4,-4,-4,3505,1711,0,0,0,0,No
80000,Female,2,1,32,-1,-1,-1,-1,-1,-1,199,199,199,199,0,22109,199,199,199,0,22109,45352,Yes
210000,Female,2,1,27,2,2,0,0,0,0,174134,167095,161573,122362,116243,108414,16,6800,3800,5134,4000,4000,Yes
80000,Female,2,2,37,-1,2,-1,0,0,0,1118,1102,10512,19529,27167,30878,0,10512,9529,8167,5000,6220,No
50000,Female,2,1,38,0,0,2,0,0,0,20838,23204,22538,22864,23495,24100,3000,0,1000,1000,1000,1000,Yes
50000,Female,2,3,52,0,0,0,0,0,0,50671,50525,38240,18443,20065,20296,1844,1292,804,5717,823,1299,No
330000,Female,1,2,34,-1,-1,-1,-1,-1,-1,1406,1467,2599,17064,70464,-6053,1488,2599,17064,70464,0,232972,No
230000,Male,3,2,28,0,-1,-1,-1,-1,0,152966,65722,11666,18844,34983,53935,65722,20000,18844,34983,408,14574,No
30000,Male,3,1,44,4,3,2,2,-2,-2,7221,6962,6700,0,0,0,0,0,0,0,0,0,Yes
50000,Male,1,1,41,2,0,0,0,0,0,39159,40194,41209,42125,43443,44476,1669,1684,1600,2000,1753,1696,Yes
220000,Male,1,2,37,2,2,0,0,0,0,185955,181587,186054,188465,192758,196493,0,9000,7000,7500,7100,7500,No
270000,Female,1,2,27,0,0,0,0,0,-1,11306,11263,13021,4144,2291,36491,1500,2000,2000,1000,37500,1000,No
10000,Female,2,1,24,1,2,2,2,2,2,3892,3686,5064,4837,5208,5475,0,1600,0,600,500,0,No
20000,Male,2,2,25,0,0,0,0,0,0,15006,16166,17160,16760,16760,0,1406,1400,0,0,0,0,No
30000,Male,3,2,25,2,2,2,0,0,2,22440,24168,23481,23950,25659,25098,2390,0,859,2097,0,1092,Yes
210000,Female,2,2,32,0,0,0,2,0,0,85965,88586,94412,92195,92491,94369,4000,7500,0,3000,5000,5000,No
250000,Female,2,1,50,0,0,2,0,0,0,116256,122392,118668,95735,96509,97089,11500,0,3543,3700,3547,3165,No
180000,Female,1,2,28,-2,-2,-2,-2,-2,-2,584,1133,572,803,916,1189,1133,572,803,916,1189,375,No
350000,Male,1,1,38,-2,-2,-1,0,0,-2,16459,4120,44164,35233,884,9924,941,44743,0,884,9924,10824,Yes
20000,Male,1,2,22,0,0,0,0,0,0,18093,18543,18911,19000,19397,19941,1300,1611,700,704,867,597,No
30000,Male,3,2,36,0,0,0,-2,-2,-2,30328,29999,0,0,0,0,1768,0,0,0,0,0,Yes
20000,Male,1,1,34,2,0,0,2,2,2,6099,7559,8989,8436,12016,11404,2000,2000,0,4000,0,4000,No
140000,Female,3,2,59,2,0,0,0,0,0,62042,63445,63729,63751,65421,68070,3000,2000,2000,2000,3000,3000,Yes
30000,Male,3,1,44,2,2,2,0,0,0,18659,22544,21889,22721,23401,25000,4500,0,1500,1200,2000,3000,Yes
180000,Female,1,2,30,0,0,-1,0,0,-2,15743,9814,9161,8252,0,0,1205,9402,0,0,0,0,No
20000,Female,2,2,25,0,0,0,0,0,3,8011,9041,10903,11622,13280,12778,1320,2181,900,2000,0,0,No
100000,Female,3,1,36,2,2,2,2,2,2,53530,55081,55581,59253,61145,62181,3000,2000,4600,3000,2200,2500,Yes
100000,Female,3,1,36,0,0,2,0,0,2,101972,115335,112016,112906,120101,138819,16608,0,4233,9200,21000,4000,Yes
20000,Male,2,1,45,-2,-2,-2,-2,-2,-2,0,0,0,0,0,0,0,0,0,0,0,19409,No
350000,Male,1,1,31,0,0,0,2,0,0,18685,21057,23291,22812,27418,20203,3000,3000,0,5000,5000,5000,Yes
80000,Female,2,1,32,0,0,0,0,0,0,80237,69568,64469,54020,55852,44286,3000,2500,2000,3000,2000,1500,No
120000,Female,3,1,49,0,0,0,0,0,0,44244,44075,44823,44683,45537,50293,2000,3000,2000,3000,7000,3000,No
210000,Female,2,2,30,-1,0,0,0,0,0,1654,33257,34395,35321,36249,37047,32000,2000,1500,1500,1400,1600,No
120000,Male,1,1,37,-1,-1,-1,-1,-1,-1,32050,3872,52150,2740,4626,802,3872,52150,2740,4626,802,0,No
20000,Male,2,2,22,0,0,2,0,0,0,8134,9992,10526,11049,11865,12665,2000,1000,1000,1000,1000,8100,No
200000,Male,3,2,25,-2,-2,-2,-2,-1,-1,848,753,547,-2,2040,0,753,547,2,2042,0,0,No
50000,Female,2,2,54,-1,4,3,2,3,2,1126,1113,1092,1415,1115,569,0,0,323,0,0,1188,No
450000,Male,1,1,37,1,-1,-1,-2,-2,-2,0,245,0,0,0,0,245,0,0,0,0,0,No
300000,Male,1,2,34,-1,-1,-1,-1,-1,-1,396,396,396,0,792,68095,396,396,0,792,68095,1700,No
300000,Male,1,2,36,0,0,0,0,0,0,295433,301521,308038,306154,295664,290329,13000,13116,11000,11000,12000,9300,No
280000,Male,2,1,37,-2,-1,-1,-2,-2,-2,2035,11009,9360,7480,4402,3646,11009,9370,7486,4402,3646,6059,No
170000,Male,1,2,39,0,0,0,0,0,0,171160,187853,171095,137986,141319,139463,13000,6154,15000,6000,7000,5000,No
60000,Male,1,1,38,2,0,0,0,2,2,30013,31226,32396,34657,35456,34736,2000,2000,2800,1500,0,1500,Yes
50000,Male,2,2,29,0,0,0,0,0,0,23469,23110,22792,20861,19116,15286,1437,1236,649,831,568,226,No
380000,Male,2,1,38,-2,-2,-2,-1,-1,-2,0,0,990,2086,0,4069,0,990,2086,0,4069,10000,No
70000,Female,1,1,40,2,0,0,2,2,2,45251,42685,45674,44639,47624,48592,1800,3700,0,3707,1900,0,Yes
430000,Male,1,1,48,-2,-2,-2,-2,-2,-2,4469,52213,46935,0,46987,882,52226,46935,0,46987,882,0,No
330000,Female,2,1,41,1,2,2,2,2,2,289884,283863,301265,306752,313710,309446,0,22200,12000,12000,978,23500,No
250000,Female,1,2,26,-1,-1,-2,-2,-1,-1,7374,0,0,0,2546,0,0,0,0,2546,0,0,No
480000,Female,1,1,38,0,0,0,0,0,0,384150,392013,361178,305024,289379,295768,15000,16000,12008,11000,11000,11000,No
210000,Male,2,2,37,-1,-1,-1,2,-1,0,1890,3037,2429,823,1089,1451,3037,1200,0,1089,1201,1031,No
390000,Male,5,2,29,1,2,0,0,0,0,407399,397464,395333,367400,304990,304303,0,14414,14411,76000,15000,13000,No
280000,Male,1,1,44,1,-2,-2,-2,-2,-1,-136,-496,-856,-1216,-1576,4266,360,360,360,317,6252,8,No
50000,Male,2,1,33,-2,-2,-2,-2,-2,-2,390,390,0,780,0,0,390,0,780,0,0,0,No
230000,Female,1,2,40,-2,-2,-2,-2,-2,-2,360,0,0,0,0,0,0,0,0,0,0,0,No
200000,Male,3,0,36,-2,-2,-2,-2,-2,-2,5644,82620,14129,41359,9140,0,89187,14178,41359,9140,0,0,No
30000,Male,2,2,47,0,0,0,0,0,0,29596,29625,29523,29494,29464,29891,1600,1500,1500,1500,2000,2301,No
50000,Male,2,1,37,-1,-1,-1,-1,-1,-1,4719,22449,6640,5410,9570,1500,22530,6640,5410,9570,1500,0,No
180000,Male,1,2,26,0,0,0,-1,-1,-1,24464,25332,11991,4394,200,200,1573,3007,4394,200,200,200,No
150000,Female,3,1,45,0,0,0,0,0,0,141415,144592,147635,129507,132219,134869,5457,5661,4636,4800,4850,5000,Yes
70000,Male,1,2,27,0,0,0,0,0,2,39449,39742,40618,28782,30281,29175,2100,2000,1200,2590,0,1000,No
150000,Male,2,2,26,0,0,0,0,0,0,10111,9847,10870,12189,12836,13828,1158,1181,1500,836,1200,2000,No
50000,Male,3,2,25,1,2,2,0,0,2,43685,44694,43673,44659,49512,48454,2000,0,2000,6000,300,3000,No
430000,Female,2,1,42,0,0,0,0,0,0,89395,90052,90604,91200,92134,92834,3243,3200,3185,3500,3500,3420,No
70000,Male,1,2,25,-1,2,2,2,2,0,3635,4529,4308,4859,4638,4911,1100,0,624,0,500,1000,Yes
20000,Male,3,2,36,1,-1,-1,-1,-1,-1,0,832,0,832,1486,0,832,0,832,1486,0,1248,No
310000,Female,1,1,33,-2,-2,-2,-2,-2,-2,115,894,0,0,0,0,894,0,0,0,0,0,Yes
160000,Female,2,1,23,0,0,0,0,0,0,96814,69870,68984,55559,44705,28223,10008,20014,1894,6425,2204,62529,No
180000,Female,1,2,28,0,0,0,2,0,0,99307,104403,110366,101550,98615,49730,6700,10605,0,4751,1754,0,Yes
210000,Male,2,1,40,-1,-1,0,0,0,0,5130,15266,11423,9329,12329,10039,15266,2500,1200,3000,1077,2104,No
360000,Male,1,2,30,-1,-1,-1,-1,-1,-1,312,312,312,312,251,-61,313,313,313,252,1,95971,Yes
180000,Male,3,2,31,2,2,0,0,0,0,36864,35587,35989,36013,36164,31637,0,1800,1230,1200,1350,2310,No
200000,Female,1,2,29,1,2,0,0,2,2,16198,14320,15439,14757,14275,13680,0,5000,1000,0,2000,0,No
240000,Male,2,1,48,0,-1,-1,-2,-1,-1,3972,783,0,0,3853,29252,783,0,0,3853,29252,16747,Yes
180000,Female,1,2,29,0,0,0,0,0,0,35619,22745,12200,9531,10131,0,1745,1200,1531,3500,0,0,No
80000,Female,3,1,33,-1,-1,0,-1,-1,-2,325,107,1107,1338,0,0,107,1000,1338,0,0,1080,No
50000,Female,3,1,32,0,0,0,0,0,0,42740,44744,47539,17360,17928,19619,3000,4000,1000,1000,2000,1000,No
280000,Female,2,1,36,0,0,0,0,0,0,101803,100836,96333,97475,100652,1823,5005,7066,10000,5000,1823,4225,No
210000,Female,3,1,45,-1,-1,-1,-1,-1,-1,430,430,430,430,430,430,430,430,430,430,430,10798,No
80000,Male,3,2,33,0,0,0,0,0,0,55424,56598,57724,58892,61991,63224,2068,2081,2113,5000,2264,2342,No
30000,Female,2,2,24,2,2,7,7,7,7,300,300,300,300,300,300,0,0,0,0,0,0,No
360000,Female,3,2,27,1,-2,-2,-2,-2,-2,0,0,0,0,0,0,0,0,0,0,0,0,No
200000,Male,2,2,28,-1,0,0,0,-1,-1,29804,30892,25355,21666,15404,11559,20044,10198,15083,15450,11593,18784,No
50000,Male,2,1,33,0,0,0,0,0,0,50431,45619,33610,19221,18925,19608,1823,1500,1000,1000,1000,1000,No
320000,Female,2,1,41,0,0,0,0,0,0,49846,53811,38717,35409,35036,35939,5000,2000,2000,3000,3000,1500,No
60000,Male,2,2,27,0,0,0,2,2,0,23439,26042,29182,29906,29292,29729,3300,3900,1500,0,1074,1200,No
230000,Female,1,2,30,2,2,2,2,2,2,216409,221419,224753,228022,232724,260472,10000,8500,8500,8500,32000,200,No
150000,Female,1,1,44,-1,-1,-1,-2,-2,-2,1843,1367,0,0,0,0,1367,0,0,0,0,0,Yes
50000,Male,1,2,34,0,0,0,0,0,0,20613,28018,22744,18484,16378,13352,10000,10000,1500,3000,2803,5000,No
280000,Female,1,1,37,-1,-1,-1,-1,-1,-1,3915,6686,3719,11013,21011,29459,6691,85,11045,21012,29460,10284,No
50000,Female,3,1,50,0,0,0,0,0,0,38499,39216,15554,8704,8904,4687,1743,1021,200,200,100,0,No
500000,Male,1,1,32,0,0,0,0,0,0,15491,22984,20700,19805,23802,23085,12992,2009,5000,5000,2000,7000,No
400000,Female,3,1,41,0,0,0,0,0,0,18487,12366,13010,12620,17945,20030,2620,1000,0,13945,7116,1280,Yes
280000,Male,2,2,28,-2,-2,-2,-2,-2,-2,1799,1768,1848,-8,1601,-3,1782,1857,0,1609,3,1077,No
360000,Female,2,2,41,0,0,0,0,0,0,158277,203726,293675,196475,2475,0,50000,100000,0,0,0,0,No
260000,Female,1,2,29,1,-1,0,-1,-1,-1,15502,16832,16832,16332,16332,-334,18000,16666,16666,16666,0,17000,Yes
330000,Male,1,1,42,0,0,0,0,0,0,241191,114291,113296,35048,36491,37252,10000,5449,5000,2000,2000,5000,No
350000,Female,2,1,33,-2,-2,-1,0,0,0,-7438,144562,147437,135043,137980,138908,152000,6000,5000,4000,4017,5000,No
500000,Female,2,1,39,-1,-1,-1,-1,-1,-1,36550,18752,22376,39018,4233,397,18795,22398,39041,4233,397,28337,No
440000,Female,1,1,35,0,0,0,0,0,0,128808,133340,133075,109705,111202,116169,10000,5000,5000,7126,10000,10000,No
260000,Male,2,2,28,0,0,0,0,0,0,234867,237497,215343,205576,207688,198955,10500,9150,7500,8000,7500,7100,No
100000,Male,2,1,35,0,0,0,0,0,0,81415,80759,79755,81209,60720,74375,4000,3000,3004,2278,15000,3000,No
70000,Male,3,1,47,0,0,0,0,0,0,67670,62529,59024,26008,28210,18296,2730,2490,1000,5746,2000,143,No
440000,Male,1,2,43,0,0,0,0,0,0,58108,51013,48337,49532,53714,56818,2400,3000,2000,5000,4000,4000,No
220000,Female,1,1,44,-1,0,0,0,0,0,208858,212640,216062,209288,202578,195567,7611,7484,7109,6969,6661,6426,No
160000,Female,1,1,32,-1,-1,-1,-1,-1,-1,3189,3203,3421,2750,2750,5224,3248,3421,2750,2750,5224,2313,No
200000,Male,2,1,46,-1,2,-1,-1,2,-1,7340,5980,4486,9790,4944,4696,0,4486,10000,0,4696,4696,No
30000,Female,2,2,25,0,0,0,0,0,0,24458,29022,28230,22204,21954,22606,5000,1518,529,535,750,347,No
110000,Female,1,2,27,0,0,0,0,0,0,113461,112026,111792,111936,112030,111975,4251,4218,4167,4238,4181,4246,No
60000,Female,2,1,43,0,0,0,0,0,0,57033,58994,59732,36914,37684,38613,2880,2473,1322,1366,1554,1369,No
260000,Male,1,2,28,-1,-1,-1,-1,-1,-1,76996,11515,13392,22209,54807,62534,11515,13419,22209,54807,62534,37935,No
110000,Male,2,1,36,0,0,0,0,0,0,109361,102505,103834,76491,77245,78049,3940,3256,2696,2780,2900,3000,No
280000,Female,1,2,32,0,0,0,0,0,0,157480,155362,156387,159584,163009,161769,6400,6100,5600,5805,7007,5400,No
210000,Male,1,2,30,-1,-1,-1,0,-1,-1,462,562,1864,932,932,1014,1032,2234,0,932,1014,1000,No
80000,Female,2,1,37,0,-1,0,0,0,0,5744,33115,34131,34809,35539,36271,33115,1568,1246,1291,1324,728,No
200000,Female,1,2,37,0,0,0,0,0,0,75360,57589,54711,44396,25948,14505,2050,15000,6003,845,290,12715,No
100000,Female,2,2,33,2,2,0,0,0,0,74763,73010,74198,74964,76655,78328,0,3000,2000,2000,2000,2000,No
210000,Male,2,1,42,-1,-1,-1,-1,-1,-1,9377,9534,9850,9905,8540,8785,9540,9856,9905,8540,8785,3080,No
140000,Female,2,2,35,1,2,0,0,0,0,148305,141907,141940,113028,112667,112318,0,7000,3923,4000,4100,4788,No
180000,Male,1,2,29,0,0,0,0,2,2,93962,95955,98354,105327,107500,105614,3500,4000,8600,4000,0,8100,No
240000,Female,2,2,34,0,0,0,0,0,0,122810,114408,97395,83314,73292,59270,10066,7255,3035,3030,3018,2012,No
150000,Female,1,2,24,-1,-1,-1,0,0,-1,4857,1729,49200,50000,0,50000,1733,49200,1000,0,50000,0,No
80000,Male,2,1,54,0,0,0,0,0,-1,105365,108702,108486,94119,18809,40619,5030,2698,2172,376,40619,25311,Yes
210000,Female,2,1,37,0,0,-2,-2,-2,-2,22908,32513,6192,2885,8419,2810,32513,9,8,8444,3118,0,Yes
180000,Female,1,2,28,0,0,0,0,0,-1,12595,18704,24410,29184,7325,326,7000,7000,7000,5000,326,7276,No
20000,Male,1,2,28,0,0,0,0,0,0,17359,16828,17723,18733,12249,19910,2700,4150,1500,577,8000,300,No
140000,Male,2,2,34,0,0,0,0,0,0,128312,119084,62922,60196,58935,58654,5000,2200,2300,2300,2100,2000,No
200000,Male,3,2,40,-2,-2,-2,-2,-2,-2,390,1799,390,390,418,1604,1799,390,390,418,1604,0,No
80000,Male,2,2,25,0,0,0,0,0,0,77142,45209,46410,43053,44387,43780,2000,2000,2000,2000,2000,2000,No
20000,Female,2,2,49,1,2,2,2,0,0,18718,18132,19530,18950,16510,19386,0,3000,0,1000,3000,2000,Yes
80000,Female,2,2,24,-2,-2,-2,-2,-2,-2,0,0,0,0,0,0,0,0,0,0,0,400,No
170000,Female,1,1,41,0,0,0,0,0,0,165602,138507,136176,61000,59477,44218,80000,4742,2022,2076,1776,10433,No
70000,Female,2,1,41,2,2,2,2,2,2,50241,51145,50022,53390,54579,55722,2000,0,4200,2200,2200,2200,Yes
90000,Female,3,1,40,-1,-1,-1,-1,-1,-1,3569,7319,7608,1720,45000,0,7385,7608,1720,45000,15000,1543,No
30000,Male,2,2,30,0,0,0,0,0,0,22221,23248,24260,24743,25261,25763,1391,1403,886,917,922,955,No
50000,Male,1,2,25,-1,-1,-1,-1,-1,-2,2543,14335,566,5243,0,0,14439,566,5243,0,0,1380,No
260000,Female,1,2,39,0,0,0,0,0,0,231024,208119,213219,202106,208890,215455,10000,10000,8000,10000,10000,20000,No
360000,Female,1,1,33,-1,-1,-1,-1,-1,-1,50067,17607,41262,8882,17348,29216,17607,41285,8882,17348,29216,4043,No
500000,Female,3,2,52,-2,-2,-2,-2,-2,-2,0,0,0,0,0,0,0,0,0,0,0,0,Yes
460000,Female,1,2,39,0,0,0,0,0,0,89095,93634,111899,199682,177073,175979,6000,20000,90000,9000,10000,10000,No
20000,Female,2,2,26,2,0,0,0,0,0,19366,19297,20023,19625,15188,0,1800,1500,500,500,0,0,Yes
360000,Male,2,2,25,1,-1,2,0,-1,-1,0,1647,1488,490,1697,789,1647,5,2,1705,792,0,No
300000,Female,1,1,38,-1,-1,-1,-2,-2,-2,1008,228,0,0,0,0,228,0,0,888,0,0,No
70000,Female,2,1,28,1,3,2,2,2,0,29836,30856,30658,31850,31207,32037,1800,600,2000,0,1500,1500,Yes
50000,Female,1,2,26,0,0,0,0,0,0,26808,44361,32088,20100,15117,18501,30040,2037,592,5003,5012,2023,No
390000,Male,2,1,42,-1,-1,-1,-1,-1,-1,1565,1733,2472,2626,989,4647,1733,2492,2637,992,4667,277,No
50000,Female,3,1,28,0,0,-1,-1,-1,-1,3377,4256,4207,694,238,0,1000,4207,694,238,0,0,No
280000,Female,1,2,38,1,-2,-1,-1,-1,-1,0,0,3898,1460,18901,0,0,3898,1460,18901,0,0,Yes
50000,Male,1,2,32,0,0,0,2,0,0,13185,5070,6815,6068,7798,8511,1255,2000,0,2000,1000,500,No
150000,Female,1,2,28,-2,-2,-2,-2,-2,-2,0,0,0,0,0,0,0,0,0,0,0,0,No
120000,Female,1,2,31,1,-1,-1,0,-1,-1,0,1730,2457,2192,2655,0,1730,2459,0,2655,0,0,Yes
360000,Female,2,3,37,0,0,0,-1,-1,-1,10764,8874,3501,328,0,770,1052,1002,328,0,770,11309,No
20000,Male,2,2,33,-1,0,0,0,0,0,3010,1603,19980,19983,20066,19855,1272,19288,681,917,1000,889,No
50000,Female,3,1,46,0,0,0,0,-2,-2,48797,49115,47991,0,0,0,2000,1018,0,0,0,0,No
20000,Female,1,2,23,1,2,2,2,0,0,10407,10096,11926,11440,12596,13533,0,2000,0,1500,1300,0,Yes
90000,Male,2,1,35,0,0,0,0,0,0,90467,88834,89791,53096,52340,27660,4000,5000,3100,1700,1421,319,Yes
20000,Male,2,2,22,-1,2,0,0,0,2,17990,17413,18608,19138,20690,20174,0,1502,822,2000,0,220,No
100000,Female,2,2,23,-2,-2,-2,-2,-2,-2,45756,9187,5408,12920,9656,4737,9187,5408,12920,9656,4737,4513,No
270000,Male,2,2,26,0,0,0,0,0,0,214277,199757,198551,201945,203636,205104,10000,7500,8000,7409,7869,10035,No
160000,Male,2,2,28,-1,-1,-1,-1,-1,-1,1390,550,550,550,550,550,550,550,550,550,550,550,No
80000,Female,2,2,29,0,0,0,0,0,0,46724,35074,32812,25930,26414,27128,2000,2000,1100,1000,1100,1000,No
10000,Male,1,2,24,2,0,0,0,0,2,7554,8287,9580,9267,10096,9415,1500,2000,700,1500,0,1000,Yes
90000,Female,1,1,43,-1,-1,2,-1,-1,-1,16139,7199,4367,7660,21175,4009,4367,9,7660,21175,4009,7452,No
150000,Female,3,1,59,-2,-2,-2,-2,-2,-2,11067,12367,10557,9974,11507,1926,12405,10557,9974,11507,1926,5512,No
50000,Male,3,1,49,0,-1,-1,-1,0,0,2522,1173,-88,2912,390,390,1173,0,3000,0,0,780,No
260000,Male,3,1,48,0,0,0,0,-1,0,200716,203751,205530,-170000,171696,174151,8812,9158,0,497000,10000,7000,No
50000,Female,2,2,22,-2,-1,0,0,0,0,836,10214,10057,9221,8808,3861,10214,2000,0,423,3861,3665,No
30000,Male,1,2,28,-1,2,2,0,0,0,1190,2107,1098,1098,1248,982,1098,0,0,982,150,0,Yes
70000,Male,2,2,26,2,2,2,2,0,0,46599,45578,48505,47427,48447,45145,0,4000,0,2000,1700,3000,No
360000,Male,1,1,52,1,-2,-2,-2,-2,-2,0,0,0,0,0,0,0,0,0,0,0,0,Yes
430000,Female,1,2,39,-2,-1,-1,-1,-1,-1,673,4549,7566,987,4870,975,4576,7642,990,4889,981,317,No
50000,Female,2,2,23,-1,0,0,0,0,0,1291,2075,2895,2698,2500,2296,1100,1181,300,300,300,250,No
150000,Female,5,2,26,0,0,2,0,0,0,22683,24349,2130,2130,32,-780,2219,0,0,0,0,0,No
70000,Female,2,2,23,1,2,0,0,2,2,17461,16892,18013,19315,19859,19390,0,1400,1600,1000,0,1000,Yes
110000,Male,3,1,38,0,0,0,0,0,0,14084,11129,9316,7681,8897,11729,2500,2500,1000,1500,3000,500,No
20000,Female,1,2,38,-1,0,0,3,2,2,3527,4556,5867,5495,5126,5899,1241,1700,0,0,1000,0,Yes
20000,Male,3,2,39,0,0,0,0,2,2,7824,9000,9867,11929,12091,12245,1307,1174,2236,500,500,0,No
50000,Male,1,2,31,-2,-2,-2,-2,-2,-2,11479,12002,3508,339,1655,679,12002,3508,339,1655,679,1600,No
10000,Male,1,2,33,0,0,0,0,0,0,8417,6281,8567,10046,10063,10132,1700,4700,2502,1500,3000,0,No
20000,Male,2,2,24,0,0,2,0,0,0,15703,19775,19096,19612,20164,19771,4663,0,1000,1000,5000,0,No
180000,Male,2,2,34,1,-2,-2,-2,-2,-2,149172,100466,98458,89384,88315,84320,4600,4207,3500,4000,5000,602,Yes
60000,Female,2,1,26,0,0,2,0,0,0,60597,61332,58787,58472,57777,60985,5504,0,2304,2261,4600,2100,Yes
20000,Male,1,1,30,1,2,2,2,2,0,6885,8627,8340,10044,9739,10571,2000,0,1855,0,1000,397,Yes
70000,Female,1,2,25,0,0,0,0,0,0,71106,67954,68976,49145,49688,47780,3292,3290,1706,1759,1729,1717,No
60000,Female,2,1,38,0,0,0,0,0,-1,48399,48241,36162,36560,40855,885,1764,1400,5000,5000,885,1721,No
200000,Male,1,2,28,-2,-2,-2,-2,-2,-2,3330,2665,115323,21547,4056,3180,2686,115916,21722,4076,3196,17660,No
200000,Male,1,2,34,1,-2,-1,0,0,-2,-1730,-1730,1111,1111,-29,-3789,0,3000,0,0,0,0,Yes
300000,Female,1,1,37,-1,-1,0,-1,-1,-1,3144,5688,2297,3115,3172,1589,5734,2018,3138,3187,1597,2394,No
390000,Male,1,2,34,-1,-1,-1,-1,-1,-1,13006,522,1790,7957,3044,27603,524,1790,7957,3044,27603,11219,No
80000,Female,2,1,23,0,0,0,0,0,0,72364,64105,45867,29713,30270,27912,2756,1366,1000,1023,1093,700,No
100000,Female,1,2,25,-1,-1,-1,-1,0,0,12660,5000,0,6272,10135,11958,5000,0,6272,4000,2000,0,No
40000,Female,3,1,49,1,-2,-2,-2,-2,-1,0,0,0,0,0,150,0,0,0,0,150,159,No
180000,Female,2,1,25,0,0,0,0,0,-1,33322,29500,28418,16084,14210,711,1900,1864,600,600,711,2576,No
420000,Male,2,2,28,0,0,0,0,0,0,22872,23309,24612,25400,26333,27887,1700,2000,1500,1500,2000,1567,No
20000,Male,2,1,59,0,0,-1,-1,-1,-1,2946,0,1473,240,390,1320,0,1473,240,540,1320,0,No
340000,Female,2,1,31,-1,0,0,0,0,0,33639,37373,40990,42415,38367,37940,5000,5000,3000,2000,2000,3000,No
20000,Female,1,2,25,2,2,2,2,2,2,9317,18576,18219,17095,19748,18722,10000,800,0,3500,0,1000,Yes
320000,Male,3,2,52,0,0,0,0,0,0,31858,33562,35119,36886,38756,40543,5000,5000,5000,5000,5000,5000,No
360000,Male,1,1,39,-2,-2,-2,-2,-2,-2,0,0,0,0,0,0,0,0,0,0,0,0,No
100000,Female,1,2,29,0,0,0,0,0,0,33330,36282,38673,43014,48300,57497,3500,3000,5000,6000,10000,0,No
310000,Female,1,2,36,-2,-2,-2,-2,-2,-2,0,298887,0,0,0,0,298887,0,0,0,0,199417,No
200000,Male,2,2,33,1,2,2,2,0,0,98990,96566,103019,100464,102844,105505,0,9000,0,4000,4500,4000,No
30000,Female,2,2,28,-1,-1,-2,-1,-1,-2,1743,0,0,2779,0,0,0,0,2779,0,0,0,Yes
130000,Female,3,1,25,0,0,0,0,0,0,132110,133734,129299,131871,132168,129779,6359,4505,4530,4798,4600,4655,No
20000,Female,3,1,44,0,0,2,0,0,-2,17095,19112,17980,18780,0,0,3000,0,1000,1000,0,0,No
120000,Female,5,1,57,0,0,0,0,0,0,116497,109247,98109,74387,75237,78967,5000,5007,5000,5000,5000,5000,No
50000,Female,2,1,26,0,0,0,0,0,0,43721,42060,42332,37872,35748,33631,2228,2500,1660,1457,1300,1340,No
220000,Female,2,1,48,0,0,0,0,0,0,28132,30362,31387,32559,35019,37422,2700,1534,1700,3000,3000,3000,Yes
50000,Female,3,1,59,0,0,0,0,0,0,37201,27863,27712,28433,21449,20688,1503,1352,1073,1077,900,1000,No
30000,Female,2,1,26,2,2,2,2,2,2,30954,30670,29856,30584,27883,29334,2074,0,2304,0,2400,0,No
200000,Female,2,1,33,1,-2,-2,-2,-2,-2,0,0,0,0,0,0,0,0,0,0,0,0,No
400000,Female,3,1,50,2,-1,-1,-1,-1,-2,5523,8033,0,550,0,0,8037,0,550,0,0,0,Yes
120000,Female,1,1,41,0,0,0,0,0,0,118847,113190,114113,111593,112533,111672,5000,6000,5000,5000,5000,5000,No
60000,Female,2,1,38,0,0,0,0,0,0,45972,49874,47329,35587,36193,29978,5000,5000,5000,5000,5000,15000,No
150000,Female,1,2,25,-1,-1,0,0,0,-1,3167,13680,12848,8445,6868,1310,13879,4000,0,0,1310,0,No
240000,Female,2,1,44,-2,-1,-1,2,2,3,16925,1411,1696,1437,2714,2202,1411,1200,0,1479,0,0,No
130000,Male,2,2,29,-1,-1,-2,-2,-2,-2,3594,0,0,0,0,0,0,0,0,0,0,0,No
200000,Male,3,1,40,2,0,0,2,2,2,91368,92989,99704,101169,103401,109831,4000,8300,4000,4000,8300,0,Yes
240000,Female,2,1,56,2,2,-2,-2,-2,-2,2500,0,0,0,0,0,0,0,0,0,0,0,Yes
30000,Female,1,2,22,-1,-1,2,0,0,0,14885,16579,17498,25032,25626,27191,1939,1500,8213,1000,2000,3200,Yes
50000,Female,2,1,26,0,0,0,0,0,0,44335,44626,40928,29367,29156,27337,2126,2104,990,1200,1654,897,No
30000,Male,2,2,26,2,0,0,0,2,2,13660,14708,17725,20320,19480,19222,1269,3286,2881,1,632,1,No
310000,Male,1,1,33,-2,-2,-2,-2,-2,-2,0,0,0,0,0,0,0,0,0,0,0,0,No
120000,Female,2,2,28,2,2,2,2,0,0,111840,114252,115306,112404,114269,116332,5300,3600,0,3400,3500,4494,Yes
290000,Female,2,1,34,0,0,0,0,0,0,16196,17220,18231,18593,18986,19967,1292,1303,665,692,1300,636,No
130000,Female,1,2,27,0,0,0,0,0,0,86883,99516,77188,78304,79941,81648,40000,3400,3000,3052,3190,3300,No
50000,Male,5,1,30,0,0,0,0,0,0,47311,44136,17865,6431,6939,4509,2900,1035,500,508,410,0,No
210000,Female,2,1,33,-1,-1,-1,-2,-1,-1,98,1090,0,0,580,500,1120,0,0,580,500,0,No
50000,Male,3,1,47,1,3,2,0,0,-1,4759,4540,4284,2946,1473,1473,0,0,0,0,1473,1473,Yes
10000,Female,2,2,40,0,0,0,0,0,0,6160,6787,7377,7127,6931,6660,1123,1103,243,296,280,16,No
10000,Male,3,2,22,0,0,0,0,0,0,5757,6706,7715,7873,8742,9551,1200,1128,286,1000,955,0,No
80000,Female,2,2,24,2,2,3,2,3,2,75444,80025,78129,82581,81053,79133,6400,0,6300,0,0,5000,Yes
530000,Male,1,2,32,-2,-2,-1,0,0,0,12451,24095,15688,24511,12144,34963,24120,15791,12808,8090,34110,90231,No
20000,Male,2,2,46,0,0,0,0,0,0,20376,19927,19907,19349,17484,-1216,2000,1500,607,1360,1300,20538,No
220000,Female,2,1,33,-1,-1,-1,-1,-1,2,16090,4991,-1350,18150,350,200,4991,0,20000,350,0,16115,No
180000,Male,3,1,40,-1,-1,-1,0,-1,-1,991,991,1316,325,1657,325,991,1316,0,1657,325,325,No
440000,Female,1,1,37,-1,-1,-1,-1,-1,-1,5302,13333,686,-414,2736,12586,13333,1383,0,3150,13000,5500,No
20000,Male,2,1,62,2,0,0,0,0,0,17870,18740,19343,19402,11731,0,1462,1367,682,627,0,0,Yes
400000,Female,2,2,39,1,-2,-2,-2,-2,-2,0,0,0,0,0,0,0,0,0,0,0,0,Yes
130000,Male,2,2,27,0,0,0,-2,-2,-2,44826,40650,0,0,0,0,1092,0,0,0,0,0,No
420000,Male,1,2,29,0,0,0,0,0,0,194505,144086,144169,122453,120509,119783,5479,5502,4193,5006,4503,4003,No
20000,Female,2,1,45,0,0,0,0,0,-2,18569,40278,18760,18662,0,0,2500,3000,1000,0,0,0,No
320000,Female,2,2,29,1,2,0,0,3,2,93070,90725,92697,106221,104313,103251,0,3500,15100,11,3129,11,Yes
160000,Male,1,1,40,0,0,0,0,0,0,27563,28350,25186,36100,21707,7928,5002,5000,14400,10000,4000,0,No
50000,Female,2,2,23,0,0,0,0,0,2,48725,51175,50115,33814,34423,31988,4987,1661,2000,3000,0,3213,No
50000,Male,2,2,35,0,0,0,0,-1,-1,14536,10827,9594,7309,1277,3310,2000,2000,2000,1277,3294,0,No
70000,Female,2,1,43,0,0,0,0,0,0,71037,71880,71927,71370,71003,71411,3352,3400,2900,2900,2900,2558,No
20000,Male,3,2,59,1,2,2,4,3,2,19074,18482,20329,19616,19303,1013,0,2300,0,0,0,2821,Yes
160000,Female,2,2,24,0,0,0,0,0,0,157389,158475,162309,162462,160085,158236,6800,6500,6000,6200,6200,6000,No
130000,Female,1,2,33,1,-2,-2,-2,-2,-2,0,0,0,0,0,0,0,0,0,0,0,0,Yes
20000,Female,1,2,23,0,0,3,2,2,0,16918,20627,19985,19702,18395,18763,4000,1,651,0,655,653,No
170000,Female,2,1,48,-2,-2,-1,-1,-1,-1,18727,64028,107946,13608,110667,6878,66513,108323,13608,112876,3998,1118,No
300000,Female,1,2,39,-1,-1,-1,-1,-1,-1,729,0,236,766,227,0,0,236,800,227,0,0,No
160000,Female,1,2,31,-1,-1,-1,-1,-2,-2,1672,4411,500,0,0,0,4411,504,0,0,0,0,No
230000,Female,1,2,27,0,0,0,0,0,0,92167,92799,94328,96203,98474,98835,3340,3401,3420,3797,3476,2818,No
280000,Male,1,1,35,0,0,0,0,2,0,146368,244092,210226,177595,153181,145852,101585,90762,50119,282,50436,54184,No
180000,Female,1,2,47,1,-2,-1,-1,-2,-1,-6,-6,1251,0,0,679,0,1257,0,0,679,421,No
30000,Female,1,1,30,2,2,2,3,2,2,12109,12917,13909,13394,13036,15019,1300,1500,0,0,2200,0,Yes
50000,Female,2,2,28,0,0,0,0,0,0,48010,40668,30361,22266,18469,21551,5000,2000,5000,6560,10000,13694,No
270000,Female,2,1,41,-1,2,-1,0,-1,-1,832,416,832,416,566,416,0,832,0,566,416,416,No
80000,Female,2,2,24,-1,-1,-2,-2,-2,-2,2346,0,0,0,0,0,0,0,0,0,0,0,Yes
120000,Male,1,2,31,2,0,0,2,0,0,25719,29961,32451,31630,34115,36551,5000,3000,0,3000,3000,4000,Yes
30000,Male,1,2,23,0,0,0,0,0,0,29025,28331,29792,30106,30318,28985,1507,5538,1030,1500,1500,1500,No
380000,Male,1,2,36,0,0,0,0,0,0,68943,75024,61114,60586,55489,55702,8000,5000,2500,5000,4000,4000,No
80000,Female,2,1,37,2,2,2,0,0,0,80508,81731,78772,76818,70319,-1560,3100,0,2000,3000,0,75003,Yes
20000,Female,2,2,26,0,0,0,0,0,0,17938,18798,19347,8007,4890,0,1456,1005,160,98,0,0,No
160000,Male,3,1,34,-1,0,0,0,0,2,2947,4593,6057,6519,7130,6578,2000,2000,1000,1000,0,2000,No
370000,Male,2,2,39,2,0,0,0,0,0,334394,337272,340152,345904,322168,272461,14005,12004,12362,12006,9555,11005,Yes
30000,Female,3,1,41,1,2,0,0,2,0,29717,28569,29168,30566,29229,26260,0,2000,2200,0,1100,1100,No
20000,Female,2,2,24,0,0,0,0,0,0,20073,19940,19441,18680,19071,19217,1319,1291,656,679,784,376,No
20000,Male,2,2,23,1,3,2,2,0,0,17529,16967,17176,16605,17185,18340,0,780,0,1000,1600,1000,Yes
470000,Male,2,1,52,0,0,0,0,0,0,84672,86821,88892,90944,93739,96428,5000,5000,5000,5000,5000,5000,No
220000,Female,2,2,29,0,0,0,0,0,0,36106,33494,29518,29569,28587,21201,3000,3000,6000,5000,1136,10000,Yes
80000,Male,3,2,32,0,0,0,0,0,0,78887,69433,48198,49182,49939,50626,2569,2000,2000,1770,2002,2008,No
180000,Female,2,1,33,-2,-2,-2,-2,-2,-2,0,0,0,0,653,0,0,0,0,653,0,0,No
100000,Female,2,2,39,0,0,-1,0,0,-1,24110,10497,20159,7053,0,1120,2000,20159,500,0,1120,1909,No
10000,Female,2,2,21,0,0,0,0,0,0,7888,8987,9604,9800,10000,0,1383,1000,196,200,1000,0,No
280000,Female,2,1,51,-2,-2,-2,-2,-2,-2,2477,3470,0,0,0,0,3470,0,0,0,0,1715,No
110000,Female,1,1,31,2,2,2,0,0,0,107507,108067,83164,79428,80235,79412,7960,0,3000,3000,3100,3000,Yes
200000,Female,1,1,36,0,-1,-1,0,0,0,10317,5755,8587,7782,6987,7662,5788,8587,5314,5000,5000,6000,No
260000,Male,1,2,27,-1,-1,-1,-1,0,-1,868,1317,1757,31741,3842,2450,1320,1770,31744,1,2606,291,No
600000,Male,1,2,36,-2,-2,-2,-2,-2,-2,-1,-1,1095,899,598,-2,0,1096,4,601,0,492,No
330000,Male,2,1,47,-2,-2,-1,0,0,0,19540,23240,166722,215506,138371,21757,25487,166744,60057,560,17921,201134,No
500000,Female,1,2,31,0,0,0,0,0,0,258257,247282,197247,188044,210940,201108,25239,18011,13014,45049,20102,89442,No
200000,Male,1,3,29,-1,-1,-1,-1,-1,-1,7505,5894,3002,1715,2604,-1,5919,3017,1720,2611,0,380,No
200000,Male,2,1,36,2,-1,-1,-1,-2,-2,7300,3238,2655,2200,0,0,3238,2655,0,0,0,1966,Yes
210000,Female,2,2,27,-1,-1,-1,0,0,2,5353,280,4609,4703,6324,1621,280,4609,94,1621,0,32,No
500000,Female,1,1,46,-2,-2,-2,-2,-2,-2,3982,3700,12953,9019,4236,-31,3718,13023,9070,4257,0,0,No
10000,Female,2,1,44,0,0,0,-2,-2,-2,4125,5275,0,0,0,0,1275,0,0,0,0,0,No
160000,Female,1,2,24,0,0,-2,-2,-2,-2,37000,0,0,0,0,0,0,0,0,0,0,0,No
50000,Female,3,1,42,0,0,0,0,0,0,50906,48888,47037,12187,9962,10015,2009,1180,1000,1000,348,1000,No
130000,Male,2,2,33,1,2,2,0,0,0,130565,131878,115173,108310,112083,81362,5012,0,4000,5000,4000,2106,No
140000,Female,1,2,28,0,0,0,0,0,0,138036,140922,144072,142381,142807,141635,6600,7000,5300,6000,5500,5500,Yes
80000,Female,2,2,45,0,0,-2,-2,-2,-2,83150,-8000,0,0,0,0,0,8000,0,0,0,0,No
500000,Female,1,2,31,-2,-2,-2,-1,0,-1,17496,1001,15782,29251,20095,77684,2000,5000,37223,0,80583,10155,Yes
500000,Female,2,1,39,0,0,0,0,0,0,146700,126765,107965,89339,67854,54918,4585,3789,3942,2433,10000,762,No
320000,Female,2,1,35,0,0,0,2,0,0,4050,4914,6630,6393,9721,10584,1073,1789,0,3425,1000,3425,No
50000,Male,2,2,29,1,2,0,0,0,0,49612,48546,49157,49890,48941,49940,0,1900,1333,0,999,0,No
120000,Female,2,2,40,0,0,0,-2,-2,-2,4180,5100,0,0,0,0,1000,0,0,0,0,0,No
500000,Male,1,1,59,-2,-2,-2,-2,-2,-2,0,0,994,3342,1240,700,0,994,3342,1240,700,2250,Yes
290000,Female,2,1,42,-2,-1,-1,-1,0,0,-132,18364,2417,4583,1402,3227,18496,2429,4598,7,3227,1,No
30000,Female,3,1,41,0,0,0,0,0,0,39230,37737,36619,34752,33229,32211,1618,2000,1500,1500,2000,1248,Yes
80000,Male,1,2,31,1,2,2,2,2,2,21004,20384,22231,21576,23229,22708,0,2500,0,2000,0,1000,Yes
50000,Male,2,2,24,0,0,0,2,0,0,48136,72898,36103,29384,29356,29089,3700,5396,6,1003,1449,1022,No
10000,Male,3,2,24,1,2,2,2,2,2,7826,8745,8440,9229,8969,8819,1200,0,900,0,2000,0,No
550000,Male,1,1,49,-1,-1,-1,-1,-1,-2,42141,1515,1488,18334,-114,-114,1522,1495,18426,0,0,22670,Yes
140000,Female,2,1,28,0,0,0,-1,-1,-1,5925,7729,0,150,1550,98426,2000,0,150,1550,106155,3500,No
50000,Female,2,2,28,0,0,0,0,0,0,46096,25370,26331,24749,25269,26847,1442,1403,1000,919,2000,1000,No
300000,Female,2,1,27,0,0,0,0,0,0,286321,283547,578971,293063,296677,230338,20000,12003,10524,11238,8814,9463,Yes
250000,Female,2,1,33,2,2,-2,-2,-2,-2,2500,0,0,0,0,0,0,0,0,0,0,0,Yes
80000,Male,3,2,44,2,0,0,0,2,2,57076,58358,58992,62696,64148,62965,2800,2200,4700,2600,0,4400,No
480000,Male,1,2,33,1,-2,-2,-2,-2,-2,-897,-897,-897,-897,-897,-897,0,0,0,0,0,0,No
10000,Female,2,2,25,0,0,0,0,0,0,9150,9206,10051,9850,8214,8054,1185,1030,1000,1000,2000,2000,No
410000,Female,1,2,41,-2,-2,-2,-1,-1,-1,0,0,0,150,150,1929,0,0,150,150,1929,136869,No
100000,Male,1,1,33,0,0,2,2,2,2,38219,42604,44607,45576,46495,47182,5000,3000,2000,1800,1600,2000,No
200000,Male,3,1,41,0,0,0,0,0,0,84573,76348,50776,51018,25982,10170,2544,1433,3224,775,5000,2000,No
380000,Female,2,1,48,0,0,0,0,0,0,363191,373421,363343,290371,289600,288256,15504,14000,12500,12000,11000,14000,No
100000,Male,2,2,27,0,0,0,0,2,0,41298,42448,44368,48652,47885,48850,2000,2500,4900,0,1763,2000,No
50000,Female,3,1,27,0,0,0,2,0,0,37651,38498,40644,39731,35657,27014,1754,2900,0,1265,832,500,Yes
130000,Female,2,1,28,0,0,0,0,0,2,107216,91888,83975,76842,78093,67557,4000,4000,8000,6000,0,2500,Yes
120000,Male,2,2,34,0,0,0,0,0,2,131773,58259,54699,54832,53693,48731,3000,1944,5000,3692,0,2000,No
150000,Female,2,1,42,0,0,0,0,0,2,139172,141401,137320,138016,144084,136604,6022,5022,5100,10500,0,10000,No
310000,Female,1,1,39,-1,-1,-1,-1,-1,2,1989,4566,5329,5724,1518,1336,4566,5433,5724,1336,0,3167,No
110000,Female,2,2,51,-2,-2,-2,-1,-1,-1,150000,0,0,3007,857,55973,0,0,3007,857,100000,1000,No
420000,Male,2,1,37,0,0,0,0,0,0,415257,411624,388363,390003,398229,409615,16850,15522,14000,14500,18007,12733,Yes
140000,Male,2,1,28,-1,-1,-1,2,-1,-1,6007,7332,7983,3277,2964,4791,7340,7983,0,2964,4800,2353,Yes
500000,Female,1,1,37,1,-2,-2,-2,-2,-2,0,0,0,0,0,0,0,0,0,0,0,0,Yes
260000,Female,2,2,26,0,0,2,2,0,0,258364,279322,282092,255409,257913,262004,45446,9000,0,9394,9628,8539,No
90000,Female,2,1,48,-1,-1,-1,-1,-1,-1,316,316,316,316,316,316,316,316,316,316,316,316,Yes
20000,Male,3,2,35,-1,3,2,0,0,0,8918,8634,8280,11500,9000,0,0,0,4000,7000,0,0,No
30000,Male,2,2,36,0,0,0,0,0,0,36124,35538,34359,32450,30633,30628,2500,2215,1156,1200,3000,3000,Yes
140000,Female,2,1,36,0,0,0,0,0,0,45849,46909,47928,48731,49793,50812,2100,2100,1900,2000,2000,2100,No
340000,Female,2,2,32,0,0,0,0,0,0,80174,82761,83636,85282,87070,88828,3871,3136,3014,3123,3168,4855,No
120000,Female,1,2,31,-2,-2,-2,-2,-2,-2,-66,-33,-33,-33,-33,-33,0,0,0,0,0,0,No
100000,Male,3,1,48,-2,-2,-2,-2,-2,-2,6345,0,0,0,0,0,0,0,0,0,0,0,No
350000,Female,2,2,37,0,0,0,0,0,0,128146,117713,51961,46207,35052,12536,4052,1700,1500,2000,500,2000,No
50000,Male,2,1,26,0,0,0,0,0,0,48992,49689,31368,9454,6020,5000,1769,1003,189,120,100,3710,No
30000,Female,1,2,28,2,2,4,4,4,4,37,37,37,37,37,37,0,0,0,0,0,0,No
360000,Female,1,2,29,-1,-1,-1,0,-1,-1,1766,4500,14697,10687,1968,1272,4534,14697,0,2141,1272,24078,No
20000,Female,3,2,23,-1,-1,-1,0,0,-1,17432,1165,19325,19311,18430,400,1165,19325,386,369,400,5125,No
400000,Female,2,2,38,0,0,0,0,-1,-1,2988,3983,3417,3267,186,1200,1222,1000,1200,186,1200,0,No
170000,Male,3,1,45,0,0,0,0,0,0,40441,40937,34090,34894,36829,37727,5000,2000,2000,3000,2000,2000,No
200000,Female,2,1,37,-1,-1,-1,-1,-1,-2,390,31638,770,2108,0,0,31638,770,2118,0,0,0,Yes
200000,Female,1,1,32,-2,-2,-2,-2,-2,-2,6540,17288,3009,20311,15643,5696,17301,3009,26257,15643,5696,12149,No
360000,Male,1,2,29,-1,-1,-1,-1,-1,-1,5143,2092,1864,969,2500,0,6159,1870,969,2500,0,0,No
500000,Male,1,1,37,-1,-1,-1,-1,-1,-1,1961,1188,-150,150,6805,0,1188,0,300,6805,0,0,No
20000,Male,2,2,22,0,0,0,0,-1,-1,18462,16699,19674,19258,9546,12051,1510,3875,759,10000,19126,1946,No
270000,Male,3,1,32,3,2,0,0,0,0,150616,146262,149449,150893,153878,157324,0,7100,5500,6000,6000,5100,No
20000,Male,2,2,44,1,2,0,0,0,0,6535,6285,7672,8390,9101,9796,0,1500,1000,1000,1000,1000,Yes
350000,Female,1,1,43,-2,-2,-2,-2,-2,-1,0,0,0,0,0,1146,0,0,0,0,1146,54269,No
150000,Female,2,1,26,0,0,-1,-1,-2,-2,115786,123423,5250,0,0,0,10000,5250,0,0,0,0,No
260000,Female,1,2,30,0,0,0,0,-1,-1,83138,93416,84117,28683,3154,13603,14038,5018,10000,3154,13603,9189,No
90000,Male,1,2,33,-1,-1,2,-1,-1,2,1650,721,421,2754,309,159,721,0,2833,1000,0,2000,No
310000,Female,2,1,32,0,0,0,0,0,0,162530,155831,96835,89223,80462,73899,6100,4252,5000,2780,4881,3000,No
210000,Female,1,2,43,1,-1,0,0,0,0,-3309,177952,167125,139784,142662,145725,184212,5482,3493,3590,3815,3876,No
40000,Female,2,1,45,1,2,0,0,0,0,11402,10928,11940,12241,12544,12835,0,1200,500,500,500,500,Yes
50000,Male,3,2,22,0,0,0,0,-1,-1,6673,5054,2340,1990,1377,1080,1056,1000,40,1377,1080,382,Yes
370000,Female,1,1,46,-1,-1,-1,0,0,-1,26555,1572,166229,168601,171018,600,1572,166235,3372,4018,600,600,No
130000,Male,2,2,28,0,0,0,0,0,0,113613,112867,92617,94896,92347,94323,5847,3413,3872,3465,3627,5000,No
710000,Female,2,1,40,-2,-2,-2,-1,2,0,5200,0,0,1004,854,8626,0,0,1004,0,8000,5000,Yes
180000,Female,3,2,24,1,-1,-1,-1,-2,-1,0,35300,1000,0,0,1245,35300,1000,0,0,1245,0,No
80000,Female,2,1,30,0,0,0,0,0,2,42755,45053,46104,48327,53549,52457,3000,1800,3000,6000,2900,2000,No
560000,Female,1,2,32,0,0,0,0,0,0,68199,31211,23991,15488,12579,11400,1548,1446,14720,427,1000,300,No
170000,Female,1,2,26,0,0,0,0,0,0,47642,40779,34570,33153,24969,22893,4000,2006,1000,1000,1000,1000,No
30000,Female,3,1,63,-1,-1,-1,0,-1,-1,8866,5884,11146,7779,8092,1565,5884,11146,0,8092,1565,2620,No
430000,Female,1,2,30,-1,-1,-1,-1,-1,-1,2202,7172,4705,2029,41581,25984,7232,4723,2035,41784,26108,37216,No
500000,Female,2,1,37,-1,-1,-1,-1,-1,-1,7325,355,355,1204,2378,6344,355,355,1204,2378,6344,14889,No
10000,Male,2,2,26,0,0,0,0,0,0,7606,7030,8454,9454,5784,0,2000,2000,1000,0,0,0,Yes
150000,Male,1,2,33,1,2,2,2,0,0,88590,85800,91242,88399,89629,94637,0,7400,0,3300,7000,0,Yes
340000,Female,2,1,43,-2,-2,-2,-2,-2,-2,33245,249,27476,0,0,24272,249,27477,0,0,24272,11008,No
200000,Female,2,1,37,0,0,0,0,0,0,184144,189158,190569,191730,171269,151550,8017,8000,8000,9000,7000,6000,No
130000,Male,2,2,37,0,0,0,0,0,0,125780,128768,130112,129785,121609,123586,6500,5000,5000,5000,6000,5000,No
320000,Female,3,1,30,0,0,0,0,0,0,49889,51151,48449,48948,49967,36697,2825,2961,1600,1579,1692,1068,No
50000,Male,3,1,54,2,0,0,-1,0,0,55518,52931,55122,33975,18827,19222,3000,4000,53083,1268,708,664,No
420000,Female,2,2,29,0,0,0,0,0,-2,408568,418589,426336,84732,64614,3068,18000,18691,5027,3000,3068,175056,No
110000,Male,1,2,30,1,2,-1,-1,-1,0,2932,2373,2373,1475,3102,3151,0,2373,1475,4000,3000,2373,No
80000,Male,2,2,35,0,0,0,0,0,0,26994,28659,57803,27562,28224,28867,2000,30000,1000,1000,1000,1500,No
60000,Female,3,1,43,0,0,0,0,0,0,60283,61227,60385,30368,29667,30159,3000,1700,1135,1100,1500,1200,Yes
60000,Male,2,2,24,0,0,0,0,0,0,47757,26340,16532,15782,17782,9450,1468,2000,0,2000,0,0,No
210000,Male,2,2,26,0,0,0,0,0,0,186109,168198,97223,202134,102844,39995,5929,3272,4362,5040,3195,105,No
360000,Female,1,1,46,0,-1,0,0,0,0,42094,10594,31532,46342,56571,65268,10600,30000,20000,15000,10000,10000,No
20000,Male,2,2,48,0,0,2,0,0,0,6111,10479,10167,10695,11365,12170,4500,0,1000,1000,1000,1000,No
150000,Female,1,2,42,1,-2,-2,-2,-2,-1,-874,-874,-874,-874,-874,4126,0,0,0,0,5000,0,No
310000,Male,3,2,30,-2,-2,-2,-2,-2,-2,-44,-44,8915,-35,7028,-116,0,8959,0,7063,0,23240,No
160000,Female,3,1,55,-1,-1,-1,-1,-1,-1,4144,2016,3384,1449,5542,7314,2016,3399,1449,5590,7314,1579,No
240000,Female,1,2,40,-1,2,2,-2,-1,-1,1841,764,-13,-13,687,-44,2,0,0,700,0,0,No
20000,Male,1,2,22,0,0,0,0,0,0,14677,16625,17924,18674,15452,15882,3004,3006,3007,489,2110,2201,No
190000,Male,1,1,55,-1,-1,-1,-1,-1,-1,390,390,390,390,6026,7410,390,390,390,6026,7410,390,Yes
280000,Female,2,1,40,1,-2,-2,-2,-2,-2,-10,-10,-10,-10,-10,-10,0,0,0,0,0,0,No
80000,Male,2,3,58,0,0,0,-2,-2,-2,3719,4444,0,0,0,0,1000,0,0,0,0,0,No
290000,Female,3,1,49,0,0,0,-1,-1,0,169004,166920,153092,3804,155233,148003,7600,7521,3804,160897,5198,6000,No
200000,Female,1,1,34,-1,-1,-1,-1,0,0,3987,1631,21698,12657,11349,9006,1631,21698,12657,569,3000,25000,No
320000,Male,1,1,50,-2,-2,-2,-2,-2,-2,6426,-4,816,30026,49154,1299,0,824,31144,25664,2610,1833,No
110000,Male,1,2,33,0,0,2,2,2,2,39768,44333,43320,48236,49195,48253,5548,0,5651,1876,0,2000,No
300000,Female,2,1,37,1,-2,-2,-1,-1,-1,0,0,0,363,0,944,0,0,363,0,944,2000,Yes
500000,Female,1,1,44,1,-1,-1,-2,-1,-1,706,1108,380,-270,2305,2733,1242,380,22,2575,3009,6026,No
120000,Female,1,2,35,-1,-1,-1,-1,-1,-1,500,2483,250,1579,223,421,2483,252,1579,223,421,8228,No
80000,Female,3,3,31,0,0,0,-1,-1,-1,5154,5390,6276,1322,500,175,1124,1010,1322,500,175,1331,No
200000,Female,2,2,33,0,0,0,0,0,0,198878,195883,190282,164492,165076,166008,7700,7527,4900,5100,5300,4610,Yes
150000,Female,1,2,26,-1,-1,-1,-1,-1,-1,1551,2961,4175,1707,4492,6149,2990,4175,1707,4492,6149,34672,Yes
150000,Female,1,2,40,0,0,0,0,0,-1,145074,152179,149313,129768,136084,30312,11000,6000,40000,42000,34880,201277,No
210000,Male,2,1,42,1,-2,-2,-2,-1,-1,652,0,326,321,1435,8480,0,326,326,1440,8521,9592,No
150000,Male,2,2,36,-1,-1,-2,-2,-2,-2,5382,0,0,0,0,0,0,0,0,0,0,0,Yes
50000,Female,1,2,26,0,0,2,0,0,0,39052,44416,43407,44382,45672,46758,6000,0,2000,2000,2000,2000,No
80000,Male,2,1,33,0,0,0,0,0,0,79537,76226,49645,50235,47014,47575,2359,1745,1725,1704,1730,1677,No
50000,Male,2,1,34,0,0,-1,0,-1,-1,2522,0,2522,1261,1261,1428,0,2522,0,1261,1428,1261,No
20000,Female,2,1,50,2,0,0,0,0,0,17393,18119,19413,19704,19563,20391,1315,2401,900,709,1548,0,No
50000,Male,2,1,37,0,0,0,0,0,0,27516,28871,29500,28914,29529,29319,2000,1435,1149,1197,1009,990,No
50000,Male,1,2,29,1,2,2,2,2,2,14497,13975,25731,26112,26548,25970,0,12000,1100,1000,0,2500,No
280000,Male,2,1,46,1,2,2,2,2,2,188894,194489,197722,192140,203913,200564,10101,8000,0,15000,0,7053,Yes
230000,Male,2,2,30,0,0,2,0,0,0,38651,45681,44652,48540,52477,56506,8000,0,4970,4907,4936,5024,Yes
80000,Female,3,1,37,0,0,0,0,0,0,63185,62209,61991,30597,30794,30684,5021,10036,3000,2000,2000,2000,No
60000,Female,2,3,35,0,0,2,0,0,0,12695,15453,13420,15211,14395,16141,3000,0,2000,1000,2000,1000,No
200000,Male,2,1,37,0,0,0,0,0,0,199669,204168,202381,172574,171795,170960,9300,7851,6400,6500,6537,6200,No
30000,Female,3,2,22,-1,-1,0,-1,0,-1,-854,29393,27390,2390,780,24310,33404,1000,2390,0,48620,156,No
340000,Female,1,2,34,-1,-1,-1,-1,-1,-1,32488,42449,30042,28987,13104,59204,42552,30084,29033,13120,59273,1241,No
250000,Female,2,1,40,-1,-1,-1,-1,-1,-1,4843,2942,1054,1708,3014,3037,2942,1057,1708,3014,3037,4974,No
200000,Male,1,1,52,-1,-1,-1,-1,-1,-1,1015,932,1453,821,1123,878,934,1461,823,1126,880,926,No
150000,Male,1,2,39,0,0,0,0,0,0,146736,149030,148258,106114,105951,78487,7027,6000,3220,3600,2670,2618,No
100000,Female,3,1,53,1,-2,-2,-2,-2,-2,0,0,0,0,0,0,0,0,0,0,0,0,No
220000,Female,2,1,41,0,0,0,0,0,0,126532,90013,91191,86139,83743,78555,4500,4006,3000,3000,3000,6000,No
140000,Male,1,2,32,1,-2,-1,0,0,0,-4,-680,1824,1508,300,-206,0,3000,0,0,0,2000,Yes
40000,Male,1,1,28,-1,-1,2,-1,-1,-1,10371,11895,11228,2475,5341,6255,2567,0,2475,5341,1500,0,Yes
520000,Female,1,2,35,0,0,0,0,0,0,60912,56728,55758,57911,54152,43108,7000,5000,5004,5000,5000,5031,No
30000,Female,2,1,22,0,0,0,0,0,0,16534,17213,17723,17431,17882,17694,2002,1553,1002,2002,1000,542,No
20000,Male,2,2,28,0,0,0,0,0,0,17973,17835,18795,18252,17589,17480,1318,1278,635,802,350,0,No
300000,Female,3,2,29,0,0,0,0,-2,-2,143568,147715,149506,-4394,-4394,-4394,7951,6890,0,0,0,0,No
500000,Female,1,2,36,-1,-1,-1,-1,-1,-1,10935,4079,3943,3338,1224,31022,4081,4283,3338,1224,31022,1088,No
490000,Female,2,2,27,0,0,0,0,0,-1,222705,191752,195022,196099,201289,86703,5011,5217,5000,5340,94762,5026,No
200000,Male,1,2,27,-1,-1,-1,0,0,-1,630,825,1890,1260,630,630,825,1890,0,0,630,1030,No
40000,Female,1,2,23,2,2,2,0,0,0,19827,20709,21070,21420,23066,23683,1500,1000,1000,2000,1000,894,Yes
50000,Male,1,1,29,0,0,0,0,0,0,48310,49690,40697,16751,17093,13191,2300,1400,335,342,4000,200,Yes
100000,Male,2,2,27,0,0,0,0,0,0,99668,100181,99156,80234,80090,79494,4850,3740,2798,2865,3020,2377,No
50000,Female,3,1,42,2,2,2,0,0,2,44961,48164,38684,41034,43597,42743,4000,0,3000,3228,0,4000,Yes
130000,Female,2,2,25,-1,-1,-1,0,0,0,390,390,36659,23150,27376,33104,780,36659,5000,5000,7000,5000,No
70000,Female,1,2,27,-1,-1,-1,-1,-1,-1,157,157,157,157,307,507,157,157,157,307,507,357,No
50000,Male,1,2,28,0,0,0,0,0,0,31170,20413,13738,6326,1452,1612,2005,1206,1000,600,500,1000,No
80000,Male,1,1,45,-1,-1,-1,-1,-1,-1,1473,1473,24770,3366,1473,44314,1473,24770,3366,1473,44314,4000,Yes
220000,Female,1,2,30,0,0,0,0,0,-1,72546,74618,62379,37137,-669,14069,5206,30176,10258,14000,15070,6029,No
200000,Male,2,1,45,0,0,0,0,0,0,200378,162374,154234,143953,147834,147373,6061,7048,5016,10294,5136,5225,No
120000,Female,2,2,24,0,0,0,0,0,-1,11296,12200,11761,6761,7189,1087,1400,1000,0,1000,1087,801,No
100000,Female,2,2,25,2,2,2,0,0,0,98499,101051,98503,98949,48552,49545,5000,0,3900,1801,1800,2000,No
100000,Female,3,1,59,1,-1,0,-1,-1,-1,0,7240,7702,1550,12079,35920,7240,1000,1558,12079,35920,0,No
50000,Female,1,2,23,0,0,0,0,0,0,50025,22656,19610,17801,18078,18137,1626,1581,1000,900,700,1000,No
240000,Male,2,1,37,-1,-1,-1,0,0,0,2208,5652,34351,22241,8472,500,5665,35000,8877,500,0,21257,No
60000,Male,1,2,28,0,-1,0,0,-1,2,2295,5293,13421,9900,310,160,6000,10000,900,310,0,3400,No
260000,Female,2,1,34,-2,-2,-2,-2,-2,-2,8214,2149,3065,750,0,0,2151,3065,750,0,0,377,Yes
30000,Female,3,1,56,2,2,2,2,2,2,17643,18564,17969,20645,21666,21170,1500,0,3000,1500,0,1900,Yes
440000,Female,3,1,40,0,0,0,0,0,0,54408,57901,61914,65863,69792,73346,5000,5000,5000,5000,5000,5000,No
360000,Female,2,2,30,0,0,0,0,0,0,132250,132655,135959,139796,143642,147418,5000,5000,5000,5000,5000,5000,No
50000,Female,1,2,26,-1,0,0,0,-2,-2,5310,34105,34536,0,0,0,29000,1000,0,0,0,0,Yes
270000,Male,1,1,50,-1,-1,-1,-1,-1,-1,316,316,316,5772,316,316,316,316,5772,316,316,5174,No
150000,Female,1,2,27,-1,0,0,-2,-2,-2,30585,30138,0,0,0,0,6000,0,0,0,0,0,No
200000,Male,3,2,26,-1,-1,-1,-1,-1,-1,8355,8355,8355,8355,8355,8355,8355,8355,8355,8355,8355,8285,No
210000,Female,1,2,33,-1,2,2,-1,-1,-1,970,2273,1303,5385,1814,0,1303,3,5387,1814,0,0,No
50000,Female,2,2,27,2,2,2,2,0,0,47760,45064,45744,43123,42343,43020,0,3400,0,1528,3038,0,Yes
50000,Male,2,2,24,0,0,0,0,0,0,19839,20231,20142,19920,19722,20437,1328,1315,703,723,1050,668,No
440000,Male,1,2,29,-2,-2,-1,0,0,0,26430,23509,278956,274859,99618,103884,1249,279048,10758,5000,5080,2515,No
60000,Female,1,2,28,2,2,2,2,2,2,43662,42682,45603,44569,47452,46536,0,3628,0,3600,0,4000,Yes
70000,Female,2,1,41,0,0,0,0,0,-1,6017,8798,3810,2790,0,4513,3000,1500,0,0,4513,0,No
290000,Female,2,2,25,0,0,0,0,0,0,71559,66658,68627,61578,59274,61314,2500,3000,3000,3000,3000,3000,No
140000,Male,2,2,29,-1,-1,-1,-1,-2,-2,487,487,2010,0,0,0,487,2010,0,0,0,299,No
310000,Female,2,2,33,0,0,0,0,0,0,110786,115540,117674,108103,114721,105624,6555,6000,3272,15874,4182,15694,No
450000,Female,1,2,36,1,-2,-1,-1,-2,-2,-44,10223,200,0,0,0,10267,200,0,0,0,0,No
550000,Female,2,1,34,0,0,0,0,0,0,383973,380082,389694,342198,344808,347188,15000,20000,20000,12000,12000,13000,No
180000,Male,1,1,44,1,-2,-2,-2,-2,-2,0,0,0,0,0,0,0,0,0,0,0,4003,No
140000,Male,2,1,37,0,-1,0,0,0,0,34661,5309,51293,56740,59455,57532,5334,50006,9460,9461,2507,10007,No
50000,Male,1,2,33,0,0,0,0,0,0,17094,17779,19275,18829,15913,7561,2000,3000,1000,1000,1000,2115,No
200000,Female,2,1,30,-2,-2,-2,-2,-2,-2,0,0,441,653,500,600,0,441,653,500,600,751,No
60000,Male,2,1,39,0,0,0,0,0,0,54282,49541,46074,39917,39382,39799,2128,1608,1391,1410,1580,1548,No
140000,Male,1,2,28,0,-1,-1,0,-1,-1,3234,4324,5477,4490,1500,-51183,4340,5491,2013,1510,18,89898,No
70000,Male,2,1,42,0,0,0,0,0,0,70293,69199,66398,66282,67580,67273,3300,2600,2600,3000,2600,2600,No
20000,Female,2,1,50,1,2,2,2,3,2,7973,9686,9382,10821,10361,10046,2000,0,1600,0,0,1500,No
360000,Male,1,2,33,1,-2,-2,-2,-2,-2,0,0,0,0,0,0,0,0,0,0,0,0,No
100000,Female,3,1,24,-1,-1,-1,-1,-1,-2,440,470,470,470,0,0,500,470,470,0,0,0,No
160000,Female,3,2,41,-1,2,2,0,0,0,26736,29052,28328,29099,29724,30624,3000,0,1200,1200,1500,2000,No
160000,Female,2,2,27,0,0,0,0,0,0,163418,164211,165587,161950,161680,164031,6200,7600,6100,5900,6300,7500,No
130000,Male,2,2,26,-1,0,0,-1,-1,-1,296,1299,-1,500,0,936,1003,0,501,0,936,1002,Yes
100000,Female,3,1,40,0,0,0,0,0,0,48923,48404,46266,45405,44723,42934,2084,1973,1708,1728,1621,1359,No
90000,Male,1,1,35,0,0,2,2,2,2,15952,18780,19177,18574,19721,19254,3100,1000,0,1600,0,800,Yes
80000,Male,2,2,23,2,0,0,0,0,0,8613,12438,15212,15657,17404,19103,4000,3000,1000,2000,2000,2836,No
220000,Female,2,1,28,5,6,5,4,3,2,216435,219973,215959,210438,207114,210491,8355,1000,0,0,6800,97,Yes
260000,Female,1,1,39,-2,-2,-2,-2,-2,-2,5912,3768,1444,2402,2040,3172,3786,1451,2424,2050,3187,1972,Yes
30000,Male,3,1,45,2,2,2,3,5,4,25161,24476,28721,31262,30217,29158,0,5000,3300,0,0,0,Yes
100000,Female,2,1,40,1,2,2,-1,0,-1,4535,3546,-2106,8538,390,150,0,0,10644,0,150,780,Yes
80000,Male,2,2,39,0,0,0,0,0,0,55084,51265,47950,48869,49445,49979,3012,2100,2001,2001,2000,1782,No
140000,Male,1,1,41,0,0,0,0,0,0,19853,22525,25141,29701,34197,38615,3000,3000,5000,5000,5000,3000,No
30000,Female,1,2,25,1,-2,-2,-2,-2,-2,0,0,0,0,0,0,0,0,0,0,0,0,Yes
90000,Male,2,1,39,0,0,0,0,0,0,20612,21956,23280,23812,24377,24821,1676,2000,1220,1100,1000,1100,No
150000,Female,2,2,23,0,0,0,0,0,0,59555,59684,59501,59075,59171,53557,2812,2599,2143,2208,2112,5000,No
250000,Male,3,1,28,0,0,0,0,0,0,191305,90497,92278,93354,95309,97411,3899,3913,3186,3301,3525,3095,No
20000,Female,2,1,37,1,2,2,0,0,0,19911,20797,20085,20126,20469,20655,1500,0,500,650,600,0,Yes
50000,Male,2,1,28,0,0,-1,-1,-1,-1,20914,29303,2515,7885,14493,2113,10087,2522,7951,14493,2120,3027,No
100000,Male,2,1,31,3,2,-1,0,0,-1,2000,1000,3000,2000,1000,1150,0,3000,0,0,1150,0,Yes
500000,Male,1,1,46,-1,-1,-1,-1,-1,-1,3580,18785,10742,37171,6192,31453,18785,10742,37171,6192,31453,12333,No
50000,Female,2,1,36,2,0,0,0,0,-1,47357,49260,50556,12557,9959,11361,3000,3266,600,1672,20000,1000,No
40000,Female,1,2,27,0,0,-1,-1,0,0,32228,38904,4235,87230,72647,65070,8040,4235,87230,3000,10000,4317,No
80000,Female,2,1,35,0,0,2,0,0,2,75530,79324,76090,75892,77310,80752,7000,0,3000,4000,5000,0,No
180000,Male,1,2,29,-2,-2,-1,0,0,0,1073,3191,10693,11285,13863,5646,3206,10696,1291,3877,11077,700,No
90000,Female,3,1,53,0,0,0,0,0,0,87235,88338,78994,50095,48987,49519,4000,2602,2000,3000,2000,5000,No
10000,Female,2,2,23,-2,-2,-2,-2,-2,-2,1082,2731,757,876,3551,0,2731,757,876,3551,0,13460,No
200000,Female,1,2,33,-1,-1,-1,-1,0,0,165,145,-20,446,165,0,145,0,631,0,0,165,No
80000,Male,3,1,57,2,2,2,2,2,2,7431,9895,9937,9629,10571,10749,2600,350,0,1100,500,1300,Yes
90000,Male,2,2,33,2,2,2,2,2,2,62011,63426,64288,65236,66639,67893,3000,2500,2600,2600,2500,2800,Yes
80000,Female,2,1,42,0,0,-2,-2,-2,-2,30900,0,0,0,0,0,0,0,0,0,0,0,Yes
90000,Female,2,2,24,2,2,2,0,0,0,124457,118666,105806,98257,91442,66762,6600,0,2915,3154,2977,90000,Yes
80000,Female,2,1,46,-1,-1,-1,0,-1,-1,2350,2350,4700,2350,2350,2350,2350,4700,0,2350,2350,350,No
140000,Male,1,2,27,-1,-1,-1,0,-1,-1,832,0,825,409,521,416,0,825,0,528,416,1059,Yes
480000,Male,2,1,39,0,0,0,0,0,0,398380,394515,393648,330221,296004,279768,20091,25370,15203,12013,12013,10135,No
230000,Male,1,1,39,1,2,2,2,2,0,276758,282285,269849,255954,235290,203223,12000,10000,8300,0,8006,6270,No
70000,Male,1,2,27,-1,3,2,0,0,-1,4168,3942,1929,2870,1435,3047,0,0,1980,0,3047,0,Yes
200000,Female,1,2,39,0,0,0,0,0,0,126082,127734,125205,113304,114667,110138,6216,4371,4037,6613,4055,3575,No
180000,Female,1,2,35,0,0,0,0,0,0,66376,67033,68862,71970,69843,67219,5000,4000,5000,3000,2700,3000,No
190000,Male,3,1,37,0,0,0,0,0,0,181295,178857,181463,178984,175131,170136,8019,8008,6700,6800,6324,6120,No
20000,Female,2,1,24,1,2,0,0,2,2,18817,18227,19632,20298,20337,19863,0,1720,1754,893,0,400,No
10000,Male,1,2,24,0,0,2,0,0,0,7680,10160,9844,9554,9515,9700,2616,0,400,499,500,900,Yes
80000,Female,1,1,45,0,0,0,0,0,0,81133,81466,80822,79207,79652,81165,3502,3000,4000,3100,3000,3000,No
60000,Male,3,2,28,2,2,2,2,2,2,53567,59629,60943,60716,58458,49529,6950,3250,1767,0,3654,0,No
500000,Female,1,2,37,-1,-1,-1,-1,0,0,4168,19169,22893,52002,16521,-38,19169,22893,53198,0,0,12000,No
50000,Male,3,2,42,-1,-1,2,2,2,-1,550,1974,1250,1400,700,550,1974,0,700,0,550,1100,Yes
360000,Female,1,2,28,1,-1,-1,-1,-1,-2,0,420,0,742,0,0,420,0,742,0,0,198,No
10000,Female,3,1,56,0,0,2,2,2,0,7324,9808,9501,10029,9730,9974,2609,0,830,0,400,500,No
300000,Male,1,1,54,-1,-1,-1,-1,-1,-1,206,555,0,718,468,366,555,0,718,468,366,0,Yes
70000,Male,2,1,48,0,0,0,-1,-1,-1,8439,7606,8638,1230,390,890,1188,2000,1230,390,890,215,No
250000,Female,2,1,32,0,0,-2,-2,-2,-2,39936,16666,16998,17504,0,0,8666,16998,17504,0,0,0,No
140000,Female,3,1,28,0,0,0,0,0,0,25184,27742,30129,21477,26097,24767,5000,3011,5000,5000,3000,5000,No
110000,Female,1,1,31,1,-2,-1,-1,0,0,0,0,638,225,225,0,0,638,225,0,0,0,No
210000,Male,2,1,38,-1,-1,-1,-1,-1,-1,291,291,291,291,291,291,291,291,291,291,291,1451,No
210000,Female,1,1,40,-2,-2,-2,-2,-2,-2,14472,680,0,0,0,0,680,0,0,0,0,0,No
70000,Female,2,2,26,3,2,2,2,2,2,49201,48134,52431,52479,53345,52333,0,5100,2000,2000,0,4046,Yes
20000,Male,2,1,47,0,0,0,0,0,0,15166,15014,16024,16345,17579,18750,1257,1267,588,1500,1500,0,No
220000,Male,1,2,31,-2,-2,-2,-2,-2,-2,4935,3796,5227,2291,4739,1640,3796,5227,2293,4739,1640,3012,No
20000,Female,3,3,51,2,0,0,0,0,2,18355,17165,17676,18300,20278,20192,1600,1500,900,3600,393,0,Yes
80000,Male,1,1,28,2,2,2,0,0,0,56272,58756,59587,60997,62856,66897,4000,2400,3000,3000,5100,0,No
500000,Female,2,1,42,0,0,0,0,0,0,506787,487049,478965,401635,423136,422271,21000,17414,12000,30000,18000,11000,Yes
210000,Male,3,2,66,0,0,0,0,0,0,209396,136809,139411,138991,140886,143721,6510,6450,5103,5500,5307,5011,No
80000,Male,2,2,27,2,0,0,0,0,0,76896,78663,78692,56032,57248,58515,3613,3100,2000,2100,2200,2041,Yes
50000,Female,2,1,37,2,2,2,0,0,0,40994,43594,38222,13026,13268,13497,5500,0,580,600,600,600,No
240000,Male,1,1,35,1,-1,-1,0,0,0,0,11901,5736,1000,650,7574,11901,5758,0,150,7424,0,No
150000,Female,2,2,23,-2,-2,-2,-2,-1,2,198,4824,1276,4830,10251,5706,4848,1282,4854,10251,0,7328,No
210000,Female,2,1,49,1,-2,-2,-2,-2,-2,0,0,0,0,0,0,0,0,0,0,0,0,No
360000,Female,2,2,28,1,-2,-2,-2,-2,-2,0,0,0,0,0,0,0,0,0,0,0,0,Yes
230000,Female,4,1,29,0,0,0,0,0,0,70069,64375,65691,67150,68398,69917,3000,2386,2553,2483,2657,3000,No
30000,Female,2,2,31,1,2,0,0,2,3,27254,26531,27857,29685,31260,30468,0,1772,2600,2200,0,0,Yes
470000,Male,1,1,57,0,0,0,0,0,0,83852,85008,83882,66207,65549,60805,3477,4100,2022,2100,2156,1740,No
200000,Male,1,1,59,0,0,0,2,2,2,27119,28081,30299,29516,31378,31914,1700,3000,0,2500,1200,0,No
470000,Male,1,2,35,0,0,0,0,0,0,211775,218246,218615,221365,137387,201955,9883,6000,6194,30364,100018,4817,No
310000,Male,1,2,32,0,0,0,0,0,-1,53340,85711,69195,59169,12056,10032,69220,3095,5000,2000,10058,23219,No
210000,Female,1,2,28,0,0,0,0,0,0,204191,204530,185587,136410,140051,142976,9000,9007,5254,6000,5500,5000,No
500000,Female,2,1,41,-1,-1,-1,-1,-1,-1,24433,187206,10894,29161,28238,33272,187206,10909,29161,28238,33272,175357,No
20000,Male,3,2,38,0,0,0,0,-1,-1,11805,12186,9331,6927,12457,8900,1400,1023,0,12469,598,1,Yes
150000,Male,3,2,32,1,-1,0,0,0,0,3706,40093,65063,69046,60619,61096,40093,30000,10000,10030,5000,5000,No
390000,Male,3,1,39,0,0,0,0,0,0,475934,308108,205228,185134,181949,136559,59324,6093,5411,6025,5000,3617,No
10000,Male,1,2,29,0,0,0,0,0,0,10208,8598,7100,9305,9805,5720,1500,1000,4000,500,2500,0,No
390000,Female,3,1,46,-2,-2,-2,-2,-2,-2,14315,7097,6548,8976,909,17682,7097,6548,8976,909,17682,12710,No
210000,Male,3,1,41,-1,-1,2,0,0,-1,390,1732,1170,780,390,69438,1732,0,0,0,69438,3750,Yes
350000,Female,1,1,33,-2,-2,-2,-2,-2,-2,16414,693,693,1144,-4618,-8026,693,0,1144,4279,0,0,Yes
150000,Female,1,2,35,-1,-1,-1,0,0,-1,3299,596,978,1178,1007,2075,599,982,1007,5,2075,2669,No
210000,Female,2,1,36,0,0,0,0,0,0,54717,55522,54929,55696,54773,51616,2017,1900,1900,1925,1845,1886,No
100000,Male,1,1,55,0,0,0,0,0,0,18135,31498,17158,18758,17168,0,2000,4000,2000,3000,0,0,No
210000,Male,1,2,36,0,0,0,0,0,0,210463,109132,47182,37067,24511,22634,5187,2043,1552,2013,3002,3003,Yes
290000,Female,2,1,48,-1,-1,-1,-1,-1,-1,31386,31394,1369,15010,3280,0,31401,1369,15010,3280,0,3357,No
330000,Male,2,1,50,1,-1,-1,-1,-1,-1,-13,2750,-27,5344,16566,995,2763,0,5371,16648,1000,997,Yes
50000,Male,2,2,37,0,0,0,0,0,0,50701,50462,50218,20141,20072,19493,2202,2083,697,711,717,674,No
80000,Male,3,2,27,0,0,0,0,0,0,47163,86021,44400,23954,24574,24772,1821,3600,1000,1000,1000,1000,No
340000,Male,2,1,35,0,0,0,0,0,0,39229,40747,41930,43397,44710,46143,2000,2000,2000,2000,2000,2000,No
120000,Male,3,1,38,0,0,0,0,0,0,40538,41870,58882,59862,51172,52533,1988,18000,1857,1723,2075,1500,No
30000,Female,2,2,22,0,-1,-1,-1,-1,-2,3158,5547,3312,3145,3022,3247,5572,3321,3154,3031,3339,2921,No
260000,Female,1,2,35,0,0,0,0,0,0,20556,25256,50175,46516,42815,39004,9581,30000,1590,1472,1317,1314,No
50000,Male,2,1,64,0,0,0,0,0,-1,48369,44762,17403,17907,19000,18055,2384,5461,2872,1093,19055,2239,No
130000,Female,2,1,28,0,0,0,-1,-1,-1,71983,71514,73274,3541,3333,3333,4000,7000,3600,3333,3333,3110,No
270000,Female,2,1,30,0,0,0,0,0,0,62599,59368,57856,49804,47310,42812,5000,5000,5000,5000,5240,5000,No
50000,Male,3,2,30,0,0,0,0,2,0,6615,7640,8649,9302,9008,9188,1135,1144,797,0,329,490,No
20000,Male,2,1,34,0,0,0,0,0,0,17179,17815,9519,10469,14272,15033,1300,1500,1415,4000,1000,1000,Yes
140000,Female,2,1,34,0,0,0,0,0,0,132541,136186,139418,140962,137819,137094,7000,7000,5300,5300,10100,5400,No
100000,Female,2,1,35,0,0,0,0,0,0,106229,98217,42482,43326,44235,45498,3000,1707,1551,1607,2000,2000,No
50000,Male,3,2,41,2,2,2,2,3,2,29368,28612,31623,33393,32587,31914,0,3500,2589,0,0,1332,No
500000,Male,1,2,37,-1,0,0,0,-1,-1,27181,12525,7218,2183,6371,5208,7254,2208,11,6402,5234,2899,No
80000,Male,2,1,35,0,0,0,0,0,0,78507,80327,80125,28345,28938,29665,3085,2969,1007,1042,1200,1501,No
220000,Female,2,1,34,-1,-1,-1,-1,-1,-1,51565,15683,1381,3300,2452,2728,15683,1381,3300,2452,2728,0,Yes
30000,Male,2,1,34,2,0,0,0,0,2,27358,25652,26723,27104,28616,29102,1750,1800,1118,2100,1100,0,No
240000,Male,2,2,26,0,0,0,0,0,0,161766,166147,169882,173246,177112,187951,7000,6500,6183,6640,14000,0,No
220000,Male,3,1,41,-2,-2,-2,-2,-2,-2,10804,34407,14510,7229,12806,35433,34415,14565,7229,12806,35433,11405,No
320000,Male,2,1,32,-1,-1,-1,-1,0,0,6443,443,-1327,28484,47711,34755,451,0,29811,20000,2386,462,No
230000,Female,2,1,36,0,0,-1,2,-1,2,52689,0,150,150,921,771,0,150,0,921,0,51362,No
20000,Male,3,2,44,-1,2,-1,-1,-1,-1,780,390,390,390,390,0,0,390,390,390,0,780,No
280000,Female,2,1,34,0,0,0,0,0,0,82691,75867,76835,70722,60694,62032,3500,3200,2500,2400,2500,2500,No
110000,Male,2,1,44,0,0,0,0,0,0,111188,109512,108727,107381,106831,108305,6010,5507,4500,4502,4200,4500,No
100000,Male,3,1,51,0,0,0,0,0,0,93970,93752,92293,92434,95478,40514,3799,3269,3407,5024,5056,5135,No
80000,Male,2,1,37,0,0,-1,-1,0,0,43311,16348,9360,6295,14844,29065,5377,9383,6295,10018,21939,5002,No
260000,Female,3,2,30,-1,-1,-1,-1,-1,-1,1264,6894,2917,-70,2300,2784,6894,2917,0,2784,5568,1714,No
110000,Female,2,2,25,2,2,2,2,2,0,111483,114125,114087,113879,112268,107423,5900,3500,3400,0,4000,4000,No
150000,Female,2,1,31,0,0,0,0,0,0,104014,108229,109374,111279,125353,126913,5500,4005,3241,15500,4000,3568,No
180000,Female,2,2,35,-1,-1,-1,-1,-1,0,15288,4194,1300,0,4689,4689,4194,1300,0,4689,0,1582,No
230000,Female,2,1,28,0,0,0,0,0,0,53542,79186,49984,35526,24540,16038,36000,1222,7510,491,6600,0,No
500000,Female,1,2,27,0,0,0,0,0,0,73798,74781,75559,76426,56197,42998,4794,5560,2426,3521,1641,913,No
300000,Male,2,2,30,0,0,-1,0,0,0,1485,-9,11970,10292,10116,829,0,11979,206,10,4,11591,No
30000,Female,2,2,24,2,2,3,3,3,3,1050,1050,1050,1050,1050,1050,0,0,0,0,0,0,Yes
110000,Female,3,2,29,1,2,2,2,2,-1,6467,6920,6242,6712,871,16391,1114,0,1000,0,16391,832,No
100000,Female,2,1,28,0,0,0,0,0,0,36428,48850,20904,13955,14573,16084,6000,5000,1000,4000,5000,8000,No
390000,Male,1,2,31,0,0,0,0,0,0,381453,375926,363787,291427,260026,178599,15024,30002,15052,10507,25001,25082,No
180000,Female,6,1,35,0,0,0,0,0,-2,29197,30719,31500,31939,0,0,2000,1400,639,0,0,0,No
260000,Female,1,2,36,-1,-1,-1,-1,-1,-1,7740,1445,782,790,849,12319,1445,782,790,849,12319,7575,No
360000,Female,2,2,29,1,-2,-2,-2,-2,-2,0,0,0,0,0,0,0,0,0,0,0,0,No
80000,Female,2,2,26,0,-1,0,0,0,-1,509,437,3586,2248,2222,4822,525,3519,2201,2203,8389,8048,No
100000,Female,1,2,26,-1,-1,-2,-2,-2,-2,26273,-73,-73,-73,-73,-73,0,0,0,0,0,0,Yes
20000,Male,3,1,47,2,2,2,2,2,0,14328,17196,17418,17608,17187,17528,3114,800,770,0,776,549,Yes
210000,Female,1,2,33,-1,-1,-1,-1,0,0,27042,0,188,16464,13947,0,0,188,16476,0,0,0,No
10000,Female,2,1,25,0,0,0,0,0,2,6991,8008,9018,9198,9896,9703,1126,1136,316,833,100,292,No
150000,Male,1,2,26,-1,-1,-1,-1,0,0,360,360,360,16133,22309,22377,360,360,16133,7000,796,819,No
360000,Male,3,1,37,-1,-1,-1,-1,-1,-1,390,390,390,390,390,390,390,390,390,390,390,780,No
80000,Female,2,2,42,0,0,0,0,0,-2,16959,17910,14919,15375,-150,-150,1235,1369,825,0,0,0,No
30000,Male,1,2,36,0,0,0,0,0,0,9934,10305,1394,1594,566,0,1000,1000,200,0,0,0,No
430000,Female,2,1,30,2,0,0,0,0,0,332721,277080,219739,210142,179350,130328,10896,8123,7522,7003,4700,5000,Yes
20000,Female,2,2,23,0,0,0,0,-1,2,16641,17969,18635,-1542,19909,19417,1602,1268,0,21451,0,652,No
50000,Male,2,2,32,0,0,0,0,-2,-2,50342,44659,40893,-45,-45,0,8025,5023,0,0,5250,0,No
140000,Female,2,1,26,0,0,0,0,0,0,129996,132004,127275,48724,48875,49667,7000,5000,2000,2000,2000,2000,No
200000,Male,1,2,32,-1,-1,-1,-1,-1,-1,11494,9085,5455,26975,8734,10756,9139,5481,27110,29889,10809,2648,No
80000,Male,2,1,28,2,2,2,2,2,0,65499,63882,67741,69355,65139,60345,0,5000,3200,7,2309,3862,No
50000,Female,2,2,23,0,0,0,0,0,0,12630,11999,12990,12793,12686,12980,1211,1202,452,460,504,394,Yes
280000,Female,2,2,27,1,2,0,0,0,0,297192,284462,283374,238039,234017,145132,0,11143,7300,6024,6000,3500,No
180000,Male,1,2,29,1,-1,-1,-1,-1,-1,0,100000,0,7632,0,6071,100000,0,7632,0,6071,0,No
500000,Male,1,2,39,-2,-2,-2,-2,-2,-2,12106,12559,18993,50199,22879,16070,13351,18997,50933,24652,18060,3306,No
360000,Male,2,2,33,1,-2,-2,-2,-2,-2,0,0,0,0,0,0,0,0,0,0,0,0,Yes
50000,Male,1,2,29,-1,0,0,2,0,0,20258,22932,22265,23896,26514,28073,3000,0,2000,3000,2000,1500,No
80000,Male,2,2,27,2,0,0,0,0,0,62824,63883,57722,116742,72204,79105,2178,2674,2200,14710,8000,3005,Yes
50000,Female,2,1,44,0,0,2,0,0,0,43596,46320,43976,44287,38113,30778,5000,0,2500,1500,2000,1000,No
50000,Female,2,2,23,0,0,0,0,0,0,13717,13822,9847,5892,6413,6915,2008,1106,1000,1000,1000,1000,No
150000,Male,1,2,33,-1,2,-1,-1,-1,-1,1532,1000,1430,810,786,447,0,1430,810,786,447,2215,No
360000,Male,2,2,28,1,-2,-2,-2,-2,-2,0,0,0,0,0,0,0,0,0,0,0,0,Yes
50000,Female,1,3,48,0,0,-1,-1,-2,-2,83400,80000,4990,3596,1386,4775,1600,4990,13616,1310,4789,1345,No
200000,Female,1,2,29,-2,-2,-2,-2,-2,-2,9344,723,723,1038,2035,3664,723,723,1038,2035,3664,723,No
80000,Male,1,2,29,1,-1,-1,-1,-2,-2,-54,36656,5114,0,0,0,36710,5114,0,0,0,0,No
140000,Female,2,1,46,-1,-1,-1,-1,-1,-1,390,390,390,390,390,390,390,390,390,390,390,780,No
20000,Female,1,3,22,0,0,0,0,0,-2,14993,16244,18300,18100,-1900,0,1800,2800,0,0,1900,0,Yes
110000,Male,2,1,30,0,0,0,0,0,0,107372,109156,111795,54358,58499,61445,5000,5000,3000,5000,6000,3000,No
140000,Female,1,2,27,0,0,0,0,0,0,143536,141849,131491,94362,85863,83974,5341,4000,3500,3000,13000,2300,No
300000,Female,1,2,31,0,0,0,0,0,0,32608,39029,38177,54867,66276,78169,20018,6028,25030,20023,20000,10000,No
50000,Female,2,2,29,0,0,0,0,-2,-2,47411,19817,15688,0,0,0,1300,1210,0,0,0,0,Yes
290000,Female,2,1,39,0,0,0,0,0,0,212943,216910,213931,212770,211098,202491,16923,7714,7283,7407,10000,6000,No
60000,Female,2,1,36,1,-2,-2,-2,-1,2,0,0,0,0,982,832,0,0,0,982,0,1500,No
100000,Female,2,1,38,1,2,0,0,2,0,12893,12447,14967,16773,16427,19053,0,3000,2000,0,3000,2000,No
30000,Male,2,1,41,0,0,0,-2,-2,-2,29866,30900,0,0,0,0,1900,0,0,0,0,0,No
220000,Female,3,2,27,2,2,2,3,2,0,150739,153827,156531,154721,150627,154034,7000,7000,2300,0,5600,4500,No
230000,Female,2,2,30,-2,-2,-2,-2,-2,-2,0,0,0,0,0,0,0,0,0,0,0,0,No
30000,Female,1,2,29,1,-2,-2,-2,-2,-1,0,0,0,0,0,4443,0,0,0,0,4443,890,No
20000,Female,2,1,47,0,-1,-1,-1,-1,0,1343,1547,1539,1066,18187,18212,1547,1539,1066,18660,771,1000,No
50000,Male,2,2,30,-1,-1,2,2,-1,-1,780,780,780,0,390,1320,780,0,0,390,1320,0,No
90000,Male,1,2,29,0,0,2,0,0,0,24802,27551,20559,17228,6531,8411,3200,0,1000,1000,2000,0,No
80000,Male,1,2,31,0,-1,-1,0,0,0,19824,5000,19037,12344,26344,1011,5000,19037,0,14000,0,3949,No
50000,Female,2,2,29,-2,-2,-2,-2,-2,-2,5520,0,0,0,0,0,0,0,0,0,0,0,No
20000,Male,3,2,53,2,2,-2,-2,-1,-1,19369,3888,3167,-129,9703,9871,3900,3179,773,9832,10084,4380,No
250000,Female,1,1,38,-1,-1,-1,-1,-1,-1,532,1106,771,625,1099,326,1106,771,625,1099,326,326,No
110000,Female,2,2,28,1,2,0,0,0,2,112597,107799,108464,110737,114581,111219,0,4000,4000,8500,0,4000,Yes
160000,Male,1,2,33,-1,-1,-2,-2,-2,-2,100,0,0,0,0,0,0,0,0,0,0,0,No
80000,Female,3,1,52,2,0,0,-1,0,0,82198,80531,42334,39137,39074,40103,3543,1139,40003,2000,2100,24,No
410000,Male,2,1,36,-2,-2,-2,-2,-2,-2,41116,38144,31177,27185,13818,8477,5071,3041,3096,3845,212,3,No
100000,Female,2,1,43,-1,-1,-1,-1,-1,0,21293,70962,9217,1845,41194,40325,70973,9226,1845,41194,2920,1374,No
750000,Female,2,1,43,-1,-1,-1,-2,-1,-1,72495,99628,74635,63749,85067,83208,99664,74640,63758,85072,83215,124063,No
30000,Male,2,2,47,0,0,0,0,0,0,29554,28893,29537,30087,17534,15145,1895,1539,1089,718,400,5000,No
80000,Male,2,2,33,1,2,0,0,0,0,19073,16106,57525,54990,52458,54093,3895,50000,2000,2000,2344,1235,No
430000,Female,1,2,31,-2,-2,-1,0,0,0,10226,5671,52983,70672,52378,56360,5873,52983,35002,10203,7500,10000,No
480000,Male,1,1,44,0,0,0,0,0,0,350110,316685,312615,316685,302248,311651,14082,15023,15098,10008,15045,20164,No
150000,Female,1,1,37,0,0,-1,-1,-1,-2,26416,18915,16047,17633,0,0,2497,16047,18776,0,0,0,No
130000,Male,1,2,28,0,0,0,0,0,0,89418,83196,75028,65086,60346,52272,4000,2338,2000,2018,2000,1700,No
40000,Male,2,1,47,1,2,2,3,2,0,37611,36726,40985,40085,39354,40322,0,4898,0,0,1800,3000,No
40000,Male,2,1,45,2,2,2,2,2,0,33547,36991,35965,37246,36781,20650,4000,0,2000,0,1200,0,No
120000,Female,1,2,26,-2,-2,-1,0,0,0,10415,7172,110688,100552,89147,88388,5771,120055,5073,3508,3707,3016,No
290000,Male,1,1,39,-1,-1,-1,-1,-2,-2,1757,3555,2256,2830,1682,1235,3579,2262,2830,1682,1235,1280,No
250000,Male,3,1,39,-1,-1,-1,-1,-1,-2,1976,3314,0,800,3576,0,3318,0,800,3576,0,0,No
80000,Male,2,2,32,0,0,0,0,0,-1,81115,77649,40630,23697,6557,32763,5000,1200,0,5000,37000,3000,No
130000,Female,2,2,27,0,0,0,0,0,0,18776,21458,22760,23215,23706,21951,3000,2000,778,811,2000,2865,No
290000,Female,2,1,37,-1,0,0,0,0,0,1428,2741,4029,5451,6357,7246,1500,1500,1500,1000,1000,1000,Yes
180000,Female,1,2,29,-1,-1,-1,-1,-2,-2,1010,3070,307,0,0,0,3394,307,0,0,0,0,No
360000,Female,1,1,31,-2,-2,-2,-1,0,-1,-5,-5,-5,4232,3189,7511,0,0,4237,16,7548,4105,No
140000,Female,2,1,37,-1,-1,-1,-1,2,-1,316,586,5842,9422,8956,316,586,5842,8956,0,316,316,No
350000,Female,1,1,41,-1,-1,-1,-1,-1,-1,57956,15987,36582,8197,14494,54284,15987,36607,8243,14494,54284,6702,No
260000,Male,1,2,36,-2,-2,-2,-2,-2,-2,0,0,0,0,8867,763,0,0,0,8867,763,748,No
40000,Male,1,2,26,0,0,0,0,0,0,18338,20033,21687,22327,22816,23436,2000,2000,1000,1000,1000,1500,No
180000,Female,1,2,27,1,-2,-2,-2,-2,-2,-200,-200,-200,-200,-200,-200,0,0,0,0,0,0,Yes
80000,Male,3,1,27,0,0,0,-1,0,0,22381,11420,7021,6157,7606,3432,1500,3000,6157,1500,138,59,Yes
500000,Female,1,1,45,-1,-1,-1,-1,-1,-1,3852,2395,4730,4628,5127,3400,2403,4730,4628,5127,3400,1720,No
80000,Male,4,2,27,-2,-2,-2,-2,-2,-2,46089,4840,0,0,0,0,4840,0,0,0,0,0,No
220000,Female,2,1,37,1,-2,-2,-2,-2,-2,0,0,0,0,0,0,0,0,0,0,0,3422,No
70000,Female,2,2,22,0,0,0,0,0,-1,68247,68263,22551,16008,0,13180,2120,1010,328,0,13180,2000,No
510000,Male,1,1,41,-1,-1,-1,-1,-1,-1,3196,16447,3317,10771,5552,2253,16447,3317,10771,5552,2253,96,No
20000,Female,2,2,22,0,0,0,0,0,0,18011,19389,17628,16694,19040,18631,2000,1494,2000,5000,2000,1094,No
100000,Female,2,1,40,2,2,2,2,2,2,47243,48294,49213,49827,51005,53142,2000,1900,1600,2000,3000,0,Yes
340000,Female,2,1,30,0,0,0,0,0,0,338272,339191,325675,285417,284834,284549,15000,15000,15000,12000,12500,11000,No
180000,Female,1,2,29,-2,-2,-2,-2,-2,-2,0,0,0,0,0,0,0,0,0,0,0,0,No
290000,Female,0,2,38,1,-1,-1,-1,-1,-1,0,1437,3070,1406,2196,1481,1437,3078,1406,2196,1481,0,No
80000,Male,2,2,53,0,0,0,0,0,0,80577,78781,78363,48902,49996,-1719,3261,2342,1630,1759,0,52085,No
280000,Male,1,1,42,-2,-1,-1,0,0,-2,1751,22046,63729,55664,31014,28903,22909,64167,1113,32000,578,1768,No
180000,Female,1,2,40,-2,-2,-2,-2,-1,0,0,0,0,0,11855,2520,0,0,0,11855,0,18066,No
140000,Female,1,1,66,1,-2,-2,-2,-1,2,0,0,0,0,825,675,0,0,0,825,0,23715,No
500000,Female,1,2,32,-1,-1,-1,-1,-1,-1,103880,39356,301441,37945,104491,35234,39560,302961,38139,104673,35387,177258,No
230000,Male,2,2,34,0,0,0,0,0,0,151778,152966,157188,158490,161456,164677,5556,7200,5820,6100,6500,5100,No
250000,Female,2,1,26,1,3,2,2,2,0,631,631,631,1231,1068,6816,0,0,600,0,6000,5000,Yes
10000,Male,2,2,24,0,0,0,2,0,0,5803,6849,8371,8090,8261,8773,1300,1800,0,450,800,0,No
230000,Male,1,1,39,0,0,0,0,0,0,220706,227741,183268,186989,159345,162695,11200,6200,6237,7000,6000,6100,No
70000,Male,1,2,29,0,0,0,0,0,0,63603,65513,59389,54064,58891,58347,7666,3800,1200,5000,4000,3000,No
140000,Female,1,1,39,-2,-2,-2,-2,-2,-2,4654,5525,5088,4480,2338,4250,5525,5088,4480,2338,4733,22566,No
430000,Female,1,1,48,-1,-1,-2,-2,-2,-1,9900,0,0,0,0,2299,0,0,0,0,2299,37980,No
120000,Female,1,2,28,-1,-1,2,0,0,-1,200,1986,1117,425,-267,1451,1986,0,0,0,2210,0,Yes
20000,Female,2,2,25,0,0,0,0,0,0,16654,12801,14155,19975,19975,0,2000,2000,7000,0,0,0,No
30000,Male,1,2,32,0,0,2,0,0,0,29250,30496,29702,28839,29375,32729,3600,0,1500,1300,4000,0,No
80000,Male,3,2,43,7,6,5,4,3,2,81071,79283,76767,75393,74731,23207,0,0,0,0,0,2000,Yes
400000,Female,1,2,39,0,0,0,0,0,0,404924,359634,360270,325340,328627,329948,13521,12374,11643,11868,18000,15000,No
200000,Female,1,1,37,1,-2,-2,-2,-2,-2,0,0,0,0,0,0,0,0,0,0,0,0,No
50000,Female,2,2,46,1,2,0,0,0,0,50471,49399,50556,29759,30381,30440,0,2247,1054,1090,1261,1143,No
250000,Male,1,1,46,-1,-1,-1,-1,-1,-1,1197,-19,3121,2372,502,1979,0,3140,2387,504,1989,19150,Yes
120000,Male,1,2,28,-1,0,0,0,0,0,8922,43070,47023,53576,57529,61392,35000,5000,8000,5000,5000,4000,Yes
80000,Male,3,1,45,1,-1,0,0,-1,-1,-1213,35789,36751,390,390,390,38677,3000,0,390,390,1170,No
430000,Female,1,1,33,-2,-2,-2,-2,-2,-1,1837,373,1198,0,538,77543,373,1198,0,538,77543,584,No
120000,Female,1,2,24,0,0,0,0,0,0,75796,76004,67187,49924,33188,19826,3700,2023,2016,2000,1200,1000,No
20000,Female,2,2,22,0,0,0,0,0,0,20386,20033,28679,14768,18192,20372,1510,1300,1086,3677,2500,573,No
20000,Female,2,2,32,0,0,0,0,0,0,129106,127610,107828,102937,98525,77711,4420,3650,3120,3200,2900,2000,No
80000,Male,1,2,25,-2,-2,-2,-2,-2,-2,0,0,0,0,0,150,0,0,0,30000,150,657,No
20000,Female,2,2,44,0,0,0,-1,-1,-1,7678,10475,-10,190,6160,402,3347,0,200,7018,6073,15000,No
140000,Female,2,2,27,1,-2,-2,-2,-2,-2,0,0,0,0,0,0,0,0,0,0,0,0,No
10000,Female,2,2,22,0,-1,0,0,0,0,14896,12011,7929,7693,6838,3486,7000,4000,207,229,70,0,No
220000,Female,3,2,34,-2,-2,-2,-2,-1,0,99518,-482,-482,-482,18,4834,937,0,0,500,4816,3000,No
60000,Male,1,1,48,-1,-1,2,0,0,-1,282,61573,32122,31423,2914,1470,62773,0,0,0,1470,58587,No
80000,Male,3,1,59,1,2,0,0,-1,-1,21723,21097,22140,18349,3540,0,0,2000,0,3540,0,0,No
30000,Male,2,2,25,0,0,0,0,-1,-1,29745,16309,5235,3122,11446,1914,2500,1517,2000,11446,1914,6699,Yes
140000,Female,2,1,27,1,2,2,0,0,0,139058,140243,132693,135638,132105,134851,4900,0,5200,5000,5100,4800,No
20000,Male,2,2,26,0,0,0,0,0,0,4491,5906,7298,8515,9869,11196,1500,1500,1500,1500,1500,1500,No
100000,Female,3,2,46,0,0,0,0,0,0,94657,81175,63464,45910,46996,42935,3000,2009,3000,2000,2000,1701,No
220000,Male,1,2,35,0,0,0,0,0,0,158882,164258,161778,165741,175823,29765,8000,5669,7599,14800,2303,2000,No
80000,Female,1,2,40,0,0,0,0,0,0,27432,27902,28447,23537,7613,3356,1833,1378,1328,195,269,56,No
80000,Female,3,2,46,0,0,0,0,0,0,76184,78306,79835,40499,41346,42348,3345,3344,1447,1497,1686,1509,No
130000,Male,2,2,28,2,2,0,0,0,0,70952,69264,70184,8518,11296,6514,0,3000,2000,3000,2000,0,Yes
300000,Female,1,1,33,1,-2,-2,-2,-2,-2,0,0,0,0,0,0,0,0,0,0,0,0,No
60000,Female,2,1,42,0,0,0,0,0,0,58264,57923,58987,17350,17937,17298,3200,3000,800,1000,1000,1000,No
360000,Female,1,1,32,-1,-1,-2,-1,0,0,249,0,0,685,685,1530,0,0,685,0,845,53,No
10000,Male,2,2,24,-1,-1,-1,-1,-1,-1,12,12,12,12,12,12,0,0,0,0,0,1393,Yes
50000,Male,2,2,32,0,0,0,0,2,0,32813,34973,35603,37595,29818,24416,3000,1700,2600,0,10000,6000,Yes
50000,Male,2,1,48,0,0,0,0,0,0,42156,40584,33777,18815,17033,17450,4022,1347,1013,1000,700,1000,No
200000,Male,2,1,35,1,-2,-2,-2,-2,-2,0,0,0,0,0,0,0,0,0,0,0,28027,No
30000,Female,2,2,24,1,2,2,0,0,0,15164,16607,17032,17448,18507,19046,2000,1000,1000,1500,1000,1000,Yes
200000,Female,1,2,41,-2,-2,-2,-2,-2,-2,5954,10464,7165,6946,9776,2007,10464,7165,6966,9776,2007,1603,No
80000,Female,3,2,27,1,4,3,2,0,0,84718,82861,80581,51537,51381,48866,0,0,0,1790,1890,1740,Yes
200000,Male,2,1,39,-2,-2,-2,-2,-2,-2,15109,3139,12840,3950,7688,2241,3155,12848,3950,7690,2241,2795,No
240000,Female,1,1,34,-1,2,-1,-1,-1,-1,652,326,326,326,326,326,0,326,326,326,326,711,Yes
500000,Female,2,2,28,-1,-1,-1,0,0,-1,72620,873,8596,6418,6243,1984,873,8596,275,300,1984,27014,No
230000,Male,3,1,38,-2,-2,-1,-1,0,0,6901,0,188,6498,44938,56015,0,188,6498,40000,12000,2500,No
20000,Male,3,2,22,0,0,0,0,0,0,11242,11070,11788,9607,9191,0,1282,1000,192,184,0,0,No
50000,Male,1,1,35,0,0,0,0,0,0,40730,41283,28134,29208,7778,9790,4069,1500,1500,0,5000,0,No
100000,Female,2,1,35,0,0,0,0,0,0,5830,6694,7855,8076,8297,9349,1118,1279,500,500,1349,1691,No
230000,Female,2,2,37,-2,-2,-2,-2,-2,-2,0,0,0,0,0,0,0,0,0,0,0,0,No
60000,Male,2,2,28,0,0,0,0,0,2,42243,37131,38136,38903,41483,40257,7773,1628,1395,3210,0,2000,No
120000,Female,3,1,48,-1,2,-1,-1,0,-1,3845,199,1823,3646,1823,1823,0,1823,3646,0,1823,1823,Yes
130000,Female,3,2,23,-1,0,0,0,0,0,5719,15578,19887,11659,11735,8541,10000,5000,2000,2000,2000,1000,No
50000,Female,3,1,25,2,2,0,0,0,0,31097,30322,31142,29391,30099,28041,0,1833,1000,1000,10000,10000,Yes
400000,Female,1,2,30,-1,-1,-1,-1,-1,-1,14013,5422,15941,5776,5448,15435,5460,16020,5805,5475,5634,6182,No
70000,Male,3,2,53,0,0,0,0,0,0,9928,11259,12262,17046,17618,18321,1497,1500,5000,1000,1000,1000,No
20000,Female,1,2,22,0,0,0,0,0,0,28758,14780,18829,18401,3000,0,1423,5000,400,200,0,0,No
50000,Male,3,2,28,2,2,2,0,0,2,28129,29184,28421,28751,30685,30040,1800,0,1100,2400,0,1500,Yes
240000,Female,1,1,54,0,0,0,0,2,0,60381,64395,66323,70422,69170,71018,5000,3000,5200,0,3000,5400,No
380000,Male,1,2,31,0,0,0,0,0,0,167061,158903,275057,156348,153778,139177,6000,6010,5209,5000,5000,4000,No
50000,Female,2,2,33,0,0,0,0,0,0,12498,16264,17918,16072,17041,19028,4000,2000,1000,2000,2396,1000,No
430000,Female,1,2,33,0,0,0,0,2,2,40984,37873,34499,28300,24237,12860,10000,5000,10000,0,4000,10000,No
60000,Female,1,2,26,0,0,2,0,0,0,22921,23044,17660,13104,8722,17976,5000,0,0,174,13810,0,No
30000,Female,2,2,25,0,0,0,0,0,0,3638,4401,5297,4340,3105,5053,1130,1026,125,1500,2000,14,No
170000,Male,3,1,48,0,0,0,0,0,0,170845,171762,170464,127364,127024,125341,6800,7790,4587,4675,4525,4497,No
70000,Female,1,2,29,0,0,2,2,2,2,40783,44205,44784,43763,46646,47724,4100,1600,0,3600,2000,1900,No
130000,Female,2,2,28,-1,-1,-1,-1,-1,-1,390,7412,390,4134,540,390,7412,390,4134,540,390,2596,No
50000,Male,1,1,50,1,2,0,0,0,0,49252,44326,39689,29422,12856,0,1521,1345,2074,238,0,0,Yes
20000,Female,3,2,38,1,-1,-1,-1,-1,-2,0,3796,5081,888,0,0,3796,5081,888,0,0,0,Yes
50000,Male,3,1,48,-1,-1,-1,-1,-1,-1,1058,1726,390,390,390,390,1726,390,390,390,390,390,Yes
20000,Male,3,2,28,2,0,0,0,2,0,14043,13266,14340,15301,14916,15515,1600,1600,1500,0,1000,500,No
110000,Female,2,2,32,-1,-1,-1,0,-1,-1,2015,1403,2684,1149,715,1174,1403,2684,4,715,1174,3805,No
90000,Female,2,2,24,0,0,0,0,0,0,76453,49430,50169,49661,42831,27495,2500,2000,2000,3551,1500,1000,No
180000,Female,1,2,24,0,0,0,0,0,0,64800,66747,67227,68398,70409,71408,4000,2600,2000,3000,2025,4791,No
50000,Female,2,2,28,0,0,0,2,0,0,43747,44488,47342,46326,46358,45283,1746,3600,0,1666,1559,1551,No
50000,Male,1,2,44,0,0,0,0,0,0,51671,50272,49293,47154,50069,50442,1928,1595,1526,13000,1569,2614,No
380000,Male,1,1,48,0,0,0,0,0,0,356375,347165,318600,284972,285249,266406,40000,20000,20000,20000,10000,20000,No
30000,Male,2,2,39,1,2,2,0,0,0,1623,2441,3244,4034,4812,6210,1000,1000,1000,1000,1500,0,Yes
30000,Female,2,2,23,0,0,0,0,0,0,19594,20619,21631,22062,22707,23312,1346,1358,789,1000,981,1010,No
160000,Male,3,1,36,-1,-1,-1,-1,-1,-1,4030,6720,0,8484,2060,0,6720,0,8484,2064,0,798,No
60000,Female,3,1,39,2,0,0,2,0,0,29565,31123,34134,23552,24020,26615,3000,3638,0,1000,3000,0,Yes
450000,Female,1,2,31,2,-1,0,0,0,0,1638,54490,112841,112603,90202,39564,54490,62841,2000,0,1000,27224,No
80000,Female,2,1,43,-2,-2,-2,-2,-2,-2,398,379,298,-300,-300,-300,381,607,0,0,0,598,Yes
90000,Female,1,2,26,1,2,2,-1,-1,2,23812,15616,11988,32658,30885,26639,0,1525,35011,3000,0,2000,No
30000,Male,2,1,33,1,-2,-2,-2,-2,-2,0,0,0,0,0,0,0,0,0,0,0,0,Yes
50000,Male,2,2,25,2,0,0,0,0,0,48885,49133,48468,42840,30378,29706,2200,2500,2070,1266,2000,1068,Yes
30000,Male,3,1,49,2,2,2,2,2,2,26343,27127,26393,29646,30390,29755,1500,0,3712,1363,0,1141,No
50000,Male,3,1,52,1,2,0,0,0,0,32119,29498,26196,23806,16818,14438,0,6900,0,0,0,0,Yes
320000,Female,1,1,34,-1,-1,-1,0,-1,-1,7417,7488,24003,10208,22215,7332,8000,25000,0,22500,32516,22000,No
300000,Female,2,1,43,-1,-1,-2,-2,-2,-2,1314,0,0,0,0,0,0,0,0,0,0,0,No
390000,Female,1,2,43,0,0,0,0,0,0,90294,87292,88335,89396,90769,91825,3200,3200,3200,3500,3300,4000,No
20000,Male,2,1,26,2,2,3,3,3,3,1050,1050,1050,1050,1050,1050,0,0,0,0,0,0,Yes
90000,Male,2,2,52,0,0,0,0,0,0,87186,87526,88924,88735,87521,85699,3505,3962,2909,3107,3127,3032,No
300000,Male,3,2,51,-1,-1,-1,-1,-1,-1,18341,19847,6246,3872,11875,5290,19854,6279,3883,11883,5305,9998,No
300000,Female,4,2,32,0,0,0,0,0,-1,54053,65235,64747,65150,-450,700,15235,1491,1303,0,2000,1400,No
50000,Male,2,2,24,0,0,0,0,0,0,33715,22824,17144,18104,19205,19014,6600,1900,1500,1500,1500,1500,No
20000,Male,2,2,24,-1,-1,2,-1,0,0,390,780,390,780,780,0,780,0,780,0,0,0,Yes
390000,Male,1,2,35,-1,-1,-1,0,0,0,30356,32910,78686,63021,41653,24679,33074,78772,1371,919,13770,183622,No
70000,Male,2,2,41,0,0,0,0,0,0,69866,63679,54762,38750,39924,37757,10000,5090,2000,2000,4000,2000,No
300000,Male,3,2,43,0,0,0,0,0,0,158741,155438,146043,142726,138849,137499,5823,5310,5302,5035,5118,4532,No
140000,Female,3,1,50,0,0,0,0,0,0,139153,141383,140700,137365,137209,138934,6006,5000,5000,5120,5200,4800,No
200000,Female,1,1,37,-1,0,0,0,0,0,97821,97934,44716,42073,42867,33876,4220,2029,2073,2867,3876,2295,No
80000,Female,3,2,28,-1,-1,-1,-1,-1,-1,2147,612,2110,2298,1196,390,612,2110,2298,1196,390,0,No
80000,Female,3,1,45,0,0,-2,-2,-2,-2,80250,0,0,0,0,0,0,0,0,0,0,0,No
170000,Female,1,1,36,-1,-1,-1,-1,-1,-1,1218,2434,1537,2156,1898,2656,2434,1537,2156,1898,2656,1626,No
50000,Female,1,2,29,0,0,0,0,0,0,50187,51318,47091,41660,47368,49317,3000,23000,1120,6000,2675,0,No
30000,Female,2,2,22,0,-1,2,-1,-1,-1,1924,7096,2982,1732,3836,2461,7096,0,1732,3836,2461,3704,No
30000,Female,6,1,49,0,0,0,0,0,0,26305,27307,13294,14069,14518,15025,1500,1500,1000,676,900,900,No
320000,Female,2,1,36,-2,-1,0,0,0,0,73024,66537,58762,43112,67290,62132,2904,2973,1579,40020,3127,1206,No
50000,Female,2,1,24,0,0,0,0,0,0,49387,50284,50639,48563,49628,48293,2000,1727,1846,1777,1665,1500,No
130000,Male,3,1,48,0,0,0,0,0,0,68629,57168,58103,58595,59822,55572,2187,2000,2000,2053,1964,3002,No
50000,Female,2,2,27,1,2,2,2,2,2,8951,8862,10061,9751,11585,11250,200,1500,0,2000,0,1600,Yes
50000,Male,2,1,33,0,0,0,0,0,0,16149,13662,14675,14967,15282,15585,1223,1236,528,548,550,569,No
50000,Male,2,2,30,0,0,2,0,0,-2,2496,4533,4279,4592,0,0,2254,0,313,0,0,0,No
160000,Male,3,1,30,1,2,0,0,0,0,102867,82729,72583,60565,54651,48468,31,2609,2037,2010,2017,3012,No
450000,Male,2,1,46,-1,-1,-1,-1,-1,-1,130,1926,15671,18552,24222,32867,1926,15671,18574,24231,32885,9343,No
380000,Female,1,1,33,0,0,0,0,0,0,112926,108573,216399,213259,203377,185056,4677,130533,7609,12000,7000,6000,No
30000,Female,1,2,29,1,2,2,0,0,0,12517,13027,12421,6105,5083,0,1006,0,0,0,0,0,Yes
50000,Male,2,2,24,0,0,0,0,0,0,47530,46155,28650,19659,19802,19699,1537,1679,688,713,858,660,No
50000,Female,2,1,32,-1,-1,-1,-1,-1,2,390,390,390,390,930,390,390,390,390,930,0,780,Yes
90000,Female,1,2,27,1,-2,-2,-2,-2,-2,0,0,0,0,0,0,0,0,0,0,0,0,No
80000,Male,2,1,26,0,0,0,0,0,0,67692,63789,65771,28690,29137,29569,2763,3500,900,700,700,700,No
140000,Male,2,2,43,0,0,0,0,0,0,128947,106671,101362,87420,88774,81869,4039,7010,2359,7617,2760,2366,No
360000,Female,2,1,32,0,-1,-1,-1,-1,-1,101403,2389,11996,0,67372,66666,2389,11996,0,67372,66666,66666,No
50000,Male,3,2,26,2,0,0,0,0,0,50951,49139,46802,47622,48686,47459,2500,2100,1900,2000,1746,1890,Yes
260000,Male,1,1,37,0,0,0,0,0,0,244736,249018,253704,255353,175022,130299,10000,10000,5000,5000,5000,3200,Yes
180000,Female,3,1,43,-1,-1,0,0,0,0,1207,60267,61424,61039,64260,64618,60267,3000,2154,5000,3000,3000,Yes
360000,Male,1,2,26,1,-2,-2,-2,-2,-1,-1917,-1917,-1917,-1917,-1917,18083,0,0,0,0,20000,1000,No
230000,Female,1,2,35,-1,-1,-2,-2,-2,-2,2630,0,0,0,0,0,0,0,0,0,0,0,Yes
130000,Male,1,2,25,-1,-1,-1,-1,0,0,13350,6123,2565,8975,43663,23566,6141,2572,9010,42739,5583,384,No
20000,Female,3,1,42,0,0,0,0,0,0,17775,18974,18586,18957,19374,19583,1500,1285,656,699,2000,1286,No
200000,Female,3,1,41,-2,-2,-2,-2,-2,-2,-140,-70,-70,13968,6652,9696,0,0,14038,6684,9744,1046,No
220000,Female,2,1,35,0,0,0,0,0,0,100252,102510,107102,27361,29340,33933,3500,6000,3000,2340,5000,2000,No
20000,Male,1,2,25,0,0,0,0,0,0,8226,9281,10325,10378,7085,6542,1349,1393,446,390,422,2093,No
20000,Male,2,2,24,0,0,0,0,0,0,17697,18445,19382,18440,18826,17311,1634,1571,629,652,618,640,No
240000,Female,3,2,40,0,0,0,0,0,0,227819,222299,227281,195027,199186,203475,8200,8800,7000,7200,7500,7800,Yes
480000,Female,1,1,50,-1,-1,-1,-1,-1,-1,14638,11940,12318,6295,5284,6220,11956,12331,6295,5284,6220,9104,No
50000,Female,2,1,29,0,0,0,0,0,0,26052,27631,29128,29707,28825,29022,2000,2000,2500,1033,1053,1034,No
100000,Male,2,1,40,0,0,0,-2,-2,-2,37596,23808,0,0,0,0,1000,0,0,0,0,0,No
120000,Female,1,2,34,0,0,0,2,2,2,105356,107588,115372,112027,119702,121650,3931,9600,0,9500,4100,0,Yes
230000,Female,1,1,27,0,0,0,0,0,0,104001,106155,111244,116300,121346,130318,4000,6000,6000,6000,10000,11058,No
20000,Male,2,1,32,0,0,0,0,0,0,16849,17618,18194,17759,18759,5340,1434,1400,355,1000,126,450,No
50000,Male,2,2,27,0,0,0,-1,-1,-2,25140,23936,11107,1210,0,0,1252,1093,1210,0,0,0,No
130000,Female,1,1,32,2,2,2,2,2,2,114227,115922,117545,114168,121621,124168,5000,5000,0,9500,4700,0,No
150000,Female,1,1,38,-2,-2,-2,-2,-2,-2,1736,0,0,0,0,0,0,0,0,0,0,0,No
60000,Female,1,2,30,1,2,2,2,2,2,41259,40715,43153,43845,44795,45710,400,3406,1700,1800,1800,0,No
500000,Male,2,1,40,0,0,0,0,0,-2,30415,31645,32556,36642,-8,-8,2006,3000,5080,8,0,0,No
270000,Female,2,1,34,0,0,0,0,0,0,74813,75221,73293,72213,74734,76089,3000,4000,4000,5000,4000,5000,No
410000,Female,1,2,34,1,-1,-1,-2,-2,-1,0,13621,0,0,0,666,13621,0,0,0,666,0,Yes
60000,Female,2,2,29,2,-1,-1,2,0,0,2469,59068,61284,58698,58033,57539,59068,4898,0,2300,2200,2110,No
200000,Female,1,1,31,-1,-1,-1,-1,-1,-1,261,6229,5815,851,2029,1997,6229,5815,854,2029,1997,10342,No
50000,Male,3,3,45,-1,-1,-1,-1,0,0,780,0,390,2300,1910,780,0,390,4300,0,0,0,No
500000,Female,1,2,35,-2,-2,-2,-2,-2,-2,-73,-73,-73,-73,-73,-73,0,0,0,0,0,0,Yes
150000,Female,1,1,35,-2,-2,-2,-2,-1,-1,329,-31,3189,0,150,880,0,3220,0,150,880,0,No
170000,Male,3,1,44,1,-2,-2,-2,-2,-2,0,0,0,0,0,0,0,0,0,0,0,0,No
50000,Female,2,2,25,0,0,0,0,0,2,51461,51179,50628,50154,53936,51459,2000,1771,1770,6038,0,2112,No
130000,Male,2,1,42,-1,-1,-1,-1,-1,-1,1048,1048,1048,1048,390,390,1048,1048,1048,390,390,390,No
120000,Male,3,1,30,2,2,2,0,0,2,122246,124010,120459,121749,81046,79608,6000,0,5020,6100,0,2800,No
70000,Male,1,2,28,0,0,0,0,0,0,9214,10560,12071,12866,14644,16230,1500,2000,1000,2000,2000,3000,No
320000,Female,2,1,44,-1,-1,-1,-1,-1,-1,3493,12444,46163,1373,6064,2145,12498,46185,1387,6094,2155,1273,No
110000,Female,2,1,37,0,0,0,0,0,0,79646,110818,107558,80437,79727,81001,50000,3500,10000,3000,3000,3000,No
420000,Female,1,2,30,0,0,0,0,-1,-1,34567,36416,7406,0,12150,150,10000,2056,0,12150,150,399,No
240000,Female,2,1,49,-1,-1,-1,-1,-1,-1,18045,17401,47608,12279,75882,90611,17409,47622,12279,75882,90611,61411,No
20000,Female,2,2,22,0,0,0,0,0,0,17356,18205,10140,10345,7552,8001,1274,1119,324,278,579,170,No
50000,Female,1,2,42,0,0,2,2,2,2,35539,38246,37332,39702,38932,41770,3600,0,3000,0,3500,3387,Yes
20000,Male,3,2,23,-1,2,-1,-1,-1,-1,780,390,380,390,0,780,0,380,400,0,780,0,No
20000,Female,2,2,31,0,0,0,0,0,3,16659,17688,18788,19177,21109,20474,1600,1700,1000,2400,0,0,No
240000,Female,1,2,28,0,0,0,0,0,0,237633,200572,189615,197092,201528,197155,7065,6002,10002,7030,6275,8088,No
340000,Female,2,1,57,1,-2,-2,-2,-1,-1,-8,-8,-8,-8,1595,-5,0,0,0,1603,0,0,Yes
90000,Female,2,2,23,2,2,2,2,2,2,18168,17593,19492,18884,21410,21841,0,2500,0,3000,930,0,Yes
50000,Female,2,1,56,0,0,0,0,0,0,31276,29179,26482,16770,15529,16266,1556,1247,1770,700,1000,1129,No
60000,Female,2,2,25,0,0,2,6,5,4,44331,48590,59129,57663,56225,54759,5000,12000,0,0,0,0,No
50000,Male,2,1,53,0,0,2,2,0,0,12291,14295,9714,9047,8983,9289,3300,1000,0,1000,1000,1423,No
250000,Male,1,1,31,-2,-2,-1,-1,-1,-1,3759,17694,14505,4757,11357,6679,8873,14548,4771,11491,6896,890,No
290000,Male,3,1,47,2,0,0,0,0,-1,255412,217382,250549,31370,-4020,107239,5130,4647,949,4391,146216,60686,Yes
240000,Male,2,2,35,-1,-1,-1,-1,-1,0,8602,18703,643,11455,1326,663,18718,646,11478,1329,3,1322,No
360000,Male,1,2,29,-1,-1,-1,-1,0,-1,1360,7995,-7,3651,2085,1102,8035,0,3658,10,1107,584,No
340000,Male,1,2,36,0,0,0,0,0,0,11951,16332,20391,22104,26361,34333,5000,5012,5000,5006,10010,10000,No
290000,Female,1,2,48,0,0,0,0,0,-1,74864,36317,34491,29657,9134,2383,1411,1200,593,200,5637,0,No
50000,Female,2,2,25,2,0,0,0,0,-1,48690,49347,16002,6120,3910,299,1692,1033,122,78,299,9292,No
310000,Female,2,1,41,-1,-1,-1,-1,-1,-1,530,7233,4158,8408,542,2314,7233,4318,8408,542,2314,648,No
10000,Male,2,2,22,0,0,0,0,0,0,9358,7926,9310,9500,9700,10000,1216,2800,190,200,300,0,No
260000,Female,1,2,31,0,0,0,0,0,0,181679,187642,190152,186696,188632,190948,8900,7200,6800,7100,7200,6500,No
180000,Female,3,2,26,0,0,0,0,0,0,71702,66234,57253,53736,46213,39701,2950,2200,2000,5000,2000,2300,Yes
20000,Male,3,2,26,-1,-1,-1,-2,-2,-2,96,780,0,0,0,0,1560,0,0,0,0,0,No
360000,Female,1,2,28,-2,-2,-2,-2,-2,-2,2400,2500,0,0,0,0,2500,0,0,0,0,0,No
80000,Female,1,1,30,0,0,0,0,0,2,65622,67265,67382,51958,55196,54235,3300,2100,2000,4000,0,3000,No
30000,Female,2,2,22,0,0,0,0,0,0,30190,28985,28724,29357,30188,26316,1532,2169,1000,1200,2000,1500,Yes
500000,Male,1,1,39,0,0,0,0,-1,-1,26501,21340,11003,1848,1116,927,1261,5901,46,1121,947,201323,No
210000,Female,1,1,34,0,0,0,0,0,0,146756,150057,153238,156384,160056,163188,5500,5510,5500,6000,6000,6000,No
300000,Male,3,2,64,-1,-1,-1,-1,-1,-1,1068,1168,1005,1372,1610,1355,1168,1005,1372,1610,1355,1426,No
100000,Male,4,1,52,0,0,0,0,0,0,90939,83090,63145,56962,52385,22543,3467,2000,1476,4992,808,1000,Yes
50000,Female,2,2,56,0,0,-1,0,0,-1,30121,31295,19100,18900,0,3900,2295,19100,0,0,3900,0,No
20000,Male,2,2,22,3,2,2,3,2,2,17710,17137,19830,19240,18419,20126,0,3000,0,0,2000,0,Yes
110000,Female,2,2,23,0,0,0,0,-1,0,1877,2507,1320,1270,63697,51866,1000,1000,100,63697,2427,2050,Yes
200000,Male,1,3,43,-1,-1,-1,-1,-1,0,9873,-709,10291,0,582,291,0,11000,0,873,0,291,No
220000,Male,3,2,33,1,-1,-1,0,0,0,-117,487,2879,4483,6087,-273,1000,3000,2000,2000,0,2000,No
50000,Female,2,2,43,0,0,0,0,0,0,9784,11578,7384,13479,6734,6801,2303,2095,500,1000,500,500,Yes
20000,Female,1,2,23,2,2,2,2,2,2,9736,12759,12459,12957,13104,12744,3500,200,1000,500,0,1000,Yes
170000,Male,2,2,39,-1,-1,-1,0,-1,2,2429,8054,4380,316,6131,5612,8077,4380,0,6131,0,3000,Yes
30000,Female,1,2,29,2,-1,-1,-1,2,0,2030,1533,3897,6978,4081,3686,1533,3897,4081,0,155,96,No
160000,Female,1,1,29,-1,-1,-2,-1,-1,-1,1778,0,0,150,150,989,0,0,150,150,989,0,Yes
200000,Male,1,1,35,0,0,0,0,0,0,199891,198608,115177,116226,139737,187728,8500,6000,4000,25000,50000,70000,Yes
120000,Male,3,2,25,0,0,2,0,0,-1,81129,72699,39909,18334,7382,19801,7504,29,10004,6,19824,18129,No
230000,Female,1,1,38,0,-1,-1,-1,-1,-1,12907,316,1156,316,316,316,316,1156,316,316,316,316,No
10000,Male,3,2,46,2,2,3,3,3,3,1050,1050,1050,1050,1050,1050,0,0,0,0,0,0,Yes
100000,Female,3,2,24,1,-2,-2,-2,-1,-1,0,0,0,0,2483,0,0,0,0,2483,0,80,No
130000,Female,2,2,24,1,-2,-2,-2,-2,-2,0,0,0,0,0,0,0,0,0,0,0,0,No
50000,Male,2,2,47,0,0,0,0,0,0,91481,47099,47486,24769,23029,23495,3956,1365,848,1000,1000,1000,No
140000,Female,3,2,31,0,0,0,0,0,0,92636,94641,96667,98883,79972,81642,3500,3600,3900,3000,3000,3200,No
50000,Male,2,2,49,0,0,0,0,0,0,47864,99572,50396,9430,9638,9801,3473,2294,328,350,323,312,No
360000,Male,1,2,29,-2,-2,-2,-2,-2,-2,3206,2347,3770,3466,1630,2931,2358,3788,3483,1638,2946,16950,No
20000,Female,2,2,22,4,3,2,2,2,2,19529,18937,18335,19530,19076,20444,0,0,1500,0,1700,0,Yes
110000,Female,2,2,33,0,0,0,0,0,0,107028,106818,108730,112035,48492,43413,4000,3783,6488,4850,2000,6446,No
260000,Female,1,1,39,0,0,0,0,0,0,256557,188370,186778,184132,189947,89016,6726,6637,7784,10000,3500,3434,No
50000,Female,1,2,23,0,0,0,0,0,0,46750,45985,26675,16948,16303,18019,1505,2000,592,604,2000,2000,No
360000,Female,2,1,39,1,-2,-2,-2,-2,-2,0,0,0,0,0,0,0,0,0,0,0,0,Yes
30000,Female,2,1,27,2,2,2,2,2,2,27896,26835,28690,27633,29184,28776,0,2659,0,2309,1087,0,Yes
50000,Male,2,2,23,0,0,0,0,0,0,49798,50795,50150,9658,10011,9345,2193,2040,330,492,332,500,No
270000,Female,2,2,31,-2,-2,-2,-2,-2,-2,0,0,0,0,0,0,0,0,0,0,0,0,No
250000,Female,1,1,44,-2,-2,-2,-2,-2,-1,4976,5417,7948,1797,1580,12573,5417,7948,1797,1580,12573,4338,No
250000,Male,1,2,48,-2,-1,-1,-1,0,-1,5241,2738,2360,6976,3701,2872,2754,2377,7006,11,2981,0,No
250000,Female,3,2,36,-1,0,0,0,0,0,44242,58876,73068,102311,75543,88283,25000,24000,30000,25000,30000,25000,No
260000,Female,2,2,29,-1,-1,-1,-1,-1,-1,1267,553,0,202,11990,3359,553,0,202,11990,3359,1035,No
240000,Male,2,1,39,2,0,0,0,0,0,234661,234364,235982,239281,244329,249130,10200,10200,8725,9068,9068,15000,No
60000,Female,2,2,27,0,0,0,0,0,0,18224,19928,20939,21291,21734,22184,2000,1648,1000,936,962,3013,No
250000,Female,1,1,40,-1,-1,-1,0,-1,-1,326,326,652,326,326,326,326,652,0,326,326,326,Yes
100000,Female,2,2,26,0,0,0,0,0,0,98542,82569,87486,84536,76008,69865,3326,8003,2745,2689,2896,2731,No
150000,Female,1,2,35,1,-1,-1,-2,-2,-1,0,1070,-240,-240,-240,390,1070,0,0,0,1170,390,No
170000,Female,1,1,45,0,0,0,0,0,0,165243,156688,151405,127090,126388,126399,7067,6443,4617,4711,4673,4603,No
710000,Female,1,2,32,0,0,0,0,0,0,28585,31719,34854,35774,35524,35047,3561,3696,1616,3024,5011,2011,No
20000,Male,2,1,50,0,0,0,0,2,0,6620,7556,8570,10020,9715,10153,1200,1300,1600,0,600,600,No
360000,Female,2,2,36,0,0,0,0,0,0,83412,77205,16250,13600,12640,0,3700,1123,500,640,0,0,No
150000,Female,3,1,60,1,-2,-2,-2,-2,-2,0,0,0,0,0,0,0,0,0,0,0,0,Yes
150000,Female,3,1,49,-1,-1,-1,-1,0,-1,3114,23946,7838,7642,8009,10800,23979,7838,7642,367,10800,5068,No
50000,Male,3,2,58,0,0,0,0,0,0,7556,7312,6959,5813,3985,3169,1140,1048,163,135,151,2000,No
140000,Female,3,1,38,2,2,0,0,2,2,122283,118913,120435,139795,142950,140505,0,5000,21500,5500,0,5000,No
250000,Male,1,1,42,1,-2,-1,-1,-1,-1,-8,-8,1632,-88,17451,43978,0,1640,0,17539,44197,1758,No
20000,Male,2,2,36,0,0,2,2,3,2,11423,13976,13455,15227,14699,14313,2749,0,2000,0,0,1230,No
360000,Female,2,1,42,-2,-2,-2,-2,-2,-2,2333,6295,0,0,1070,0,6295,0,0,1070,0,0,No
160000,Female,2,1,34,-1,-1,-1,-1,-1,-1,2734,0,625,406,338,0,0,625,406,338,0,0,Yes
180000,Female,2,1,30,0,0,0,0,0,0,27225,28245,26743,28943,30943,0,1765,1000,2200,2000,0,0,No
50000,Male,2,2,23,0,0,0,0,0,0,28569,27693,20401,17510,18038,16145,1400,1600,600,771,1000,305,No
50000,Male,2,2,45,0,0,0,2,0,0,19834,19387,22574,20483,20121,20191,1340,5000,0,729,793,642,No
220000,Female,1,1,60,2,2,2,2,2,0,19024,20424,19798,21468,20986,22469,2000,0,2000,0,2000,2000,Yes
150000,Male,2,1,39,0,0,0,2,2,2,76415,78836,87265,85084,93323,91783,4150,10575,0,9717,0,3300,Yes
160000,Male,2,1,40,-1,-1,-1,-2,-2,-2,1672,2927,0,0,0,0,2941,0,0,0,0,0,No
160000,Female,3,2,30,-1,-1,-1,-1,0,-1,1055,2579,1155,3334,1055,8824,2579,1155,3334,0,8824,1055,No
200000,Female,2,1,29,0,0,0,0,0,0,73700,73624,73928,72060,72393,72969,3304,3815,3004,3006,4012,3012,No
190000,Male,1,2,32,0,0,2,0,0,0,5484,6192,4988,3440,3341,3228,2450,0,200,1000,1000,1000,No
50000,Female,2,1,32,0,0,0,0,0,0,47445,37395,9858,8536,9674,9591,1697,1118,285,299,1110,40207,Yes
50000,Male,2,2,24,-1,-1,-1,-1,0,-1,390,390,390,780,390,390,390,390,780,0,390,0,No
140000,Female,2,2,35,0,0,0,0,0,0,88394,90252,92775,93606,95301,96653,3280,4270,3500,3606,3500,3550,No
60000,Female,2,2,26,0,0,0,0,2,2,48867,49979,51316,54046,55036,53985,2200,2470,4200,2000,0,6200,No
320000,Female,2,2,24,-1,-1,-1,0,-1,-1,44500,51257,54659,35196,71244,35299,51334,54726,103,71404,35448,47699,No
240000,Male,1,1,50,-1,-1,-2,-2,-2,-2,2115,0,0,0,0,0,0,0,0,0,0,0,No
110000,Female,3,1,44,0,0,0,0,0,0,128341,131227,133490,135888,137708,78581,4861,4300,3500,3500,2564,2300,No
240000,Male,1,2,29,1,-2,-2,-2,-2,-2,0,0,0,0,0,0,0,0,0,0,0,0,Yes
100000,Female,3,2,46,2,-1,2,0,0,-2,216,964,964,365,0,0,964,0,0,0,0,301,No
50000,Male,1,2,25,-1,-1,-1,-1,-1,-1,25045,15180,6964,7604,2173,6586,15522,6964,7604,2173,6586,11890,No
50000,Male,3,2,24,-1,0,0,-1,-1,-2,25437,25873,0,100,0,0,2000,0,100,0,0,0,Yes
150000,Female,2,2,30,0,0,2,2,2,2,63150,68125,66432,73312,72015,76521,6000,0,8023,0,5700,0,No
200000,Female,2,1,37,-2,-2,-2,-2,-2,-2,4157,601,432,1602,3017,937,606,432,1602,3017,937,1275,No
80000,Female,2,2,28,0,0,0,0,0,0,47234,48147,45958,43437,41444,35501,3000,2007,1361,1512,2000,476,No
360000,Male,1,1,35,-1,-1,-1,-1,-1,-1,11936,21865,3366,5210,13308,7089,21983,4567,5236,13373,7123,5510,No
120000,Male,2,2,49,0,0,0,0,0,0,38878,39917,32048,29131,30288,30192,2000,2000,2000,3000,3000,5000,No
230000,Male,1,2,28,0,0,2,0,0,0,70966,70366,66633,56055,22935,17354,5606,1050,1634,3000,3203,1000,No
60000,Female,2,1,34,0,0,0,0,0,0,54316,55575,15158,15450,15933,16095,2770,1275,544,3923,575,596,Yes
90000,Male,2,1,37,1,2,2,2,2,0,9549,9257,11983,12065,11731,11809,0,3200,572,0,422,437,No
50000,Male,2,2,29,3,2,2,0,0,0,49747,51075,43662,18115,17300,17947,2500,14,2000,1000,1500,1500,Yes
240000,Male,2,1,31,-1,-1,-1,-1,-1,-1,1051,475,1051,671,291,671,475,1051,671,291,671,671,No
80000,Female,1,2,23,0,0,0,0,0,0,23998,17442,15948,17118,9883,8689,3150,2000,6000,500,304,500,No
400000,Female,1,2,28,-1,-1,-1,0,-1,-1,3299,6930,2375,1211,6661,517,6978,2387,1127,6694,519,593,No
120000,Male,1,1,45,0,0,0,0,0,2,117775,117106,118207,116885,123040,120546,5700,6000,5000,10000,0,4500,No
250000,Male,1,1,39,1,-1,-1,-1,-1,-1,0,93,5354,167,908,0,93,5354,167,908,0,0,No
30000,Female,1,2,24,1,2,0,0,2,2,29846,28941,18643,19005,12751,10891,0,4000,600,0,2500,419,No
150000,Female,1,1,54,0,0,0,0,0,0,152059,150510,152228,141778,142694,145622,7100,5800,5300,5200,5300,5600,No
310000,Male,3,2,37,2,2,0,0,0,0,207995,211176,214160,220579,227036,321979,8000,8000,10000,10000,100000,0,No
150000,Male,2,2,34,0,0,0,0,0,0,135587,138473,141297,144605,148420,150500,4000,4000,4500,5000,3500,0,No
80000,Female,1,2,29,0,0,0,0,-2,-1,11040,5830,4136,0,0,150,1500,2000,0,0,150,419,No
50000,Male,2,2,24,0,0,0,0,0,0,35166,29045,15188,7582,7741,7958,1300,1106,1500,281,346,159,No
190000,Male,2,1,23,0,0,0,0,0,0,223483,183900,182911,156432,152708,133584,11837,6070,5136,5183,5237,4396,Yes
50000,Male,2,2,33,2,0,0,2,2,2,30773,33275,41329,5392,5722,4501,4000,9000,0,1000,0,1000,No
100000,Male,2,2,31,1,2,2,2,3,2,24377,25167,24541,27304,26669,26172,1400,0,3100,0,0,2000,Yes
150000,Male,1,1,33,0,0,0,0,0,0,144761,146271,128105,130555,133985,136151,6005,5005,5005,6005,5005,5005,No
80000,Male,2,2,43,0,0,0,2,2,2,19260,16902,15173,10493,10313,6687,1270,1874,0,3313,0,291,No
200000,Male,2,1,30,1,-2,-2,-2,-2,-2,736,736,736,736,736,316,736,736,736,736,316,1156,No
120000,Female,3,2,46,0,0,0,0,0,0,116697,108828,101417,89852,91503,89571,4200,4715,3200,3010,3772,3464,No
60000,Female,2,1,49,2,0,0,0,2,0,61093,57227,32091,32792,31277,29512,1739,1791,2378,0,1092,3554,Yes
450000,Female,6,1,51,-1,-1,-1,-1,-1,-1,144396,150396,396,396,396,546,6396,396,396,396,546,396,No
120000,Male,1,2,32,-1,-1,-1,-1,-1,-1,890,390,390,1480,0,6477,390,390,1480,0,6477,0,Yes
130000,Male,2,1,43,-2,-2,-2,-1,0,0,0,0,0,96963,99004,101833,0,0,96963,3554,4435,3304,No
240000,Female,1,2,36,-1,-1,2,0,-1,2,5367,6959,6649,5149,13750,5777,6959,15,0,7013,0,726,Yes
90000,Female,2,2,26,0,0,0,0,0,0,11181,11237,9442,5318,11928,15558,3194,8823,0,7000,6660,10000,No
210000,Male,2,2,25,2,0,0,0,2,0,7474,8625,3511,4950,4727,5494,1500,1500,1500,0,1000,1000,Yes
90000,Female,2,2,23,-1,-1,0,0,0,0,803,16983,18644,12718,12984,13247,16983,2000,500,424,431,1000,No
290000,Male,1,1,63,0,0,0,0,0,2,183800,187658,193030,195356,207180,211614,6820,8500,7020,15000,8000,0,Yes
390000,Male,1,2,29,0,0,2,0,0,0,43062,47142,46088,47016,48332,62205,5100,0,2000,2071,15000,2300,No
230000,Male,1,2,32,-2,-2,-2,-2,-2,-2,489,0,1257,0,1169,641,0,1257,0,1169,641,0,No
90000,Female,2,1,29,0,0,0,0,0,0,13770,14024,9232,4173,4408,5846,1522,3010,1500,1500,1500,2000,No
280000,Female,2,1,45,1,-2,-1,-1,-2,-2,0,0,3288,0,0,0,0,3288,0,0,0,2942,No
280000,Female,1,2,28,-2,-2,-2,-2,-2,-2,21670,15767,15288,4923,19616,5191,15846,15364,9948,19693,5216,488,No
30000,Female,3,1,25,-2,-1,0,0,2,0,0,20249,3765,29393,26408,27653,20657,1000,26408,0,1653,823,No
20000,Male,2,1,38,-1,0,0,0,0,0,18596,19245,19744,14999,15121,19283,1342,1231,524,741,5000,1000,No
180000,Female,1,1,43,-1,-1,-1,0,-1,-1,36484,24049,89271,1946,11859,506,24049,91272,162,11859,506,1304,No
70000,Female,3,2,26,0,0,0,0,0,0,7139,8361,10030,11578,13408,12302,1500,2000,2000,2000,1000,2000,Yes
230000,Female,2,1,34,-1,-1,-1,-1,-1,-1,2007,3220,6163,2765,2050,1197,3229,6191,2782,2055,1200,1710,No
50000,Male,2,2,36,0,0,2,0,0,0,17003,18157,17301,16486,17681,17825,3000,1000,1000,2000,1000,2000,No
250000,Male,2,1,47,-1,-1,-1,-1,-1,-1,10735,19147,4192,5947,5453,0,19269,4192,5966,5453,0,0,No
140000,Male,1,1,47,0,0,0,0,0,0,109259,108015,107209,106353,100653,99546,5400,5211,4000,4000,4000,3600,No
140000,Female,2,1,41,0,0,0,0,2,0,43616,44710,45661,50880,49934,51106,2100,2000,6000,0,2000,4200,No
130000,Female,1,2,25,-1,-1,-1,-1,-1,-1,1088,1521,6042,1085,947,495,1521,6044,1619,947,495,0,No
120000,Female,2,1,40,-2,-2,-2,-1,0,0,73900,0,0,3663,3663,0,0,0,3663,0,0,0,No
60000,Female,2,2,43,1,2,0,0,3,2,44193,43205,47476,54735,53584,54703,0,5000,8100,0,2150,0,Yes
80000,Female,3,2,32,0,0,0,0,0,0,77385,79038,80899,79387,81593,80254,2900,3200,3000,3500,3100,6200,No
50000,Male,3,1,32,0,0,0,0,0,-2,46727,47973,48990,49261,0,0,2000,2005,1745,0,0,0,Yes
270000,Female,1,2,33,-2,-2,-2,-2,-2,-2,12091,0,6743,338,0,432,0,6743,338,0,432,3042,No
170000,Female,1,1,52,-1,-1,2,-1,-1,-1,2939,5447,416,7509,6387,1516,3000,5,7509,6387,1666,3023,No
230000,Female,5,1,29,0,0,0,0,0,0,123436,127873,129832,133273,139818,65649,7000,6000,6000,10000,30000,3044,No
390000,Female,1,2,26,-2,-1,-1,0,0,0,5044,1248,199466,200701,210885,213137,1248,201925,6195,30000,8000,8000,No
200000,Female,2,1,39,0,0,2,0,0,0,151955,158956,149765,131741,134488,137240,9201,5000,4500,4600,4700,5319,Yes
500000,Female,2,1,27,0,0,0,0,0,0,174725,178556,182274,185523,183530,187150,6630,6831,6500,6500,6500,5900,No
30000,Female,1,2,25,3,2,0,0,0,0,14190,12900,11006,5584,5268,4112,0,2046,0,0,0,915,Yes
450000,Female,1,2,33,-1,-1,-1,-1,-1,-1,30627,3693,6696,2461,4192,4378,4008,6696,5000,4192,4378,71100,No
50000,Male,2,2,25,0,0,-1,-1,-1,0,11014,11092,692,1184,24119,24027,1402,694,1186,34029,1002,1023,No
220000,Male,1,2,48,0,0,0,2,0,0,115294,117945,130365,126780,129570,133553,6000,16000,0,5000,6300,3000,No
30000,Female,2,2,33,0,0,0,0,0,0,29965,28048,29775,27736,26956,28142,2000,3000,3000,2000,2000,2000,No
50000,Female,3,1,42,3,2,2,0,0,0,34542,30557,29577,29529,28276,28768,1000,1000,1000,1000,1000,1000,No
50000,Male,2,1,31,0,0,0,0,0,0,48469,48872,49429,49144,50032,50519,2138,2095,1711,1771,1900,3510,No
30000,Female,2,2,24,2,0,0,0,0,-2,28510,28481,28045,27259,0,0,2000,1200,0,0,0,0,Yes
200000,Female,1,2,42,-1,-1,2,-1,-1,-1,660,1320,660,1320,1320,1710,1320,0,1320,1320,1710,27077,Yes
50000,Female,2,1,46,1,2,2,2,2,2,43244,42276,45235,45816,44970,47649,0,4000,1600,0,3400,0,Yes
80000,Female,2,2,26,0,0,0,0,0,0,47788,45221,46830,48429,52142,56060,4000,3000,3000,5000,5000,5000,No
20000,Male,3,1,26,3,2,3,2,0,0,10135,11926,11448,10970,11636,12442,2100,0,0,1000,1000,0,Yes
70000,Female,2,1,44,0,0,0,0,0,0,68687,69531,71271,70712,50793,50605,2545,2918,6329,1996,1977,1975,No
130000,Male,3,1,44,0,0,-2,-2,-2,-2,15722,0,0,0,0,0,0,0,0,0,0,0,No
200000,Male,3,1,34,0,0,0,0,0,0,192910,199344,186878,140743,129806,121623,10000,10000,6000,10000,10000,5000,No
320000,Female,1,1,34,-2,-2,-2,-2,-2,-2,11317,2612,1265,3031,13001,8807,2617,1265,3031,13001,8807,4003,No
170000,Female,1,2,27,0,0,0,-1,0,0,61785,17848,14000,124208,122955,116191,3848,4000,124208,5000,5000,5000,No
280000,Female,1,2,30,-1,-1,-1,-1,-1,-1,8527,13219,10132,29142,20644,1647,13244,10157,29187,20669,3003,3250,No
10000,Female,2,2,34,0,0,0,0,0,-2,8014,9170,9180,8300,0,0,1300,1000,1166,0,0,0,No
200000,Male,1,1,35,1,2,0,0,0,0,204441,198879,202466,168015,169799,171981,0,8555,10000,6500,7103,6000,No
70000,Male,2,2,27,0,0,0,0,0,0,63298,65785,65353,84184,47686,49276,4100,2400,2500,1800,2400,4800,No
150000,Female,1,2,40,-1,-1,-1,-2,-1,-1,800,2400,0,0,1000,0,2400,0,0,1000,0,0,No
320000,Female,1,1,29,0,0,0,0,-1,-1,95322,98787,97996,27996,1712,-216,5000,2000,2000,2000,0,10000,No
50000,Male,1,2,25,4,4,4,4,3,2,35906,37038,38151,37264,36396,35659,2000,2000,0,0,0,3001,No
200000,Female,2,1,44,1,2,2,2,0,0,2667,2478,6406,6216,5258,7002,0,4000,14,2000,2000,2000,Yes
200000,Male,2,1,39,-1,-1,-1,-1,-1,-1,326,326,326,326,326,326,326,326,326,326,326,326,Yes
160000,Female,2,2,29,-1,-1,-1,-1,-1,-2,2248,-2,4903,5525,-10,-10,0,4905,5525,10,0,5685,No
380000,Male,1,2,42,0,0,0,2,-1,0,1837,4791,6697,2700,1218,1533,3000,2000,0,1218,700,500,No
50000,Male,2,1,51,0,0,0,2,2,6,11583,16051,25725,25017,34385,33248,5000,10000,0,10000,0,10000,Yes
500000,Female,2,1,51,-2,-2,-2,-2,-2,-2,8864,1462,18653,45391,1460,580,1462,18661,45402,1460,580,1588,No
150000,Male,3,1,34,0,0,0,0,0,0,38808,39879,40589,41551,42420,43105,2000,1674,1636,1690,1544,1751,No
90000,Male,2,2,33,0,0,0,0,0,0,56291,58385,60412,61710,63020,64274,3000,3000,2300,2300,2300,2379,Yes
140000,Male,1,2,27,-1,-1,-1,-1,-1,-1,13497,15680,3400,3218,16478,4078,15688,4000,3218,17000,4500,4448,No
220000,Female,1,2,40,-1,-1,-1,-1,-1,-1,13654,12312,23031,7229,3942,2132,12312,23031,7234,3942,2132,5809,No
450000,Male,3,2,41,0,0,0,0,0,0,262138,242290,221480,201670,181345,160000,10027,8517,7020,6821,6027,5010,No
200000,Male,2,1,48,0,0,-2,-2,-2,-2,205150,0,0,0,0,0,0,0,0,0,0,0,No
140000,Female,1,2,34,0,0,2,0,0,0,30996,33690,33430,32768,29701,24377,3200,1500,1800,2000,2000,1000,Yes
290000,Female,1,1,46,0,0,0,0,0,0,6615,8494,10336,15127,19685,29275,2000,2000,5000,5000,10000,5000,Yes
260000,Male,1,2,34,0,0,0,0,0,0,87281,96870,115398,146597,159844,145729,15000,20084,50029,20139,15147,12025,No
60000,Female,1,2,27,0,0,0,0,0,0,61015,58160,51237,29999,28972,29444,3016,5011,1005,1000,14000,3104,No
310000,Female,3,1,40,0,0,0,0,0,0,69569,71437,71464,72299,50967,51153,3366,2400,2212,1985,2422,1407,No
80000,Female,3,1,50,0,0,0,0,0,0,6627,9503,11966,14493,20328,23506,3000,3000,3000,8000,3506,3000,No
150000,Female,1,2,33,0,-1,-1,-1,-1,-1,74033,237,1420,1141,1067,1128,237,1426,1141,1067,1200,1150,No
80000,Male,2,2,28,0,0,0,0,0,0,49302,35916,25528,26034,26615,28173,1412,1425,931,1000,2000,2000,No
480000,Female,2,1,45,-1,-1,-1,-1,-1,-1,1223,22308,6070,5924,547,1308,22313,6083,5924,547,1308,1480,Yes
230000,Male,1,2,30,1,-2,-2,-2,-1,-1,0,0,0,0,625,514,0,0,0,625,514,3,No
180000,Male,3,2,46,0,0,0,0,0,0,109114,71952,16765,14611,16209,25653,2835,1500,1000,2000,10000,20000,No
50000,Male,2,1,32,0,0,0,0,0,0,50764,50428,49564,21002,20230,19462,2200,1500,1500,2000,1700,2000,Yes
310000,Female,2,1,43,1,2,2,2,2,2,266629,270414,264482,280240,285805,272059,9500,0,20000,10000,0,9755,Yes
10000,Male,1,1,41,0,0,3,2,2,2,6859,9751,9451,9169,10056,8559,3000,0,0,1002,0,500,No
280000,Male,1,2,25,0,0,0,0,0,0,9895,7402,7701,8951,6916,8790,3011,3007,3019,2004,3044,93462,No
50000,Female,2,2,51,2,0,0,2,2,2,10728,11751,13247,12737,13732,13362,1504,2000,0,1200,0,494,Yes
10000,Female,1,2,22,1,3,2,2,2,2,8352,8078,7800,8672,8388,9248,0,0,1000,0,1000,0,No
290000,Male,1,1,43,0,0,0,0,0,0,294475,295310,290951,237255,241778,236917,12021,11212,8503,9047,9003,10014,No
100000,Female,2,2,26,1,2,0,0,0,0,48006,46561,46764,48298,49137,49576,0,2200,3000,2000,1800,2000,Yes
160000,Female,2,2,25,-1,-1,-1,-1,-1,-1,21570,7501,10703,12448,2129,24461,7545,10841,12448,2141,24603,16897,No
230000,Male,2,1,46,0,0,0,0,0,0,170354,131022,108061,87461,69221,57462,7200,3348,2510,5000,3500,6500,No
230000,Female,2,1,46,-2,-2,-2,-2,-2,-2,0,0,0,0,0,0,0,0,0,0,0,83,No
300000,Female,3,1,41,1,-1,-1,-1,-2,-1,0,1018,685,1144,0,67,1018,687,1144,0,67,0,No
500000,Male,3,2,32,0,0,2,0,0,0,211508,183713,158759,119566,123098,132355,10070,3066,13366,20898,20155,16101,No
200000,Male,1,2,29,-1,0,0,0,0,2,1124,1206,1292,1778,2064,1000,1000,1000,1400,1200,0,1203,No
210000,Female,1,2,44,0,0,0,0,0,0,125615,77485,79668,92326,30500,25265,5000,4000,3402,2013,1026,1000,No
50000,Female,2,2,23,-1,-1,-1,-1,0,0,373,-17,4230,1243,1904,0,0,4247,1243,1094,0,0,No
130000,Male,2,2,25,0,0,2,2,2,0,112561,119435,105382,49643,46812,45914,12421,0,7000,0,2000,1822,No
90000,Female,2,1,37,-1,-1,-1,-1,-1,-1,2522,0,1261,1261,1261,1261,0,1261,1261,1261,1261,390,No
80000,Female,3,1,36,-1,-1,-1,-1,-1,-1,5587,6906,1470,1720,2890,7678,6906,1470,1720,2890,7678,1730,No
30000,Male,3,2,23,2,2,2,2,2,2,10732,20501,20831,21231,20589,31018,10000,1000,1000,0,13000,0,No
480000,Female,2,2,30,1,-2,-2,-2,-1,0,0,0,0,0,330982,355339,0,0,0,330982,30000,13174,No
80000,Female,3,1,41,0,0,0,0,0,0,54074,50967,29143,33520,19060,14275,10000,10000,5000,3000,3000,5000,No
90000,Female,2,2,24,0,0,0,-1,0,0,36179,36137,28400,28982,29782,24389,1953,2000,29982,800,1516,60615,No
70000,Male,2,1,31,1,2,2,2,2,2,32945,32133,35089,34225,36663,35921,0,3500,0,3000,0,3000,No
50000,Male,3,2,31,0,0,0,2,0,0,5458,7208,17221,16738,17106,15415,2000,10600,0,700,3000,4200,No
110000,Female,3,1,39,0,0,0,0,0,0,73064,70373,71730,73208,75095,72530,3900,3200,2600,3000,3100,3100,No
120000,Male,2,2,30,0,0,0,0,0,0,100802,104378,106651,108362,96168,99399,5200,5500,5000,5000,5000,5000,No
180000,Male,2,2,24,-2,-2,-2,-2,-1,2,2294,1290,2109,600,476,326,1296,2120,901,476,0,326,No
50000,Male,2,2,33,1,2,2,2,2,2,40159,41323,40364,42781,41966,48865,2100,0,3400,0,7800,0,Yes
150000,Female,1,1,29,-1,-1,-1,0,0,0,2565,3648,5586,5586,3672,1160,3648,5586,0,426,4040,2320,No
340000,Female,1,2,30,1,-2,-2,-2,-2,-2,0,0,0,0,0,0,0,0,0,0,0,0,No
300000,Female,2,2,33,0,0,0,0,0,0,351232,298709,268531,157953,161183,163942,9198,7668,4429,4821,4684,3152,No
150000,Female,1,1,36,-1,0,0,0,0,2,123160,134948,130982,125296,122664,112055,20000,6100,4000,5500,3002,7000,Yes
30000,Male,1,2,38,2,0,0,0,0,0,69707,71904,62630,57406,46231,73262,4000,5000,8000,1460,40000,10000,No
50000,Male,2,2,52,0,0,-1,0,0,0,47595,28491,3642,12291,16674,17331,8080,15012,10000,8000,2000,2000,No
100000,Male,1,1,42,-1,2,-1,-1,-1,-1,2206,1016,452,1016,1096,2202,0,452,1580,1096,2122,0,Yes
270000,Female,2,1,35,-1,-1,-1,-1,-1,-1,165,165,165,165,0,601,165,165,165,0,601,928,No
320000,Male,1,1,43,-1,-1,-1,0,0,-1,3274,86251,14857,12157,8690,4166,86682,14871,260,43,4186,904,Yes
300000,Female,1,2,26,0,0,0,0,0,0,10545,10421,15196,19406,23260,15423,3000,5000,5000,4000,5000,5000,No
30000,Female,2,1,49,0,0,0,2,0,0,2273,2127,2552,1992,1583,1320,2000,1300,0,0,150,0,Yes
290000,Male,3,1,41,-2,-2,-2,-2,-2,-2,-4,-4,798,-2,494,-6,0,802,0,496,0,1292,No
180000,Female,2,1,49,-2,-1,-1,-2,-2,-1,106,3166,106,59,-47,347,3166,106,59,47,570,106,No
150000,Male,1,1,57,-2,-2,-2,-1,-1,0,153664,137074,86466,2120,143701,146318,22000,2509,2120,143701,6000,5200,No
60000,Female,2,1,30,-1,0,0,0,0,0,54379,55029,54422,19843,19095,19495,2269,1385,1000,693,717,661,No
260000,Female,1,2,33,-2,-2,-2,-1,0,0,6475,2500,500,210,210,-90,2500,500,210,0,0,0,No
150000,Male,2,1,32,0,0,0,0,0,0,143706,140120,138520,139329,142149,111435,6010,5007,5016,10101,5006,4015,Yes
250000,Female,1,2,29,1,-2,-2,-2,-2,-2,0,0,0,0,0,0,0,0,0,0,0,0,No
70000,Female,2,1,29,0,0,0,0,0,0,1929,2948,3960,4038,4123,4264,1054,1066,144,150,210,500,No
360000,Male,3,1,44,-1,-1,-1,-1,-1,-1,1982,-18,3746,-4,906,850,0,3764,0,910,854,1131,Yes
200000,Male,1,1,34,-1,-1,-1,-1,-1,-2,5879,5884,5171,4598,-95,-2175,5884,5171,4598,0,0,0,No
30000,Female,1,2,30,0,0,0,0,0,0,27851,29490,29200,29400,50000,0,2100,1500,600,600,0,0,No
20000,Male,2,1,30,-1,-1,-1,-1,-1,-1,1473,1473,390,390,390,0,1473,390,390,390,0,780,No
80000,Male,3,2,66,0,0,0,0,0,0,58592,52465,16937,15159,12195,0,2912,3000,3000,3000,0,0,No
260000,Female,1,2,32,-2,-2,-2,-2,-2,-2,-34,6846,1479,173,6326,369,6880,1486,174,6357,370,2500,No
210000,Female,2,1,35,0,0,0,0,0,0,64740,66692,68579,70036,71706,73162,3000,3000,2600,2800,2800,2900,No
50000,Male,3,1,35,0,0,2,0,0,2,35214,37305,34789,8671,9550,8741,3900,2,500,1000,0,500,No
140000,Male,1,2,26,0,0,0,0,0,-2,66526,65667,67571,26968,-4082,-4082,3990,4000,2000,0,0,0,No
90000,Male,3,1,42,2,2,2,3,3,3,48674,49895,52570,53614,54534,53374,2300,4116,2500,2052,0,0,No
20000,Male,2,1,31,0,0,0,0,0,0,35651,20160,20080,19680,19680,0,4960,1400,0,0,0,0,No
360000,Male,1,1,44,-1,-1,-1,-1,-1,-1,165,165,165,165,165,165,165,165,165,165,165,165,No
580000,Female,2,1,57,-1,-1,-1,-1,-1,-1,20498,2290,4968,4481,5574,14240,2290,4968,4485,5583,14242,9986,No
180000,Male,2,2,39,0,0,2,0,0,0,29478,32342,31523,32989,33679,34350,3353,0,2000,1222,1231,2704,No
60000,Male,2,1,51,0,0,0,0,0,0,60557,58563,27436,29752,30351,28871,3040,3000,3000,4000,2000,3000,No
60000,Female,2,1,25,0,0,0,0,0,0,39831,33147,32239,30110,30465,30510,4500,4500,2000,1301,1128,1023,No
50000,Male,2,2,30,0,0,0,0,0,0,50995,50882,32777,32081,29598,29648,2500,1500,1226,1059,2000,1138,No
100000,Female,2,1,39,-1,-1,-1,-1,0,0,200,200,200,2795,94722,96638,200,200,2795,92485,2519,2961,No
380000,Male,1,1,46,0,0,0,0,0,-1,141102,84229,28749,14258,7594,190628,5034,2071,29,72,190710,30052,No
310000,Female,1,1,37,-1,-1,-1,-1,0,-1,325,4373,26863,7443,4221,8172,4373,26863,7443,0,8172,31362,No
50000,Male,2,2,37,1,2,0,0,0,0,28731,27985,29000,29731,30400,33427,0,1482,1213,1300,3703,0,Yes
20000,Male,2,2,33,0,0,0,0,0,0,16128,17441,18589,18607,19892,24338,2000,2000,2001,2001,100,4737,No
30000,Female,2,2,50,0,0,2,0,0,0,27284,29001,28201,28763,29383,28987,4664,0,994,1047,1412,756,No
50000,Female,2,2,32,1,2,0,0,0,3,32814,32004,33017,33868,38151,37253,0,1550,1400,5000,0,0,Yes
30000,Female,3,3,52,1,2,2,2,-1,-1,10033,6486,7064,2890,2500,3280,0,3192,0,2500,3280,0,Yes
490000,Male,1,1,42,0,0,0,0,0,0,497657,498379,498646,436116,438700,436436,18260,18529,15000,15500,15620,15420,No
500000,Female,1,2,34,-1,0,0,0,0,0,218570,218978,218778,236377,225650,15233,18978,18778,36377,10650,15233,0,No
80000,Male,3,2,27,0,-1,-1,-2,-2,-2,13165,2100,0,0,0,0,2100,0,0,0,0,0,No
200000,Male,2,1,33,0,0,-2,-2,-2,-2,205150,0,0,0,0,0,0,0,0,0,0,0,No
360000,Male,1,2,29,0,0,0,0,0,0,205119,209680,213527,174907,126309,97746,8270,8423,6753,5139,5000,4000,No
30000,Male,2,1,39,0,0,0,0,0,0,29493,30346,28777,27962,26306,28994,2006,1500,3000,3000,9000,2000,Yes
170000,Female,1,1,36,0,0,0,0,0,0,46113,48241,50255,51410,52429,53554,3182,3000,1990,2000,2000,3000,No
10000,Male,2,2,21,0,0,0,0,-1,-1,6703,8422,9205,9393,4176,0,2000,1000,188,2538,0,0,No
200000,Male,1,1,49,-1,-1,-1,-1,0,-1,416,416,0,832,416,416,416,0,1248,0,416,416,Yes
160000,Female,1,2,35,0,0,0,0,0,0,61089,53073,46508,42835,46169,40482,1965,1972,1509,4000,3000,4000,No
270000,Male,2,1,34,2,0,0,0,0,0,275572,277585,232661,150298,134808,129645,10332,10000,18021,8026,6011,5000,Yes
80000,Male,2,2,28,0,0,0,0,0,0,57798,50910,49940,49460,50687,50288,2050,1780,1800,2000,2000,2000,No
360000,Female,1,2,29,-1,-1,-1,-2,-2,-2,1146,2500,0,0,0,0,2500,0,0,0,0,0,Yes
140000,Female,2,2,27,0,0,0,0,0,0,111820,104189,100638,93092,94663,96257,3817,4500,3500,3600,3700,3500,No
80000,Female,3,2,43,0,0,0,0,0,0,76594,78254,78401,49496,50562,45682,3100,3100,1669,1759,1700,3001,No
200000,Female,1,2,25,0,0,0,0,0,-1,1698,2751,3665,4665,6665,150,1086,1000,1000,2000,150,776,No
80000,Female,1,2,25,-1,-1,-1,-1,-1,-1,390,390,390,390,390,390,390,390,390,390,390,390,No
390000,Male,1,1,35,0,0,0,0,0,0,28804,43996,47532,49414,51380,50661,20000,5006,5006,5008,3004,3006,No
80000,Female,2,2,31,-1,-1,0,0,0,0,1019,8479,9947,10671,11923,12050,8479,2000,2000,2000,2000,1000,Yes
80000,Female,3,1,44,0,0,0,0,0,0,40821,42443,42573,43386,13513,13781,2281,1411,1224,491,493,662,Yes
20000,Male,2,1,31,1,2,0,0,0,0,21635,19749,19469,19856,19147,20369,0,1303,690,851,1700,0,Yes
30000,Female,3,2,22,0,0,0,0,0,0,28579,26683,25591,16337,19690,19986,2006,2041,2001,4004,2006,2000,No
60000,Male,5,2,23,-1,-1,-1,-1,-1,-1,5363,262,-144,450,202,196,1000,0,1000,0,400,300,No
100000,Female,2,2,25,0,0,0,0,0,0,59219,60464,61956,63228,64561,66025,2197,2500,2300,2350,2540,4920,No
100000,Male,2,1,52,0,0,0,0,0,0,81382,72937,65480,66777,68176,69547,4611,4000,2387,2472,2502,2544,No
40000,Female,3,1,48,0,0,0,0,0,0,69282,36108,37112,37695,38580,0,3500,1750,1300,1409,0,0,No
120000,Female,1,2,30,-1,-1,-1,-1,-1,-1,316,316,316,316,316,7516,316,316,316,316,7516,316,No
20000,Female,3,1,56,0,0,0,0,0,0,12685,13634,12115,12356,12623,13905,1188,1201,442,466,1500,421,No
310000,Female,2,2,26,0,0,0,0,0,0,87717,93707,83632,81133,75499,73540,9156,2782,4013,2688,2651,2652,No
50000,Male,2,2,23,1,2,0,0,0,0,19203,17242,18245,18454,18685,19271,0,1299,807,678,897,800,Yes
500000,Male,2,1,49,1,2,0,0,0,-2,9502,9206,11000,13000,0,0,0,2000,2000,0,0,0,No
290000,Male,3,1,40,0,0,0,0,0,2,151996,155371,157605,133904,128276,130419,7800,7549,10000,15000,5000,0,No
30000,Male,2,2,34,0,0,0,0,0,0,19101,17444,12676,9171,5928,7746,1653,1110,0,109,7849,0,No
100000,Female,1,2,23,-1,-1,-1,0,0,0,850,0,8472,8472,1768,0,0,8472,0,0,0,9038,No
360000,Female,1,2,31,-1,-1,-1,-1,-1,-2,8288,21865,44440,3904,0,0,21888,44640,3904,0,0,0,No
20000,Male,3,1,51,-1,-1,-2,-2,-2,-2,2300,0,0,0,0,0,0,0,0,0,0,0,Yes
150000,Female,2,1,37,1,2,2,0,0,0,108784,110405,106317,30906,31457,32134,4800,0,1240,1200,1200,1300,Yes
360000,Female,1,1,31,-1,-1,2,-1,-1,-1,3680,9995,3225,4230,6113,8745,13517,0,4230,6113,8745,6324,No
490000,Female,2,1,30,0,0,0,0,0,-1,26088,24092,24488,16995,-1527,62491,2003,2041,1092,4,64895,3003,No
40000,Female,2,1,44,-1,-1,-1,-1,-1,-1,11770,4719,922,4665,4059,5588,4740,922,4665,4059,5588,7000,No
100000,Female,3,1,36,-1,-1,-1,-1,-1,-1,1490,0,210,0,90,90,0,210,0,90,0,0,No
20000,Female,2,2,24,0,0,0,0,0,0,14367,16130,18136,18258,19478,19866,2001,2600,701,1500,705,1000,No
500000,Female,2,1,32,0,0,0,0,0,0,37664,9689,9487,12641,14778,10665,3000,1000,6000,4000,3000,23000,No
50000,Male,2,2,28,-2,-2,-2,-2,-2,-2,49703,50237,26924,27458,28036,28772,1761,1448,982,1020,1200,1155,No
260000,Male,1,2,34,-1,-1,-1,-1,-1,-1,324,826,326,326,326,476,828,326,326,326,476,326,No
140000,Female,2,1,49,-1,-1,-2,-2,-2,-1,2457,0,0,0,0,579,0,0,0,0,579,1968,No
260000,Male,1,2,49,-1,-1,-1,-1,-1,-1,316,316,4866,316,316,4843,316,4866,316,316,4843,316,No
200000,Female,1,2,32,-1,-1,-1,-1,0,0,3450,12113,16152,19443,19189,13947,12174,16239,19446,529,400,277,No
200000,Female,1,2,32,1,-1,-1,-1,-2,-2,0,2300,15093,0,0,0,2300,15093,0,0,0,0,No
20000,Female,2,2,26,0,0,0,0,0,0,6690,8628,8515,6584,3403,3748,2600,1500,1500,1000,402,0,No
10000,Male,3,2,24,0,0,0,0,0,0,4050,5426,6743,8544,9858,1303,2000,2000,2000,2000,1000,0,No
30000,Male,2,2,34,0,0,0,0,0,-1,28014,29248,29254,19837,14793,404,1694,1200,8697,2000,1000,2759,No
170000,Female,3,1,40,0,0,0,0,0,0,73784,73815,53032,29086,93786,92728,3663,3426,1317,93276,3197,3185,No
50000,Female,3,1,45,0,0,0,-2,-1,-1,4410,4055,0,0,6553,19653,4050,0,0,6553,13100,0,No
420000,Female,1,2,34,-1,-1,-1,-1,-1,-1,13207,6184,6692,1039,1039,1503,6222,9723,1045,1042,1509,9215,Yes
70000,Female,2,1,30,0,0,0,0,0,0,8432,9596,10637,11965,12178,13962,1300,1200,1507,1000,2000,1000,No
300000,Female,2,1,31,-1,-1,-1,0,0,0,316,316,17597,15257,9482,10716,316,17597,2000,2690,2000,316,No
500000,Male,2,2,31,2,2,2,0,0,0,533142,504834,413844,305875,46420,14540,3089,14000,14000,1500,14000,2000,No
20000,Female,2,2,49,0,0,0,3,2,2,15945,16971,19796,19188,18740,20219,1288,3113,0,0,1800,663,No
280000,Female,1,2,30,0,0,0,0,0,0,161001,136271,131048,119654,115808,115116,5000,6000,4000,4000,5000,5270,No
150000,Male,1,1,41,-1,-1,-1,-1,0,0,390,390,390,15080,780,0,390,390,15080,0,0,0,No
180000,Male,2,1,35,-1,-1,-1,-1,-1,-1,1099,1099,1099,1099,0,1099,1099,1099,1099,0,1099,0,No
50000,Male,1,2,25,0,0,0,-2,-2,-2,50401,46275,0,0,0,0,5000,0,0,0,0,0,No
150000,Female,2,2,24,1,-2,-1,-1,-1,-1,0,0,3230,1085,10000,0,0,3230,1085,10000,0,0,No
30000,Male,2,2,26,1,4,3,2,2,4,24386,23744,23090,22436,26886,30858,0,0,0,5000,5000,0,No
250000,Male,1,1,37,-2,-2,-2,-2,-1,-1,-207,-207,-207,-207,11361,700,0,0,0,11568,700,0,No
50000,Female,3,1,58,0,0,0,0,0,0,50019,18458,19318,15949,14986,19401,1400,1229,687,2000,5000,1000,No
120000,Male,3,1,36,-1,-1,-1,-1,-1,0,326,326,326,326,652,326,326,326,326,652,0,290,No
330000,Female,2,1,39,8,7,6,5,4,3,377779,372355,365250,358145,352121,346216,0,0,0,0,0,0,Yes
140000,Female,2,3,30,0,0,0,0,0,0,107060,104629,98453,96149,96500,96550,4598,4333,3381,3637,3645,3440,No
150000,Female,2,1,50,3,2,0,0,-2,-1,3227,3029,3964,0,0,2322,0,1000,0,0,2322,0,No
330000,Male,1,1,57,-1,-1,-1,-1,-2,-1,3166,-206,3429,0,0,749,552,5726,0,0,749,799,No
380000,Female,1,1,34,2,2,2,2,2,2,322199,331518,337703,343612,351089,358401,16001,13150,13000,13150,13300,13000,No
50000,Male,2,1,32,0,0,0,0,0,0,46253,46117,46919,17459,17825,18193,1998,3000,625,647,664,649,No
150000,Female,2,1,37,0,0,0,0,0,0,135211,142398,121570,130780,130780,0,10109,10000,10000,10000,20000,16100,No
160000,Female,2,2,27,0,0,0,0,0,-2,78592,80240,39835,41150,0,0,3700,1700,2000,0,0,0,No
370000,Male,2,1,33,1,-2,-2,-1,2,2,0,0,0,361,211,3659,0,0,422,0,3448,0,No
180000,Female,1,1,51,-1,-1,-1,-1,-1,-1,513,396,396,396,396,396,396,396,396,396,396,792,No
50000,Male,2,1,54,2,2,0,0,0,0,48580,47112,30246,26953,27249,27521,0,1500,1000,986,986,996,No
170000,Female,1,2,34,-1,-1,-1,-1,-1,-1,326,326,326,326,476,476,326,326,326,476,476,326,Yes
60000,Female,2,1,25,0,0,2,0,0,0,34733,37460,36558,37945,38782,39582,3600,0,2000,1600,1600,1340,Yes
20000,Male,2,2,34,-1,-1,-1,-1,0,0,13936,8643,1973,17711,13747,13901,8735,1973,17711,2000,5000,5000,No
20000,Male,2,2,23,1,2,2,2,2,0,16332,18111,18325,18391,14235,18955,2500,1000,600,0,5000,1300,Yes
50000,Female,1,2,25,0,0,0,0,2,2,35427,36307,36989,38559,39958,38313,2000,2000,3000,3000,0,3090,No
150000,Female,3,2,52,0,0,-1,-1,-1,-1,5678,3608,694,-6,2266,1601,1010,696,0,2272,1605,3027,No
30000,Female,2,1,43,0,0,0,0,2,2,27862,29106,29784,29884,27833,29459,2000,1500,2000,0,3000,0,No
50000,Female,1,2,25,1,-2,-2,-2,-2,-1,0,0,0,0,0,550,0,0,0,0,550,0,Yes
100000,Male,2,2,25,-1,-1,-1,-1,-1,-1,416,416,0,416,416,1850,416,0,832,416,1850,0,No
500000,Male,1,1,53,-1,-1,-1,-1,-1,-1,107782,10961,11525,3228,9146,2430,11016,11602,3244,9191,2442,7992,No
180000,Male,1,2,35,-1,-1,-1,-1,-1,-1,326,326,10726,24104,326,326,326,10726,24104,326,326,326,No
280000,Male,1,2,33,-2,-2,-2,-2,-2,-2,640,-160,32060,3901,1276,-2,0,32220,3920,1282,2,3446,No
50000,Female,2,2,27,-1,-1,-2,-2,-2,-1,1500,0,0,0,1075,4249,0,0,0,1075,4307,0,No
360000,Female,2,1,49,0,0,0,0,0,0,338321,329178,320709,310208,289883,279709,12323,22023,12023,10023,10823,7523,No
170000,Male,1,1,44,-1,-1,-1,-1,-1,-1,6569,29039,1716,2442,14605,2895,29069,1721,2442,14605,2895,9608,No
90000,Male,2,1,36,4,3,2,0,0,0,62737,61413,59823,29526,25903,26563,0,0,1300,1000,1000,1500,Yes
20000,Male,1,1,24,-1,-1,-1,-1,-1,-1,625,702,316,316,316,316,709,316,316,316,316,316,Yes
220000,Female,2,1,34,0,0,0,0,0,0,109815,91363,93091,91706,91748,93261,3634,3566,3394,3659,3700,3183,No
200000,Female,4,2,25,-1,-1,-2,-1,-1,-2,2017,0,381,1060,429,0,0,381,1060,429,0,398,No
400000,Female,1,1,28,0,0,-2,-2,-1,-1,181178,86663,62200,38000,150,193,4000,2000,1000,150,193,3690,Yes
90000,Female,1,1,36,-1,-1,-2,-2,-2,-1,9999,0,0,0,0,1980,0,0,0,0,1980,0,No
60000,Male,3,1,31,1,2,0,0,0,0,69311,60059,54851,38863,39135,39049,0,2293,1367,1407,1410,1400,Yes
50000,Female,3,1,47,1,-2,-2,-2,-2,-2,0,0,0,0,0,0,0,0,0,0,0,0,No
100000,Male,1,1,52,1,2,2,2,0,0,21509,20877,24122,23440,28843,31353,0,3600,0,6000,3000,0,Yes
180000,Female,2,1,34,2,2,2,2,2,2,95008,97088,98093,99578,101828,103986,4500,3500,4000,4000,4000,4000,Yes
210000,Female,1,1,42,1,-2,-2,-2,-2,-2,0,0,0,0,0,0,0,0,0,0,0,35910,No
430000,Female,1,1,35,-1,-1,-1,-1,-1,0,3642,492,0,925,12151,39673,492,0,925,12151,29000,30000,No
40000,Female,2,1,51,0,0,0,0,0,0,144397,147924,26974,22710,37977,39347,3988,2014,799,32001,2000,1000,Yes
180000,Female,1,2,27,-2,-2,-1,-1,-1,0,12275,6491,37424,0,5758,18091,6491,37433,0,5758,18000,1000,No
140000,Female,1,2,28,-1,0,0,0,0,2,13159,39243,41831,45893,10186,4887,30000,7000,8000,5000,0,9579,No
30000,Female,3,2,45,0,0,0,0,-1,-1,28611,23312,19590,18447,15525,0,1352,1290,4150,15525,0,0,No
210000,Male,1,1,36,0,0,-1,-1,-1,-1,102245,103640,792,396,0,546,5000,792,396,0,546,396,No
90000,Male,2,1,35,8,7,6,5,4,3,112662,111077,108539,106001,103816,101878,0,0,0,0,0,0,Yes
160000,Female,1,1,29,0,0,-1,-1,0,0,50989,25227,26666,839,26516,-150,1695,28800,839,26500,0,0,No
130000,Female,2,2,27,1,-1,-1,0,0,0,-191,191,2898,4728,5149,5561,382,2898,1900,500,500,1000,No
10000,Female,2,2,21,0,0,0,-1,-1,-2,8660,9756,8560,780,0,0,1800,1300,800,0,1900,0,Yes
170000,Male,2,1,39,0,0,0,0,0,0,143339,125864,112300,110371,113685,98489,20000,6000,5000,5000,3000,2000,No
20000,Male,2,2,29,0,0,0,0,0,0,15760,17092,17781,17289,17710,18217,1593,1282,700,700,800,500,No
50000,Female,1,2,29,0,0,0,0,0,0,38242,28797,16068,16387,16882,17350,1799,2000,582,754,893,943,No
360000,Male,1,1,59,-2,-2,-2,-1,0,-1,17154,4536,4500,71028,5019,28028,5095,5048,72133,25,28168,18758,No
50000,Female,1,2,23,-1,-1,-1,0,0,-1,1413,-60,550,390,0,780,0,1000,230,0,780,0,No
80000,Female,1,2,25,-1,-1,2,-1,0,-1,390,5640,390,780,390,390,5250,0,780,0,390,390,No
160000,Male,1,2,32,-1,-1,-1,-1,-1,-1,5315,8145,2480,1920,2192,8187,8300,2480,1920,2192,8187,552,No
380000,Male,1,1,37,0,0,0,0,0,0,173252,113001,74275,47723,67463,36751,10069,12712,10000,20000,16751,29000,No
220000,Female,1,2,32,0,0,0,0,0,0,33710,33702,31682,33407,35128,37826,8959,1300,2000,2000,3000,20000,No
50000,Male,3,2,54,-2,-2,-2,-2,-2,-2,0,0,0,0,0,0,0,0,0,0,0,0,No
140000,Female,2,2,50,0,0,0,0,0,2,95310,97902,100214,102496,108405,106649,4000,3800,3800,7600,0,4000,No
270000,Male,1,2,48,2,0,0,0,0,0,56376,56911,56758,26872,23660,12053,2680,1420,15,42,2476,0,No
50000,Male,2,2,26,0,0,0,0,0,0,51212,50165,19814,20210,20125,19010,2000,1296,692,709,698,1000,No
100000,Female,2,2,25,1,2,3,4,4,3,53111,55650,59730,61693,59186,57949,4000,5600,3500,0,0,0,Yes
360000,Male,2,2,28,-1,-1,-1,-1,-1,-1,9780,6672,11201,9718,8781,11846,6712,11244,9747,8806,11872,19035,No
50000,Male,2,2,27,0,0,0,0,0,0,50902,50716,49179,19747,19726,20140,2128,2300,1004,730,700,800,No
360000,Female,2,2,46,1,2,0,0,0,0,361863,343268,285707,271529,276759,279953,0,11426,9781,10370,13899,9952,No
20000,Female,2,1,50,1,-1,-1,-1,-1,0,-5,4995,2197,3047,4262,7163,5000,2200,6050,5000,3000,2000,No
100000,Male,3,2,42,0,0,0,0,0,0,70542,72400,74192,75660,77444,79154,3000,3000,2703,2998,3000,6100,No
80000,Male,1,2,27,0,0,0,0,-1,0,76817,74554,43727,16307,1755,470,3000,1400,326,1755,0,39080,No
140000,Male,3,1,39,0,0,0,0,0,0,136918,128636,127237,94159,95794,89345,5000,5900,4000,3000,5000,3000,No
390000,Female,1,1,28,0,0,0,0,0,0,64440,67503,68566,65411,66597,57361,5000,5007,5000,5000,5000,2000,No
350000,Male,1,1,39,-1,-1,2,0,-1,0,325,2770,2247,1930,80392,78638,2770,0,8,80408,3142,2720,No
170000,Male,2,1,48,-1,-1,-1,0,0,-2,390,390,780,780,0,0,390,780,0,0,0,0,No
270000,Female,3,1,37,1,-1,0,0,0,0,265044,60052,68660,77184,85591,101945,73000,10000,10000,10000,20000,25000,No
460000,Female,3,1,42,0,0,0,-2,-1,-1,43792,35047,35415,0,1619,3795,1600,1000,0,1619,3795,954,No
200000,Female,3,2,37,-2,-2,-2,-2,-2,-2,3938,8556,4846,807,2183,210,8576,4850,1047,2183,210,0,No
450000,Female,1,2,28,-1,-1,-1,-1,-1,-1,108,-58,14276,1346,1448,4005,0,14500,1346,1448,4005,166,No
240000,Male,1,1,47,-1,-1,-2,-2,-2,-2,207,99,0,0,0,0,99,0,0,0,0,0,No
260000,Female,1,2,29,-2,-2,-2,-2,-1,-1,1476,1476,1476,1476,20976,1476,1476,1476,1476,20976,1476,1476,No
110000,Female,2,1,34,0,0,0,0,0,0,24147,25750,27012,27762,32126,37779,2000,2000,1500,5000,6400,0,No
50000,Male,2,1,51,0,0,0,0,0,0,38434,39492,39394,33490,27316,0,1681,1583,1347,1183,0,0,No
250000,Female,3,3,49,1,2,2,0,0,0,260260,262132,240448,186817,185488,184091,13000,0,6672,7000,7000,9000,No
380000,Male,1,1,41,-1,-1,-1,-2,-2,-2,3907,13253,-4,-4,-4,-4,13345,0,0,0,0,0,Yes
110000,Female,2,1,28,0,0,0,0,0,0,41799,43152,44625,45579,46843,48062,2027,2500,2000,2000,2000,1600,No
200000,Female,1,1,44,0,-1,-1,-2,-2,-1,26814,367,0,0,561,3854,368,0,0,561,3878,3,No
500000,Female,1,2,41,-1,-1,2,0,0,-1,10386,34000,28854,92952,50089,2165,28854,0,70000,32000,2165,41242,No
260000,Female,2,1,35,0,0,0,0,2,0,70098,70972,77604,82681,81244,83268,2598,7835,6386,0,3795,4000,No
270000,Female,2,1,38,0,0,0,0,0,0,60654,59464,54715,51796,53256,59733,3000,3019,5000,5000,10000,10000,No
150000,Male,2,2,29,0,0,0,0,0,0,15453,18925,23590,27810,38000,0,4000,5003,5000,10190,0,0,No
30000,Female,3,3,42,3,3,2,2,2,2,27669,26955,27425,28179,28545,27942,0,1200,1500,1100,0,1000,No
290000,Female,1,2,46,0,-1,-1,-1,-1,0,289002,1332,21429,2228,156721,157203,1343,21542,2239,156733,7219,17512,No
200000,Male,2,2,30,-1,-1,-1,-1,-1,-1,326,326,326,326,326,802,326,326,326,326,802,0,No
210000,Female,1,2,35,-2,-2,-2,-2,-2,-2,552,-18,-18,-18,-18,-18,0,0,0,0,0,0,No
100000,Female,2,1,49,1,-2,-2,-2,-2,-2,0,0,0,0,0,0,0,0,0,0,0,0,No
50000,Female,2,1,45,0,0,0,0,0,0,45390,46210,46549,20084,20264,19064,2321,1660,3000,1004,1003,627,No
210000,Female,3,2,56,0,-1,-1,-1,-1,0,27316,15316,15316,15623,11090,15316,15316,15316,15623,11090,10000,76826,No
240000,Male,2,1,44,-2,-2,-2,-1,0,0,-9095,-30000,-10608,2657,4245,3392,10000,13000,13265,3392,1000,0,No
140000,Female,2,2,25,0,0,0,0,2,0,33740,34154,21945,23581,23066,23531,1363,1952,2000,0,1000,1018,No
50000,Male,2,1,49,0,0,0,0,0,0,35623,12601,10527,10679,10734,11550,1168,1500,1000,1000,1000,1000,No
360000,Female,1,1,27,1,-2,-2,-2,-2,-2,0,0,0,0,0,0,0,0,0,0,0,3220,Yes
180000,Male,2,1,47,0,0,0,0,0,0,84973,89989,94895,98738,127382,155470,6000,6000,5000,30000,30000,20000,No
100000,Male,2,2,36,8,7,6,5,4,3,110072,108478,105931,104554,102360,100413,0,0,1170,0,0,0,No
90000,Female,1,1,37,-2,-2,-2,-2,-2,-1,1243,0,2366,-1438,-1438,66129,0,2366,1068,0,67567,2500,No
90000,Male,2,1,52,2,2,2,2,2,2,90603,92152,86671,91280,85868,91047,3900,0,6800,0,6500,0,No
30000,Male,3,2,25,-2,-2,-2,-2,-2,-2,780,0,390,749,390,0,0,390,749,390,0,805,Yes
300000,Male,2,2,29,0,0,0,0,0,0,49833,49831,51818,50244,49484,53472,5000,5000,5000,5000,5000,5000,No
20000,Male,3,1,36,0,0,0,0,0,0,18839,19919,20042,20204,19662,14218,1690,1203,755,701,600,115,No
30000,Female,1,2,25,0,0,0,0,0,0,8341,10039,11560,16611,18179,19712,2000,2000,5611,2000,2000,1500,Yes
50000,Female,1,2,27,0,0,0,0,0,0,12814,15588,17321,19026,20714,22210,3000,2000,2000,2000,2000,840,No
50000,Male,3,1,45,-1,-1,-2,-2,-2,-2,1189,0,0,0,0,0,300,0,0,0,0,0,No
30000,Female,1,2,22,0,0,0,2,3,2,8679,9570,11238,9453,9022,8237,1190,1858,800,0,0,500,Yes
60000,Female,1,2,28,1,2,0,0,0,0,47262,46226,47557,48464,49532,50552,0,2100,2000,2000,2000,3000,No
200000,Female,1,2,25,1,-2,-2,-2,-2,-1,0,0,0,0,0,476,0,0,0,0,476,288,Yes
450000,Female,2,1,39,-1,0,0,-2,-2,-2,810,1810,0,0,0,0,1000,0,0,0,0,1040,No
140000,Female,2,1,32,0,0,0,0,0,0,129653,116582,112170,102931,100179,102417,5820,4920,3600,3700,3900,3602,No
120000,Female,2,1,47,0,0,0,0,0,0,112448,115646,115767,38070,39306,39200,6500,4300,1175,1658,784,0,No
270000,Female,2,2,45,0,0,0,-1,-1,-1,7088,8139,8966,8294,3902,468,1173,1000,8294,3902,468,291,No
130000,Male,1,2,46,0,0,0,0,0,0,110766,114977,120976,40177,41529,43734,6000,9000,2000,2000,3000,4000,Yes
50000,Male,2,1,27,0,0,0,0,0,0,9837,3898,21682,20833,20289,19380,1010,21282,694,1000,700,400,No
220000,Female,2,1,52,-1,-1,-2,-2,-2,-2,20208,5183,3627,2963,2256,-119,5209,3649,2977,2267,0,0,No
20000,Male,2,2,36,2,0,0,-1,-1,-1,19597,35869,9066,309,3019,16496,1503,2036,309,3100,16890,500,No
110000,Male,3,1,54,0,0,0,0,0,0,105449,107957,82407,70562,70982,71609,4500,3786,2666,2900,3100,2856,No
70000,Female,1,2,36,0,0,0,0,0,0,75021,71101,73831,46898,48686,47171,2893,4231,8000,2500,1675,2000,No
380000,Female,3,1,38,0,0,0,0,0,0,380781,389354,373512,304594,305275,303402,16750,14100,11000,11000,11100,13500,No
160000,Male,4,2,26,-2,-1,-1,0,0,0,2810,16175,8632,25234,21234,567,16261,8641,20012,62,1,0,No
70000,Male,3,0,35,2,2,2,2,2,2,47702,48839,49636,50517,51658,52758,2200,1900,2000,2100,2100,2000,No
90000,Female,2,2,29,-1,-1,-1,-1,-1,-1,18858,11056,3909,3506,4128,4254,11056,3916,3506,4128,4254,3438,No
130000,Male,3,3,52,0,0,0,0,0,0,106140,69025,58860,45207,41556,42455,3003,2000,2000,2000,1590,2000,Yes
240000,Female,1,2,26,1,-1,-1,-2,-1,-1,-11,3919,-23,-23,7859,-2,3930,0,0,7882,0,805,No
120000,Male,3,1,32,2,2,2,2,2,2,67502,68842,69825,70891,72213,73786,3000,2700,2800,2600,2900,0,No
240000,Female,1,1,44,0,0,0,0,0,0,188307,179988,184976,188934,196884,199267,6600,8000,7000,11000,7181,7236,No
300000,Male,1,2,45,0,0,0,0,0,0,62296,64460,56439,53637,55981,58270,3000,3000,3000,3000,3000,3000,No
100000,Female,2,1,40,0,0,0,0,0,0,26702,26616,26704,27640,30035,33697,2008,2000,2000,3000,5000,3000,No
200000,Female,1,2,25,-2,-2,-1,0,-1,-1,6096,2886,8264,7776,2814,2610,2886,9288,0,2814,2610,2828,No
50000,Male,2,1,39,0,0,0,0,0,0,39323,45625,38157,15966,15733,17703,7031,2013,3005,2007,5007,1003,No
100000,Female,1,1,40,1,-2,-2,-1,2,2,-166,-482,-1114,880,414,1098,0,0,1994,0,1000,0,No
500000,Male,1,2,39,-1,-1,-1,-1,0,-1,83528,-24702,23804,92715,6655,3966,472,113935,108041,33,3984,2122,No
280000,Female,1,2,39,-1,-1,-1,-1,-1,-1,1726,325,2001,1364,1313,1242,350,2001,1400,1320,1300,1500,No
160000,Female,1,2,23,0,0,0,0,0,-2,151246,155926,113767,50531,-10,-5,10517,20258,20157,0,0,3570,No
30000,Male,2,2,21,0,0,0,0,0,0,26587,25917,17072,15994,12017,5614,1385,1270,367,336,112,0,No
50000,Male,1,3,45,0,0,0,0,0,0,20408,16422,14388,18804,23460,27870,6000,5000,5000,5000,5000,5000,No
20000,Male,1,2,24,-1,-1,-1,-1,-1,-1,3808,4470,8176,7909,2948,1220,4515,8186,7913,3049,1624,3800,No
140000,Male,1,2,32,0,0,0,2,0,0,50890,59395,73225,56999,61050,67086,9395,15000,0,5000,7086,6505,No
130000,Male,3,2,27,0,0,0,0,0,0,89956,61868,63766,65839,67908,63530,2317,3000,3000,3000,5000,2305,No
100000,Female,2,2,23,0,0,0,0,0,0,13530,14564,15561,18306,20594,26368,1258,1255,3000,3000,7000,1225,No
50000,Male,2,2,26,2,2,2,2,2,2,32976,34154,33311,35246,34548,36910,2000,0,2800,0,3100,0,Yes
360000,Male,1,2,31,1,-2,-1,-1,-2,-1,0,0,1650,0,0,1650,0,1650,0,0,1650,0,No
10000,Male,3,3,42,1,2,0,0,0,2,5674,5440,7968,8829,9685,9384,0,2800,1000,1000,0,1000,Yes
50000,Male,3,1,65,0,0,0,0,0,0,48341,47465,47942,48418,49530,28085,2068,1545,1171,1658,1321,0,No
10000,Male,2,2,24,2,0,0,0,0,0,223,3035,4810,7546,9260,10000,3000,2000,3000,2000,1000,0,No
210000,Male,1,1,38,1,-2,-1,0,-1,-1,-9,-9,1739,1739,475,475,0,1748,0,800,475,975,Yes
320000,Male,2,1,31,-1,-1,-1,-1,-1,-1,6927,10063,1876,396,11256,546,10063,1876,396,11256,546,396,No
70000,Female,2,2,23,0,0,0,0,0,0,39935,40973,41989,42823,43718,45203,1683,1699,1533,1585,2210,1875,No
160000,Female,2,2,24,0,0,0,0,0,0,52373,51839,39847,39114,39935,41269,1676,1940,1400,1451,2000,1533,Yes
180000,Male,2,1,36,0,0,0,0,-1,-1,4524,6435,6894,8292,21866,0,2000,1200,2000,21866,0,0,Yes
70000,Female,2,1,27,1,2,0,0,0,0,71570,68138,67682,50256,43353,44219,0,2705,2115,1583,1597,1500,Yes
40000,Male,1,2,29,1,-2,-2,-2,-2,-2,0,0,0,0,0,0,0,0,0,0,0,0,No
50000,Female,3,2,51,2,2,2,2,0,0,33384,34554,35690,34817,36252,37645,2000,2000,0,2000,2000,2000,No
80000,Female,5,1,25,0,0,0,0,0,0,75296,74792,75825,77454,78862,73442,4000,3400,4000,3349,2784,3000,No
30000,Male,3,2,42,5,4,3,2,0,0,32755,31973,30937,29999,29214,29846,0,0,6,1054,1111,0,Yes
20000,Female,2,1,24,-1,-1,-2,-2,-2,-2,750,0,0,0,0,0,165,0,0,528,0,0,No
130000,Female,2,2,42,2,2,2,2,2,2,119378,121993,123503,124578,127434,130285,6000,5000,4600,5000,5100,4500,No
10000,Male,2,2,25,-1,-1,-1,-1,-1,-1,1261,1261,390,390,390,0,1261,390,390,390,0,780,No
70000,Female,1,2,25,0,0,0,0,0,0,68839,64027,61580,29435,26341,26949,3213,1659,2000,1107,1200,1100,No
280000,Male,1,2,34,0,0,0,0,0,0,212093,220586,214180,226277,216716,232367,18685,15038,23084,11001,20000,10000,No
300000,Male,1,1,34,0,0,0,0,0,0,66176,68108,70306,99217,142188,145013,3000,3500,30049,50000,5200,5000,No
50000,Female,2,1,40,0,0,0,0,0,0,47374,47517,42672,23665,20085,20263,2200,2500,5946,3000,7000,600,Yes
80000,Female,2,1,39,0,0,0,0,0,2,63368,67331,75973,70283,73491,66976,5000,10000,2550,5100,0,2700,No
470000,Female,2,2,40,0,0,0,0,0,0,277185,282983,290274,294508,300646,306652,10257,11982,10536,10879,10971,11326,No
210000,Male,2,2,39,0,0,0,0,0,0,33459,35911,40288,42605,43870,13750,3000,5000,3000,2000,1000,12000,No
200000,Female,1,2,32,-1,-1,-1,-1,-2,-1,146,-3,670,0,0,868,0,673,0,0,868,4,No
50000,Male,2,1,46,0,0,0,0,0,0,49566,49483,48495,28641,28846,29024,1968,1644,1013,1044,1045,1034,No
300000,Female,2,1,37,2,0,0,0,2,0,51893,53056,54176,60363,59973,60399,2000,2000,7100,0,2000,994,No
500000,Female,1,1,33,-1,-1,-1,-1,-1,-1,1110,1110,1416,1416,1416,1416,1110,1416,1416,1416,1416,5723,No
150000,Female,2,1,36,-2,-2,-2,-2,-2,-2,48020,50048,88831,1931,26265,0,8000,40146,1941,26396,0,0,No
50000,Male,2,2,25,0,0,0,-1,-1,-2,11391,8081,16297,1000,0,0,1286,10048,1003,0,0,0,No
270000,Male,1,1,37,0,0,0,0,0,0,156346,159223,165480,76144,77944,76577,7000,9000,5000,3000,3000,3000,Yes
60000,Female,2,2,27,1,2,2,2,0,0,49099,49817,50406,47771,48803,52190,1800,1710,0,1800,4200,0,Yes
200000,Female,3,2,31,0,0,2,2,2,2,167358,175635,174261,179026,181658,185523,11000,3000,7001,5000,6200,10007,No
50000,Female,2,2,23,0,0,0,0,0,0,32822,20669,4510,2893,2000,2800,1150,1000,300,400,800,0,No
140000,Female,1,2,31,-2,-2,-2,-2,-2,-1,15953,24916,12174,3961,3070,2306,25148,12174,3961,3070,2306,450,Yes
210000,Female,1,2,30,-1,0,-1,-1,-1,0,23375,21829,11057,26520,27894,18772,20000,12000,27000,30000,10000,21000,No
70000,Female,3,2,27,0,0,0,0,0,2,57879,54856,55972,56543,60179,59058,2600,2618,2100,4550,0,2340,No
230000,Male,2,2,37,1,-2,-2,-2,-2,-2,0,0,0,0,0,0,0,0,0,0,0,0,Yes
270000,Female,2,1,33,-1,-1,-1,-1,-1,-1,2323,5430,1152,56891,4866,9334,5434,1152,56891,4866,9533,1993,No
20000,Male,1,2,56,1,-2,-1,0,0,2,0,0,17901,18217,20269,11180,0,17901,519,2210,0,0,No
120000,Female,1,2,30,-1,-1,-1,-1,-1,-1,326,326,326,326,326,326,326,326,326,326,326,326,No
140000,Female,1,2,24,0,0,0,-1,-1,-1,4679,3146,0,2000,4716,7485,1000,0,2000,4716,7485,10254,No
180000,Female,2,2,33,0,0,0,0,0,0,153833,153648,145440,140057,132260,110427,7107,5002,4470,4620,4346,3800,No
190000,Male,1,1,36,-1,-1,-1,-1,-1,-1,1779,1288,1655,1213,344,221,1288,1655,1213,344,221,28160,No
100000,Female,2,2,29,2,2,2,2,2,2,80234,80369,83130,83961,85574,84039,2000,5001,3100,3100,0,6410,No
50000,Female,1,2,26,1,2,0,0,0,0,42207,42226,38859,39475,40187,40992,2200,1962,1562,1500,1474,2300,No
250000,Female,2,1,38,0,0,0,0,0,0,255571,250002,253610,234205,238892,252563,10605,9327,8362,9000,18244,0,No
220000,Female,1,1,24,2,3,2,2,2,0,184761,178939,183158,183890,179764,181627,0,10000,6300,0,6118,6097,Yes
250000,Female,2,1,44,0,0,0,0,0,0,47463,41059,35722,29492,23522,16815,3000,4000,3000,3000,2000,2000,No
280000,Female,1,2,32,0,0,0,0,0,0,202506,197855,239059,282518,248238,210267,10547,80004,68410,7767,6308,5437,No
30000,Male,3,1,64,2,2,2,0,0,0,13594,14078,14547,15304,16056,20196,1000,1000,1000,1000,4600,0,Yes
80000,Female,2,2,29,0,0,0,0,0,0,89061,31367,34848,69990,36711,38103,4000,4000,2000,4000,2000,2000,No
380000,Female,2,2,31,0,0,0,0,0,0,381530,385605,257188,145505,142529,229320,32640,18077,12005,10028,28888,25000,No
350000,Female,2,1,32,-2,-2,-1,0,0,0,19637,239770,8111,198877,191248,183157,242247,8111,198748,7000,6509,7022,No
160000,Male,1,2,48,-1,2,2,-2,-2,-2,23037,22260,0,0,0,0,0,0,0,0,0,0,Yes
150000,Male,1,1,33,1,-2,-2,-2,-2,-2,0,0,0,0,0,0,0,0,0,0,0,0,No
160000,Female,1,1,39,0,0,2,0,0,0,43583,50028,48928,49812,50855,52354,7500,0,2000,2000,2500,2100,No
50000,Male,3,2,27,0,0,0,0,0,0,50577,46529,46791,47922,49482,0,2138,1400,3000,5000,0,0,Yes
220000,Female,1,1,38,0,0,0,0,0,0,4438,7211,9948,10528,12412,13745,3000,3000,1000,2000,1500,0,No
200000,Female,1,1,26,-1,-1,-1,-1,-1,0,6666,6666,6666,6666,11862,12501,6666,6666,6666,11862,7501,1000,No
330000,Male,1,2,32,-2,-2,-2,-1,-1,-1,28106,1323,-363,137,4094,607,2701,363,513,4107,607,0,No
100000,Male,1,1,60,0,0,0,0,0,0,101761,101801,101863,101729,98103,99521,3856,3919,3986,3865,3760,3863,Yes
70000,Female,2,1,58,0,0,0,0,0,0,138681,70341,23755,23835,25221,25780,3500,1508,588,1500,700,470,No
240000,Female,1,1,41,0,0,0,0,0,0,126395,129371,132218,136003,139798,142574,5000,5000,6000,6000,5098,5281,No
30000,Male,2,2,23,0,0,0,0,0,0,27275,26948,28183,25484,27062,28703,2000,2000,1400,2000,2100,2500,No
30000,Female,2,1,43,2,2,2,2,2,2,15246,17838,17272,18131,17711,19007,3141,0,1434,0,1581,1705,Yes
160000,Male,2,2,29,0,0,0,0,0,0,163982,161499,154469,121367,119910,117993,6150,5540,4205,4300,4500,4300,No
120000,Female,2,1,40,0,0,0,0,0,0,22462,15692,19312,13262,16923,16903,5000,10000,5000,7000,5000,10000,No
10000,Female,2,1,55,3,2,2,2,2,2,5358,6339,6111,7031,6780,7676,1200,0,1000,0,1000,0,Yes
200000,Female,2,2,26,-1,-1,2,-1,0,-1,3374,4053,2337,1904,548,1403,4053,0,1904,0,1403,0,Yes
50000,Male,4,2,22,0,0,0,0,0,0,6514,7513,9981,10442,10496,10933,1500,3000,1000,600,1000,404,No
90000,Female,1,2,29,1,-1,-1,-2,-2,-2,0,194,0,0,0,0,194,0,0,0,0,217,No
40000,Female,2,2,23,-1,2,-1,-1,0,0,652,326,326,26370,24572,24918,0,326,26370,886,1075,830,Yes
200000,Male,3,1,50,1,2,2,2,2,2,177088,172365,175766,171377,163943,162195,0,6998,4558,5921,4526,5014,Yes
120000,Male,2,1,43,0,0,0,0,0,0,33131,33121,32222,32877,30587,25938,2000,1500,1000,1000,2000,1000,No
210000,Male,1,1,43,-1,-1,-1,-1,-2,-1,880,724,844,-36,-916,1030,724,1000,0,0,3000,670,Yes
30000,Female,2,2,22,-1,3,2,0,0,2,31176,30408,29205,29090,30121,28013,0,0,1013,2400,0,1200,No
110000,Male,2,1,54,2,2,2,2,2,2,56839,58039,58792,59620,60819,62069,2700,2300,2400,2300,2400,0,Yes
280000,Male,2,1,35,0,0,0,0,0,0,278948,278433,277620,275495,270350,260554,10609,10470,10002,9948,9475,9239,No
150000,Female,1,1,31,1,-2,-2,-2,-2,-2,0,0,0,0,0,0,0,0,0,0,0,0,No
20000,Male,3,2,49,0,0,0,0,0,0,15237,16030,17948,18647,19193,19721,1600,2500,1000,846,1000,593,No
80000,Male,2,2,25,0,0,0,0,0,0,29820,24513,19664,19258,20842,16386,2306,2000,1000,2000,1500,29651,No
50000,Male,2,1,43,2,0,0,0,0,0,30106,30566,30699,30038,29224,29346,1878,1641,1000,934,1109,960,Yes
170000,Male,1,2,36,0,0,0,0,0,0,92480,94089,97286,97196,97227,101272,4000,5000,3000,4000,8000,4000,No
200000,Male,1,1,45,1,-1,-1,-2,-2,-2,0,479,0,0,0,0,479,0,0,0,0,0,Yes
300000,Male,1,2,38,-1,-1,-1,-1,-1,-1,390,390,390,374,284,1064,390,390,374,300,1170,1170,No
100000,Male,2,1,46,2,2,2,0,0,0,17497,18219,17629,18036,18446,18840,1300,0,700,700,700,800,Yes
80000,Male,1,2,28,1,2,-1,0,-1,-1,5431,1961,1646,3266,380,1951,0,1700,2000,380,1951,1900,No
30000,Male,1,1,32,0,0,2,0,0,0,28401,31065,30031,29838,29651,1567,3434,0,597,593,31,0,Yes
80000,Female,1,1,35,0,0,0,0,0,0,27560,22441,19960,6199,5623,6880,1701,2000,2000,1000,2000,3000,No
60000,Male,1,2,30,-1,-1,-1,-1,-1,-1,264,264,264,264,264,264,264,264,264,264,264,0,Yes
110000,Female,2,2,24,0,0,0,0,0,0,94597,96263,61195,28154,24773,21620,4260,2310,1010,980,900,750,No
10000,Female,2,1,46,1,2,-1,-1,-1,-1,9841,9628,4060,4530,2140,1875,121,4060,4530,2140,1875,0,Yes
290000,Female,3,2,32,0,0,0,0,0,0,21981,24610,27009,26671,24826,22287,3000,3000,3000,3000,3000,3000,No
30000,Male,1,2,26,0,0,-1,-1,-1,-1,27172,27000,780,0,30525,0,1000,780,0,30525,0,0,No
60000,Male,2,2,45,0,0,0,0,0,0,59475,60423,59674,29411,27730,26638,2500,1509,1000,1000,2000,1500,No
150000,Male,3,1,49,0,-1,-1,-1,-1,-1,4029,4048,2842,3910,4697,1719,4054,2866,4082,4697,1735,0,No
750000,Female,3,1,40,-2,-2,-1,-1,-1,-1,16372,15344,3329,38488,9777,66692,15420,3691,38679,9825,67024,76641,No
30000,Male,2,1,29,0,0,0,0,0,0,10721,25066,13817,14983,15525,0,2000,1500,1400,1000,0,0,No
160000,Female,2,2,51,-1,-1,-1,-1,-1,-1,6136,5932,4353,3746,5487,2702,5932,4353,3835,6934,3370,2276,No
50000,Female,2,1,31,0,0,0,0,0,-1,50628,48748,46368,2443,6251,357,2350,3000,1000,6000,400,9844,Yes
50000,Female,1,2,42,-1,-1,-1,-1,-1,2,1310,37073,7700,42038,42610,42096,37073,7700,42038,42096,587,9162,No
150000,Female,1,2,23,0,0,0,0,0,0,151669,152794,147323,112904,77642,78542,5900,5598,4440,2800,3000,3000,No
30000,Female,2,1,42,0,0,0,0,0,2,27276,30470,27699,28257,30695,30059,3671,1500,1018,2900,0,869,No
350000,Male,1,1,35,0,0,2,-1,2,2,19734,5338,3042,2418,2233,7176,3000,0,2500,0,5000,0,No
20000,Female,1,2,24,0,0,0,0,0,0,18821,18714,18942,20179,20204,20239,2000,1300,1500,2500,1000,1000,No
50000,Male,2,2,39,0,0,0,0,0,0,47206,8464,9799,10054,9736,9955,1500,1500,400,344,371,314,No
30000,Male,3,2,23,2,0,0,0,0,0,29144,30419,30097,25887,25707,0,2033,1420,0,92,0,0,Yes
100000,Male,2,1,52,0,0,0,0,0,0,55120,56636,58215,16809,24482,21849,2403,2875,1010,10844,1074,580,No
20000,Male,2,2,24,1,2,2,2,2,2,11893,12906,12902,12398,13297,12934,1500,500,0,1100,0,1500,No
80000,Male,1,2,29,0,0,0,0,0,0,73722,75323,64277,45455,42231,42804,3300,2500,1556,1600,1600,1600,No
150000,Male,2,1,43,0,0,0,0,0,0,89488,89951,86961,79284,74531,78359,5016,5050,3026,5000,5012,4057,No
230000,Female,1,2,30,-1,-1,-1,-1,-1,-1,754,-441,4410,0,711,5650,0,4851,0,711,5650,0,No
50000,Male,1,1,25,0,0,2,0,0,0,5472,5891,6595,8400,4041,4815,1500,1000,2000,1000,1000,2000,No
210000,Female,1,2,39,-1,-1,-1,0,-1,-1,3962,1772,3608,1918,1429,2381,1777,3613,5,1433,2387,2857,No
50000,Male,2,3,41,0,0,0,0,0,0,52260,40893,81308,41463,40045,40845,1679,1640,1449,1454,1466,1526,No
240000,Female,2,1,37,0,-1,-1,0,-1,-1,1854,1346,3195,1932,7363,1546,1346,3195,0,7383,1546,4390,No
500000,Female,3,2,40,0,0,0,0,0,0,264961,237006,139311,128095,181304,219929,20078,30141,30000,60000,50000,30000,No
160000,Female,2,1,40,-2,-2,-2,-2,-2,-2,0,0,0,0,0,0,0,0,0,0,0,200,No
250000,Female,1,2,48,1,-2,-2,-2,-2,-2,0,0,0,0,0,0,0,0,0,0,0,0,Yes
500000,Female,1,2,46,0,0,0,0,-1,-1,20614,18050,15341,15985,1147,5492,5001,3007,8000,1147,5492,3000,No
100000,Male,2,1,35,1,2,2,2,2,2,59121,57604,62635,64994,63827,67839,0,6000,4000,0,5100,2200,Yes
20000,Female,2,2,26,0,0,0,0,0,0,16385,17518,19302,18818,19052,9097,1700,2484,1000,475,363,4000,No
50000,Female,1,2,27,0,-1,-1,-1,-1,-1,13301,1400,780,390,42958,44849,1400,780,390,42958,3500,0,No
160000,Male,2,2,27,0,0,2,2,0,0,109405,118110,119697,116284,119248,122228,12000,5000,0,5000,4958,36000,No
50000,Male,3,2,28,1,-1,-1,0,-1,-1,-9802,99,103,249,386,11504,10000,103,245,386,11504,2000,No
90000,Female,3,1,25,-1,-1,-1,-1,0,-1,3363,174,1473,390,390,780,174,1473,780,0,780,0,Yes
20000,Male,2,2,28,0,0,0,0,0,0,11449,12811,11779,12379,12879,14879,1582,1400,1000,500,2000,500,No
50000,Male,1,1,44,0,0,0,0,-2,-2,35145,36275,37150,0,0,0,2000,1871,0,0,0,0,No
230000,Female,3,2,39,1,2,0,0,0,-2,11391,10923,13554,12134,0,0,0,3200,0,0,0,0,No
150000,Male,2,2,31,3,2,2,0,0,2,76113,77728,75888,77017,77706,79274,3400,0,2960,3100,3000,2711,No
50000,Male,1,2,45,0,0,0,0,0,0,48719,49966,32538,20270,19992,20054,2212,2503,693,1000,1000,1000,No
280000,Female,1,2,36,-1,-1,-1,-1,-2,-2,27290,0,720,0,0,0,0,720,0,0,0,0,No
500000,Female,1,1,37,0,0,0,0,0,0,315816,267100,277636,287998,298343,308378,10000,15000,15000,15000,15000,15200,No
90000,Female,2,1,47,-1,-1,-1,-1,-1,-1,1887,43542,12148,880,10880,880,43542,12148,880,10880,880,1080,No
360000,Male,1,2,29,-1,0,0,0,-1,-1,64606,44466,40165,20733,12525,7482,5135,20856,103,12587,7518,6412,No
140000,Male,2,2,50,0,0,0,0,0,-2,98668,88727,27203,27209,-20006,-30177,4410,1804,14000,10968,0,82000,No
140000,Male,1,2,44,-1,-1,-1,-1,-1,-1,5287,5717,7146,5930,5280,5930,5717,7146,5930,5280,5930,0,No
230000,Female,1,2,44,1,-2,-2,-2,-2,-2,0,0,0,0,0,0,0,0,0,0,0,0,Yes
50000,Female,2,2,25,0,0,2,0,0,0,39033,37002,21933,16137,16030,15373,6455,0,1500,3000,5000,5000,No
130000,Female,2,1,50,-1,-1,-1,-1,-1,-1,1504,1027,2172,836,836,0,1027,2172,836,836,0,2508,No
330000,Female,1,2,44,0,0,2,0,0,0,243621,259517,253863,257535,262753,268145,21400,0,9400,9542,9766,9786,Yes
210000,Male,1,2,30,-1,-1,-1,-1,0,0,4830,0,1000,15385,20302,25112,0,1000,15385,5302,5112,4213,No
10000,Female,1,1,27,2,0,0,0,0,2,4920,5937,6945,7088,8108,8264,1256,1264,407,1291,435,0,No
50000,Female,2,1,54,0,0,0,0,0,0,49320,49724,50218,18983,17435,17057,1925,2152,800,610,620,900,No
100000,Female,1,1,46,0,0,0,2,0,0,39245,41602,47885,46817,48400,51588,3000,7000,0,2500,4000,0,No
50000,Female,2,1,45,0,0,0,0,0,0,40650,42718,45047,45632,46535,47351,2850,3160,1740,1748,1650,3530,No
170000,Female,1,1,28,0,0,0,0,-1,-1,20302,14653,7234,9908,3205,60,3000,1000,5000,3205,60,0,No
100000,Female,2,1,50,2,2,2,2,2,2,44078,45077,47837,48678,48420,48888,2000,3841,1900,1900,1800,2000,Yes
80000,Male,1,1,36,0,0,0,0,0,-2,60110,51784,50071,47099,41063,6408,2186,1491,1099,1243,6408,6825,No
150000,Male,3,2,27,0,0,0,0,0,0,77298,69832,66692,67518,64210,60747,3029,4000,2258,2500,2500,1624,No
50000,Female,3,2,23,0,0,0,0,0,0,26956,27596,28192,28356,28554,28718,1462,1448,1002,1032,1024,1028,No
80000,Male,2,1,34,1,-2,-1,-1,-1,-2,0,0,862,41300,0,0,0,862,41300,0,0,10000,No
120000,Female,1,2,24,0,0,0,0,0,0,78304,79348,81881,82628,84404,86096,2900,3850,3000,3100,3088,3151,No
80000,Female,3,1,52,0,0,0,0,0,0,18100,6826,7582,8082,8082,8082,1244,1000,500,0,0,0,No
60000,Male,1,2,30,0,0,2,0,0,0,46307,51232,50109,50979,52998,54264,6000,0,2000,3000,2300,2000,No
80000,Male,2,2,42,0,0,0,0,0,0,75264,75919,78078,28868,29174,29444,3200,4613,1100,1500,1500,966,No
50000,Male,2,1,57,0,0,2,0,0,0,25551,22957,18027,13836,14966,13220,2733,759,500,6326,3259,2281,Yes
500000,Male,1,1,43,0,0,0,0,0,0,403800,404640,412082,417759,428608,421871,17000,16500,15000,19000,18032,5000,Yes
110000,Male,2,2,26,0,0,0,0,0,0,49732,46766,41796,44251,42921,37748,2300,2000,3000,3000,2000,10000,No
80000,Female,2,1,44,0,0,0,-2,-2,-2,40769,41150,0,0,0,0,2150,0,0,0,0,0,No
400000,Female,1,1,44,4,3,2,0,0,-1,278863,275153,269528,269278,269278,1976,0,0,150,0,3355,5688,Yes
360000,Female,1,1,35,-1,-1,-2,-2,-2,-2,10621,0,0,0,150,137,0,0,0,150,137,0,No
170000,Male,3,1,29,0,0,0,0,0,0,165027,168990,172307,35234,32869,33862,7200,7500,1200,1200,1500,1300,No
110000,Male,3,2,37,2,0,0,0,2,0,103356,85352,55489,49958,50524,50361,2700,1827,5400,1473,2100,1848,Yes
220000,Female,1,2,29,0,0,0,0,0,0,224852,224416,173565,176156,175745,160362,10235,8000,7000,7000,7000,7000,No
200000,Female,2,1,36,0,0,0,0,0,0,198807,200616,202228,198794,203070,161002,10700,8000,7500,8200,10000,29000,No
500000,Female,1,2,47,-2,-2,-2,-2,-2,-2,0,3270,30760,143791,-200,-200,3270,30760,143791,0,0,0,No
340000,Male,1,1,48,0,0,0,0,0,0,321046,329563,335012,197797,201935,140812,13690,12693,6100,6300,5100,5400,No
180000,Female,2,2,32,1,-2,-2,-2,-2,-2,0,0,0,0,0,0,0,0,0,0,0,0,No
60000,Female,2,2,26,0,0,0,0,0,0,56146,56929,55009,30181,41528,21069,2314,1459,914,1900,800,932,No
250000,Male,1,2,30,-2,-2,-2,-2,-2,-2,2729,2538,6244,1297,1763,1907,2543,6247,1300,1766,1912,1000,No
170000,Male,3,1,39,1,2,2,2,0,0,171062,166870,165156,161137,164501,166064,0,13000,0,6000,12400,5700,No
160000,Female,3,2,37,2,2,0,0,0,2,16626,16075,17490,20724,23952,23859,0,2000,3539,3566,446,3000,Yes
80000,Female,1,2,25,-1,-1,-2,-2,-2,-2,1672,0,0,0,0,0,0,0,0,0,0,0,No
380000,Female,1,1,36,-1,-1,-1,-1,-1,-2,8183,10554,5453,739,-8632,-11922,10617,5478,784,14,380,253,No
80000,Male,1,2,29,0,0,0,0,0,0,78038,79183,81356,63039,64371,65650,3000,3500,3500,2500,2351,2441,No
380000,Male,2,1,58,0,0,0,0,0,0,369699,331755,303016,290019,294689,301491,12172,11095,11007,11000,12006,11000,No
230000,Female,1,2,24,0,-1,-1,-1,-1,0,14979,2480,1434,1420,9225,19013,2480,1434,1420,9225,10000,15000,No
130000,Male,2,2,28,2,2,2,0,0,0,134505,135624,129959,93360,90040,89873,6200,0,3500,3238,3216,3207,Yes
160000,Female,1,1,35,-1,-1,-2,-2,-2,-2,2851,0,0,0,0,0,0,0,0,0,0,0,No
50000,Female,3,1,42,0,0,0,0,0,0,44332,25913,19057,18788,18108,15256,8802,1500,2000,1000,2000,2000,No
180000,Male,1,1,45,2,2,2,0,0,0,106462,113728,98314,94552,92422,63022,10000,0,10000,3000,5000,4000,No
220000,Female,2,2,31,0,0,0,0,0,0,75451,78094,80680,81944,83963,85930,4000,4000,3000,3000,3000,3000,No
200000,Female,3,1,41,1,-1,-1,-1,0,-1,0,340,0,148,148,198,340,0,148,0,198,7296,Yes
520000,Male,3,1,41,2,2,0,0,0,0,435924,366194,330211,251920,256512,262474,0,12620,8758,9047,9959,10500,Yes
30000,Male,2,2,46,0,0,0,0,0,2,12485,13119,13716,13598,16256,16442,1221,1208,480,3650,600,0,Yes
150000,Female,2,3,41,1,-2,-2,-1,-1,-1,0,0,0,3355,962,821,0,0,4026,962,821,380,No
210000,Female,2,1,32,-1,-1,-1,-1,-1,-1,733,737,737,407,737,407,737,737,407,737,407,1232,No
50000,Female,2,2,36,2,0,0,0,0,0,42380,40288,32631,29968,29092,29977,1901,1744,1027,1033,1345,1000,Yes
20000,Female,2,1,37,0,0,0,0,0,0,17843,18833,17830,18184,18565,19076,1280,1276,630,653,798,581,No
290000,Male,1,1,44,-1,-1,-1,-1,-1,-1,19213,33274,17495,1528,4176,189,33548,17732,1862,4188,189,7324,No
50000,Female,2,2,32,1,-1,0,0,-1,-1,30382,45888,48599,-250,12122,3685,54608,7060,112,32132,11304,52681,No
130000,Female,3,1,42,0,0,0,0,0,0,127524,127839,128380,97713,96245,95779,5051,5101,3600,3501,3800,3412,No
60000,Male,2,2,24,0,0,-1,0,0,-1,54809,-827,1188,792,0,27248,0,2188,0,0,27248,1000,No
20000,Male,1,2,25,0,0,2,2,2,2,11394,14367,13844,14614,14733,14823,3600,0,1300,500,505,37,No
160000,Female,2,2,35,0,0,0,0,0,0,124459,130916,132179,135030,135656,135448,10000,5000,4854,10000,6000,4000,No
250000,Female,3,1,39,-1,-1,-1,0,-1,-1,5086,14180,49453,10989,2975,4099,14180,49453,0,2975,4099,6470,No
80000,Male,3,1,38,0,0,0,0,0,0,19277,20060,20977,20695,18587,20767,1400,1306,1019,685,2500,0,No
60000,Female,2,1,33,0,0,0,0,0,0,54660,49907,44057,27510,28086,29119,1879,1500,1000,1019,1500,1000,No
80000,Male,2,2,30,0,0,0,0,0,0,13793,67840,61546,55294,40868,33420,63023,3010,3053,2013,2015,3019,Yes
60000,Male,2,2,25,2,2,2,0,0,0,60323,60729,56473,28603,22191,20750,2000,0,1135,1822,1500,1500,No
410000,Male,1,1,38,-1,-1,-1,-1,-1,-1,10867,2719,0,11900,478,387,2719,0,11900,478,387,0,No
240000,Female,1,2,34,0,0,0,0,0,0,14038,25558,26526,28082,29695,31223,12000,1500,1800,1860,1800,2000,No
30000,Male,3,2,46,3,2,0,0,0,0,13784,13277,13984,14350,14650,15156,0,1234,600,532,750,825,Yes
200000,Female,2,2,31,0,0,0,0,-2,-2,8350,4750,5134,245,56,167,2001,1001,501,201,501,501,No
180000,Female,2,1,46,1,2,0,0,0,0,35916,30711,27555,26574,23123,30680,1711,1300,7504,1123,13000,0,No
100000,Male,2,2,32,-1,0,0,0,0,0,88550,91724,94799,97861,104634,92537,5000,5000,5000,9000,10000,5000,No
50000,Female,5,2,42,0,0,0,0,0,0,50806,48798,29003,28911,28601,29215,1545,1454,1019,1039,1091,1015,Yes
60000,Female,3,2,45,-1,-1,-1,-1,-1,-1,1876,1876,1876,1876,1876,1876,1876,1876,1876,1876,1876,1876,Yes
50000,Female,1,2,26,0,0,2,2,2,2,5800,8189,7909,9767,9466,11300,2500,0,2000,0,2000,400,Yes
240000,Female,1,1,34,-2,-1,-1,-2,-2,-2,597,6449,626,626,626,626,6507,626,626,626,626,626,No
220000,Female,1,2,29,0,0,0,0,0,0,47944,44914,46446,37604,15540,20330,5000,5008,7000,4000,5000,150,No
80000,Female,1,2,23,0,0,0,0,-2,-2,71487,55641,24987,-600,-600,-600,2157,1500,0,0,0,0,No
320000,Male,2,2,52,-1,-1,-1,-1,-1,-1,1122,5000,396,1176,396,396,5000,792,1176,396,396,39316,No
420000,Male,2,1,43,0,0,0,0,0,0,44670,60376,30099,66049,61043,62054,30253,20016,40015,30004,3000,3224,No
500000,Male,2,1,48,-1,-1,-1,-1,-1,-1,28352,35294,74846,37985,33050,22185,35465,75212,38169,33209,22289,22289,No
290000,Female,2,2,24,0,0,0,0,0,0,145341,136849,122627,115857,101472,98069,7000,6000,5024,5000,5000,10000,No
190000,Male,1,1,45,0,0,0,0,0,0,181814,172493,166982,155621,142439,133742,7035,6000,6000,10000,5000,5000,No
100000,Male,1,2,33,2,0,0,0,0,0,101329,103532,100485,101552,100752,100652,3900,6000,3900,4100,17000,3750,Yes
230000,Female,2,2,26,1,-2,-2,-2,-2,-2,0,0,0,0,0,0,0,0,0,0,0,8618,No
50000,Male,2,1,36,1,3,2,0,0,2,19606,19017,18409,18823,20379,18720,0,0,1000,2000,0,1000,No
210000,Male,2,1,43,0,0,0,0,0,0,47025,45456,44048,15398,8657,3180,2300,1326,400,230,100,112136,No
90000,Female,2,2,24,1,-2,-2,-2,-2,-2,0,0,0,0,0,0,0,0,0,0,0,0,Yes
480000,Male,3,1,56,0,0,0,0,0,0,103497,105310,107013,106039,108188,109691,5300,5300,4000,5000,4000,5200,No
110000,Male,2,1,27,1,2,2,2,2,2,46657,48615,49519,48421,50644,51662,3000,2000,0,3000,2000,3000,No
260000,Female,2,1,60,1,-2,-1,-1,-2,-2,-20,-20,2000,0,0,0,0,2020,0,0,0,0,No
50000,Male,2,1,58,-1,-1,-1,-1,-1,-1,1956,2060,4904,2056,2515,1464,2060,4904,2056,2515,1464,1515,No
100000,Female,2,2,29,0,0,0,0,0,0,75012,77784,73535,72067,59495,56850,4000,3105,4069,3000,2500,2000,No
20000,Male,3,1,56,1,2,0,0,2,2,8766,8481,13318,15096,14717,16159,0,5000,2000,0,2000,0,Yes
680000,Female,1,1,42,0,0,0,0,0,0,189514,188883,190076,181957,182226,177731,8000,9000,7000,7000,7000,7000,No
50000,Male,2,2,25,-1,-1,2,0,0,0,1789,50005,48731,46882,500,0,48731,0,2102,0,0,0,No
170000,Female,1,2,27,0,0,0,0,0,0,118801,108980,112125,109579,107030,101130,4000,5300,3800,3880,3500,3400,No
210000,Female,2,1,37,-1,-1,-1,0,0,0,326,326,978,652,326,0,326,978,0,0,0,652,Yes
180000,Female,1,1,45,0,0,0,2,0,0,18472,20546,24956,24262,24782,26208,2690,5100,0,1058,2000,3000,No
340000,Female,2,1,37,1,-1,-1,-1,0,-1,-653,2094,1256,845,2149,696,3254,1256,845,2000,696,696,No
160000,Male,3,2,30,0,0,0,0,0,0,160388,175167,127848,96066,93974,40170,142159,3592,7317,2312,1637,1074,No
30000,Female,2,1,22,2,0,0,0,0,0,26846,27718,28067,28334,28984,14769,2000,1500,1000,800,728,1000,Yes
230000,Female,2,1,44,0,0,0,0,0,0,205938,209941,173679,92937,94552,76849,8476,6593,2966,3135,2956,2040,No
30000,Male,3,2,22,2,0,0,0,0,0,28328,29505,25362,19493,5765,0,1704,1250,390,115,0,0,No
480000,Male,2,2,33,-1,-1,0,0,0,-1,57732,55379,71063,60155,66078,64958,55614,47003,30171,40282,115224,12973,No
360000,Male,1,1,44,-1,-1,-1,-2,-1,-1,16731,4840,-16,-16,3267,3438,4864,0,0,3283,3455,0,No
500000,Male,1,1,50,1,2,2,2,2,2,74850,76463,77611,78735,80430,82068,3400,3000,3000,3100,3110,0,Yes
220000,Male,1,1,37,-1,-1,0,-1,-1,2,17039,7113,9574,1727,4201,622,7540,9571,1739,4918,0,24037,No
200000,Female,2,2,31,1,-2,-2,-1,-1,-2,0,0,0,1500,0,0,0,0,1500,0,0,0,No
200000,Male,1,2,40,0,0,0,0,0,-1,193048,193926,198233,200350,200390,19959,6410,6342,4007,4008,19959,1000,No
90000,Female,2,2,23,0,0,0,0,0,0,91653,88619,90298,91343,90887,90858,4200,4100,3307,3405,3311,6204,No
50000,Male,2,2,24,0,0,0,0,0,0,27963,28715,29381,29140,25022,29608,2001,2001,1014,1006,7004,1003,No
80000,Female,2,1,42,2,2,2,2,2,2,45691,46662,47595,48312,49392,50426,2000,2000,1800,2000,2000,1900,Yes
260000,Female,1,1,48,0,0,0,-2,-2,-2,8339,8333,0,0,0,0,5000,0,0,0,0,0,No
80000,Female,3,1,25,0,0,0,0,0,0,61943,61458,57045,50652,48476,49815,2215,1900,1800,1920,2300,1485,No
20000,Male,1,2,23,1,-2,-2,-2,-2,-2,-348,-738,-738,-1518,-1518,-1518,0,0,0,0,0,0,Yes
50000,Male,2,2,53,1,-1,-1,-1,0,-1,0,3333,0,8796,6346,3600,3333,0,8796,1000,4000,0,No
90000,Female,1,2,29,0,0,0,0,0,0,92464,91709,92412,91297,91790,91377,3600,4331,3218,3613,3300,3519,No
290000,Male,2,1,30,0,0,0,0,0,0,351890,254163,250180,236027,221443,198031,11000,8607,8000,8525,8476,10000,No
20000,Female,3,1,30,-2,-2,-2,-2,-2,-1,18920,20030,21408,21974,22391,27189,1700,2000,1200,1000,12000,1000,No
230000,Female,1,2,36,1,-2,-2,-2,-2,-2,0,0,0,0,0,0,0,0,0,0,0,0,No
360000,Female,2,2,34,1,-2,-2,-1,0,0,0,1680,0,5950,6352,6563,1680,0,5950,500,317,1150,No
50000,Male,2,2,40,0,0,0,0,0,0,48331,49163,49754,19169,19480,19569,2300,2200,1000,1000,800,700,Yes
80000,Male,2,2,36,-2,-2,-2,-2,-2,-2,59223,26241,10387,74864,74305,0,1141,10725,74864,1486,0,0,No
100000,Female,2,2,56,0,0,2,0,0,0,97549,102864,98969,70352,68186,68538,9300,0,2500,2700,2700,2600,Yes
390000,Female,1,2,28,0,0,0,0,0,0,286888,291645,277888,175268,167781,147878,11000,11000,5600,5700,5600,3400,No
120000,Male,2,1,52,2,0,0,0,0,0,107269,106791,105262,46605,45590,46204,4449,2731,3000,5000,3000,3000,No
20000,Female,2,2,35,1,3,2,0,0,0,20971,20360,19583,19575,16624,0,0,0,392,332,0,0,No
150000,Female,2,2,24,2,2,2,-1,-1,-1,63486,66741,744,5714,809,2315,4330,3,5762,813,2318,1616,Yes
20000,Male,2,1,38,0,-1,2,0,0,-2,16828,20192,19414,19606,0,0,20192,0,392,0,0,0,Yes
20000,Male,1,1,44,0,0,0,0,0,0,17974,32768,16057,14189,13265,12214,2000,1506,1000,800,1000,1000,No
250000,Male,1,2,44,0,0,0,0,0,0,98727,102134,106434,107673,109780,113961,5000,6000,4500,4000,6000,4500,No
230000,Female,2,2,25,0,0,0,0,-1,0,19225,16375,11864,10004,62349,52791,2000,2000,5000,65349,2000,2000,No
20000,Male,3,1,40,0,0,0,0,0,0,20167,37198,17858,16400,14711,18691,1308,2466,555,583,4275,973,No
80000,Female,2,1,41,0,0,0,0,0,0,21709,22432,23693,24089,24832,25269,1378,1639,1089,1132,1000,1100,No
310000,Female,2,2,32,0,0,0,0,0,0,51007,50644,50109,49339,49177,48754,2200,2100,1700,2000,1800,2000,No
480000,Male,1,2,49,0,0,0,0,0,0,456668,424843,325772,320760,325841,331602,14706,15377,10481,11003,11303,11329,No
20000,Female,1,2,24,0,0,-1,-1,-2,-2,16199,0,187,-18,-18,-18,0,187,0,0,0,0,No
50000,Male,3,1,22,0,0,0,0,0,0,46450,47599,48456,44546,43256,13342,2200,2016,2009,2092,1020,1018,No
190000,Male,2,1,35,6,5,4,3,2,0,254951,237094,218603,202639,199480,188113,0,0,0,0,142000,7000,Yes
50000,Male,2,2,41,0,0,0,0,0,0,45284,43951,47169,19096,19652,18889,1844,4562,667,847,700,655,No
50000,Female,2,2,29,2,2,2,0,0,0,8281,8998,9695,11521,12331,13125,1000,1000,2000,1000,1000,1000,Yes
50000,Male,2,1,38,0,0,0,0,0,0,22619,19055,20161,20553,18933,18855,2000,2000,1000,1000,1000,2000,No
300000,Female,2,1,45,-1,-1,-1,-1,0,-1,41051,70951,18911,15982,2665,57096,71277,19003,16050,2659,54394,52000,No
60000,Male,2,1,33,0,0,0,0,0,0,42246,38923,32532,27780,29280,39976,2008,3004,3003,2000,1064,2000,No
260000,Male,1,2,28,1,-1,-1,-1,-1,-1,-1197,37785,3780,3202,3754,848,40000,3780,3202,4000,848,5795,No
500000,Male,3,3,53,0,0,0,0,0,0,415022,421996,426103,125218,126650,114473,12602,11000,4711,6000,11000,10000,No
300000,Female,1,2,31,0,0,-1,-1,0,0,60700,33843,5045,10288,12565,6947,5000,5045,10288,5000,5000,10000,No
50000,Male,2,2,43,0,0,0,0,0,0,50665,50854,47862,20246,20321,20387,1940,1407,704,730,796,520,Yes
50000,Female,3,1,27,-1,0,0,0,3,2,29321,30048,31396,35045,34203,34743,1503,1851,4500,0,1250,0,Yes
130000,Female,2,1,42,0,0,0,0,0,0,24565,22446,23245,27410,12085,9535,5000,2000,5000,3000,6000,2280,No
50000,Male,2,3,37,0,0,0,0,0,0,44828,43746,43122,43803,41425,42536,2005,2056,1737,1501,1797,1680,No
50000,Female,2,2,31,0,0,0,0,0,0,40019,20394,19597,17830,18397,19064,2006,1519,1000,1000,1000,1000,No
120000,Female,1,2,27,0,0,0,0,0,0,70835,59986,60779,62958,57763,53004,3000,2500,3000,2000,2000,2500,No
50000,Female,1,2,35,0,0,0,0,0,0,51505,50581,48280,46978,46657,48233,2500,2200,2000,2000,5000,2000,No
360000,Female,2,2,43,-2,-2,-2,-2,-2,-2,0,0,0,0,0,0,0,0,0,0,0,84216,No
280000,Female,2,1,49,0,0,-2,-1,0,-1,20650,0,0,4533,5533,65607,0,0,4533,1000,65607,2000,No
270000,Female,1,1,57,-2,-2,-2,-2,-2,-2,13559,736,316,5116,15884,10606,736,316,5116,15884,10606,1420,No
200000,Male,1,1,31,0,0,0,0,0,0,160292,119080,113723,109447,75423,22919,6036,4002,4005,3002,1002,1002,No
80000,Male,3,2,25,0,0,0,0,0,0,80493,78736,71663,57571,58485,59655,3035,3021,2300,2500,2300,2500,No
60000,Female,2,2,31,0,0,0,0,0,0,58173,59626,55775,28187,28978,27119,3400,2300,1200,1200,1500,1500,No
90000,Female,1,2,28,-1,0,0,0,0,0,23940,92233,91308,53991,56032,51010,75000,5000,4300,2800,2800,3600,No
10000,Female,3,3,48,0,0,0,0,0,0,7065,8148,9199,9558,9136,9392,1200,1200,500,500,500,0,No
140000,Male,2,2,36,0,0,0,0,0,0,94586,92692,87696,80284,80086,81759,3519,3027,2905,3000,3000,3100,No
280000,Male,1,1,42,0,0,0,0,0,0,173092,160948,146106,97334,91671,81030,5853,4422,3138,2817,2927,2334,Yes
140000,Female,2,1,24,0,0,0,0,2,0,121241,67929,65536,67645,62839,53457,4000,4000,8000,0,5000,2000,No
110000,Male,3,1,52,0,0,0,0,0,0,13962,15219,15424,15479,15989,16276,1500,1545,600,750,700,2000,No
120000,Female,3,2,26,0,0,-2,-1,0,0,22492,-2018,-718,1282,81988,83665,1534,1300,2000,81899,3200,4000,No
130000,Female,2,1,39,0,0,0,0,0,0,131657,129859,128714,128962,131873,131482,5000,6208,4700,5000,5000,4800,No
290000,Male,2,1,48,0,0,0,0,0,0,224662,216134,163926,97524,35353,24481,10160,7147,5041,1581,3020,10000,No
80000,Male,2,1,33,0,0,0,0,0,0,22064,22338,23352,23301,23900,24965,1700,1700,1000,1500,2000,2000,No
50000,Female,2,2,22,2,2,2,2,2,2,15006,14475,16227,16662,16253,17982,0,2000,1000,0,2000,0,Yes
450000,Female,2,1,33,-2,-2,-2,-2,-2,-2,318,316,326,4007,0,0,316,326,4007,0,0,0,No
50000,Male,3,1,37,3,2,2,0,0,0,30411,31130,30308,28902,29215,28963,1500,0,1016,1046,1129,869,Yes
170000,Female,1,2,27,-2,-2,-2,-2,-2,-1,154189,149826,113019,60868,19458,90,5926,2672,10,0,90,4563,No
210000,Male,2,2,30,0,0,0,0,0,0,38967,48465,57928,60359,69782,83991,10000,10000,3000,10000,15000,326,No
30000,Female,2,2,23,2,0,0,0,0,0,21684,23018,24630,24813,25333,25911,2000,2000,888,920,1000,2000,No
230000,Male,1,2,33,0,0,0,0,0,0,57171,56150,57074,50670,50652,51267,2100,2300,2000,2000,2000,2000,No
20000,Female,2,2,22,0,0,0,0,0,0,17958,18499,19762,19807,19830,20347,1329,1592,637,700,827,357,No
50000,Male,3,1,54,1,2,2,0,0,2,49271,24982,25142,15498,16613,16197,1000,1000,1000,1366,0,1552,No
100000,Female,2,1,42,0,0,0,0,0,0,65917,67673,66292,67793,67182,66132,4000,3000,2500,3000,2500,2500,No
140000,Female,1,2,27,-1,-1,-2,-2,-2,-2,390,0,0,0,0,0,0,0,0,0,0,2943,No
100000,Female,1,2,30,0,0,0,0,0,0,90375,81572,71451,68530,66844,65820,3007,3200,3000,3500,2600,2500,No
150000,Female,1,1,37,1,-1,2,2,-2,-1,0,1505,1333,0,0,1930,1505,0,0,0,1930,0,Yes
60000,Female,3,2,23,1,2,0,0,0,0,28831,28024,24215,6000,7568,7568,0,1050,0,1568,0,6729,Yes
200000,Male,3,1,33,0,0,0,0,0,0,199343,200070,200852,197426,196341,197787,10021,10036,7126,6508,6011,5537,Yes
200000,Female,1,2,27,0,0,0,0,0,0,11912,19196,11938,15972,17952,5925,14443,4938,5972,7952,2925,1718,No
50000,Female,1,2,35,0,0,0,0,0,0,48585,49134,50203,10042,20085,9578,2220,2289,483,350,334,400,Yes
60000,Male,2,2,32,0,0,0,0,0,0,51934,40855,37742,29450,8850,0,2000,2000,1400,200,600,0,No
50000,Female,3,1,32,1,2,2,2,0,0,45652,44646,47619,46455,47432,48442,0,4000,0,1432,3100,0,Yes
140000,Female,2,1,55,0,0,0,0,0,2,22662,23306,21048,22332,30228,316,2500,2500,2000,12988,2168,932,No
640000,Female,1,2,41,0,0,0,0,0,0,55645,56656,60185,59218,58963,58992,3000,5000,2300,2128,2125,2222,No
210000,Male,2,1,41,2,2,2,2,2,2,87705,90376,90687,91888,93852,95734,4800,2500,3900,3400,3400,3400,Yes
60000,Female,2,1,27,0,0,0,0,0,0,43757,29772,30710,28914,29823,28916,2000,2000,1500,1500,1500,1100,No
80000,Female,2,1,32,3,2,2,2,0,0,72385,72643,73462,71681,73375,74794,2000,2600,0,2850,2800,3000,Yes
290000,Female,1,1,37,-1,-1,-1,-1,-1,-1,3486,550,1922,550,550,3810,550,1922,550,550,3810,2927,Yes
150000,Female,1,2,28,1,-2,-2,-2,-2,-2,0,0,0,0,0,0,0,0,0,0,0,0,No
200000,Female,2,2,40,0,0,0,0,0,0,99729,139201,155871,193666,216666,18871,59201,35000,54461,46666,18871,0,No
130000,Female,2,2,29,2,2,2,2,2,2,2880,4446,4833,4236,5178,4182,2000,1000,0,1000,0,1500,Yes
490000,Male,2,2,34,-2,-2,-1,0,0,0,0,0,244033,224216,212123,214715,0,244033,15011,9003,9019,8000,No
210000,Female,1,1,54,-1,-1,-1,-1,0,0,7771,7078,838,20372,36489,90261,7078,1295,20000,16489,60000,5000,No
260000,Female,1,2,29,-1,-1,-1,-1,-1,-1,3735,-8,4865,507,3787,1443,0,4873,507,3787,1443,0,Yes
80000,Male,2,1,42,0,0,0,0,0,0,48237,48594,49432,49043,47805,45626,2200,2005,2000,2000,2000,2000,No
50000,Male,3,1,53,0,0,0,0,0,0,41674,40012,31089,14638,13577,16333,1660,1612,652,1300,3000,2500,No
210000,Female,2,2,30,0,0,0,0,2,0,77637,80205,82549,89170,56683,10496,4400,4600,9086,0,1000,99100,No
210000,Female,2,3,52,-1,-1,-1,-1,0,0,815,815,815,910,58095,37684,815,815,910,58000,1500,2000,No
110000,Female,2,1,33,0,0,0,0,0,2,184406,169795,154733,138071,126242,123449,7400,6700,4700,7800,0,117880,No
50000,Male,1,2,49,0,0,0,0,0,0,25277,27209,23740,19448,19594,19762,3000,3014,684,1000,713,677,No
80000,Female,1,2,27,-1,-1,-1,0,-1,-1,3199,1205,917,917,702,3099,1325,917,0,702,3099,0,No
80000,Female,1,2,37,-1,-1,-1,-1,-1,-1,6734,1990,4500,4640,3966,3410,1990,4500,4640,3966,3410,879,Yes
100000,Female,1,2,27,0,0,0,0,0,0,75296,76672,78343,79111,79993,81279,3000,3400,3000,3000,3000,3000,No
50000,Male,2,2,29,2,2,2,2,2,2,43205,46516,45468,48703,50774,49514,4000,0,4000,3000,0,3000,Yes
150000,Female,1,2,32,2,2,2,0,0,2,120800,123379,122881,123954,131543,134319,6000,3000,4600,9800,5100,5000,Yes
150000,Male,1,2,29,-1,-1,-2,-1,-1,-1,249,0,0,12877,1558,225,0,0,12877,1558,225,0,No
360000,Female,1,2,31,-1,-1,-1,-1,-2,-2,1483,9386,2635,-227,-1763,-4303,9386,2643,227,1536,12975,19818,No
90000,Male,2,2,29,0,0,0,0,0,0,51864,53135,53759,56397,87349,55700,2098,1680,20000,5000,4833,2000,No
160000,Female,2,1,28,0,0,0,0,0,0,6031,7057,7912,8080,8250,8565,1280,1132,300,300,452,312,No
70000,Female,2,2,36,0,0,0,0,0,0,67864,59165,29314,28844,29443,30101,2044,1773,1181,1215,1297,1008,No
360000,Female,2,1,33,0,0,0,0,0,0,325839,300726,252603,253759,255424,253826,11083,8948,8727,9118,9026,8997,No
420000,Female,1,2,33,-1,-1,-2,-2,-1,-1,25718,0,0,0,1643,6800,0,0,0,1643,3400,403500,No
50000,Female,2,1,47,0,0,0,0,0,0,48888,47988,9757,8941,9893,6181,1900,1139,2000,1000,300,500,No
160000,Female,2,2,28,3,2,2,2,2,2,110819,107629,113902,115543,118353,116298,0,9600,5000,4800,0,3900,Yes
100000,Female,2,1,38,1,-1,-1,-2,-2,-1,0,199,0,0,0,150,199,0,0,0,150,550,No
390000,Female,1,2,42,0,0,0,0,0,2,98262,94122,89672,83663,84449,75445,5003,5000,3200,9000,0,5000,No
80000,Female,2,1,37,0,0,0,0,0,0,57830,55107,51616,47843,48427,49101,2103,2023,1850,1800,1806,1516,No
360000,Female,1,2,29,0,0,0,0,0,0,25633,26897,26439,25932,28396,28611,2000,1289,1000,4000,2000,1000,Yes
210000,Female,2,1,34,-1,-1,-1,-1,-1,-1,3402,4774,375,3498,3517,4567,4774,375,3498,3517,4567,2488,No
320000,Female,1,2,28,1,-2,-1,-1,-1,-1,0,0,1200,0,600,5937,0,1200,0,600,5937,470,Yes
20000,Female,3,1,50,0,0,2,0,0,0,8612,8862,8992,9452,10520,11320,2202,500,1000,2000,800,0,No
180000,Female,2,1,27,2,2,0,0,0,0,186895,167768,125879,119283,117515,109499,0,6000,3663,3700,3400,2771,Yes
490000,Male,2,1,50,0,0,0,0,0,0,205873,210880,215628,217883,223541,224889,10000,10000,10000,10000,8000,10000,No
30000,Female,2,2,22,0,0,0,0,2,0,25536,26635,27383,29061,28492,29850,1800,1500,2100,0,1800,1000,No
290000,Female,1,1,34,-1,-1,-1,0,0,-2,111,0,904,904,0,0,0,904,0,0,0,6397,No
340000,Female,2,1,46,-2,-2,-2,-2,-2,-2,0,0,0,0,0,0,0,0,0,0,0,0,No
40000,Female,2,1,43,-1,-1,-1,-1,-1,-1,220,960,960,960,1383,960,960,960,960,1383,960,960,No
50000,Male,2,2,23,-2,-2,-2,-2,-2,-2,-29,9881,10188,2277,18488,10263,9910,10294,2284,18546,11294,7752,No
30000,Male,2,2,30,2,0,0,0,2,2,21326,20425,20135,19529,17428,25227,1400,1700,1679,0,10000,0,Yes
60000,Female,1,2,34,2,-1,-1,0,-1,-1,493,240,823,683,240,998,240,823,0,240,998,223,No
180000,Male,5,2,29,1,-2,-2,-2,-2,-1,92245,64364,5527,1600,2600,390,11400,1000,340,1000,390,390,No
160000,Male,3,1,57,-1,-1,-1,-1,-1,-1,390,390,390,390,390,390,390,390,390,390,390,390,No
170000,Male,1,1,33,1,2,-1,0,0,0,9020,326,7788,104556,141077,138790,0,7788,100000,41077,5200,5600,No
50000,Male,2,1,42,2,0,0,0,0,0,12664,42985,15085,17245,17316,17297,2000,2000,17000,1000,1000,2955,No
50000,Male,2,1,45,0,0,0,0,2,0,8558,9886,10593,11358,11033,11402,1471,1178,943,0,553,600,No
360000,Female,1,1,32,-2,-2,-2,-2,-2,-2,0,0,0,0,0,0,0,0,0,0,0,0,No
160000,Female,2,1,35,2,2,2,2,2,2,131104,133828,135146,136520,139432,141971,6300,5000,5100,5252,5000,6000,Yes
260000,Female,1,2,39,0,0,0,0,0,0,107801,122955,117089,95975,62817,61221,30054,20057,5113,3040,20000,30007,No
350000,Female,1,2,31,2,0,0,0,0,2,20042,108444,280478,143142,160442,98479,100000,200000,0,135000,0,100000,No
30000,Female,2,2,26,0,0,0,2,0,0,27376,27639,27788,25484,25707,25797,1500,3608,0,1000,1100,2200,No
180000,Female,2,2,27,1,2,0,0,0,2,17207,16647,17657,17705,19043,18589,0,1590,638,1628,0,834,No
230000,Female,1,2,30,-1,-1,-1,-1,-1,-1,1219,283,1906,501,283,423,283,1906,501,283,423,283,No
50000,Female,1,2,29,1,-2,-2,-2,-2,-2,0,0,0,0,0,0,0,0,0,0,0,0,No
370000,Male,2,1,38,2,0,0,0,0,0,376014,377594,355120,315740,322540,319195,16000,13217,12000,12000,12000,15000,Yes
30000,Male,2,1,42,0,0,0,2,0,0,24317,28401,30910,30155,30389,30418,4491,3000,0,1068,2257,0,No
280000,Male,1,2,31,1,-1,2,2,-1,-1,0,3405,2973,0,962,3481,3405,0,0,962,3481,9,No
210000,Female,2,2,53,-1,-1,-1,-1,-1,-1,390,390,390,390,390,390,390,390,390,390,390,390,Yes
150000,Female,1,1,49,-1,-1,2,2,-1,2,416,797,381,-35,1015,33,797,0,0,1050,0,2575,No
170000,Female,1,2,30,-1,-1,-1,0,0,0,8404,16835,2200,7510,12510,19720,16835,2200,5510,5000,8100,0,No
80000,Male,2,2,28,0,0,0,0,0,0,73233,74853,76408,77435,79187,79696,3400,3400,2900,3045,6000,0,No
30000,Female,2,1,29,1,2,2,2,2,2,16609,16057,18089,17504,18727,18279,0,2300,0,1500,0,1500,Yes
50000,Male,2,2,38,0,0,0,0,0,0,51047,49761,50712,50441,50919,50604,1849,1800,1788,1993,2069,2500,No
140000,Female,2,2,24,0,0,0,0,0,0,38483,43627,35893,40883,16256,14354,10169,20000,15000,628,1392,1200,No
30000,Female,1,1,22,2,2,0,0,0,0,26505,25799,26762,24956,25654,26177,0,1710,1000,1100,1100,1000,No
50000,Male,2,1,45,0,0,0,0,0,0,42614,38426,38318,17331,14916,18459,10016,20070,3006,6002,5000,2500,No
20000,Male,1,2,24,-1,-1,-1,-1,-1,-2,390,390,390,780,0,0,390,390,780,0,0,0,No
180000,Male,1,1,37,0,0,0,0,0,-2,15288,16534,18100,19900,-100,-100,1500,2000,2000,0,0,0,No
30000,Male,2,2,46,0,0,0,0,0,-2,24794,25017,24117,23917,0,0,2000,1500,0,0,0,0,No
210000,Male,2,2,26,0,0,0,0,0,0,92083,88001,90533,93027,96524,100765,4000,4000,4000,5000,6000,23500,No
30000,Male,2,2,35,0,0,0,0,0,0,20180,21827,20723,19523,4294,3974,2000,2032,0,1000,3000,1000,No
50000,Female,2,2,31,0,0,0,0,0,0,20451,20426,19894,20294,20145,20175,1600,1600,1000,900,1000,1000,No
270000,Female,1,2,31,-2,-2,-2,-2,-2,-2,973,417,1593,913,1471,1302,592,1593,913,1471,1302,7107,No
70000,Female,2,2,25,0,0,0,0,0,0,22935,23963,24979,25665,26357,26768,1398,1414,1100,1104,1000,1155,No
110000,Male,2,2,32,-1,-1,0,0,0,0,2308,101780,50815,46147,39769,9353,101780,1501,1100,1000,2000,41644,No
20000,Female,1,2,24,-1,-1,-1,-1,-1,-1,3305,2296,14059,9140,1073,500,2296,14777,9140,1073,500,0,Yes
150000,Male,2,1,37,0,0,0,0,0,0,147891,149402,148152,150781,146446,149658,5004,4957,4208,4201,4837,3500,Yes
20000,Male,1,2,24,-2,-2,-2,-2,-2,-2,299,-1,-1,494,2284,490,0,0,495,2290,491,1695,No
50000,Male,2,2,51,0,0,0,0,0,0,50383,49073,31036,20061,19710,19687,2304,2224,19691,1000,725,1000,No
170000,Male,1,2,51,0,0,0,0,0,0,195038,189067,180389,137030,129222,122229,7509,5573,4309,4239,5142,2856,No
20000,Male,3,1,35,1,2,0,0,0,0,24122,23089,22422,20794,19914,7476,1300,1481,503,2019,233,100,No
360000,Female,3,2,36,-1,-1,-2,-2,-2,-2,2473,-27,-27,-27,-27,-27,0,0,0,0,0,0,Yes
280000,Female,1,2,34,-1,2,2,-2,-1,-1,8719,844,0,0,1000,0,0,0,0,1000,0,0,No
340000,Male,1,2,35,-1,-1,-1,-1,-1,-1,842,2865,-22,7569,797,1211,2873,0,7591,799,1214,18309,No
180000,Male,1,1,46,0,0,0,0,-2,-2,160580,171644,184650,0,0,0,13714,16500,0,0,0,0,Yes
280000,Male,1,2,33,-1,-1,0,0,0,0,8814,151643,153190,147589,149291,151357,151650,5546,6007,5507,6007,4184,Yes
60000,Male,1,2,27,0,0,0,0,2,0,14853,19589,27176,29712,29099,31601,5000,8000,3000,0,3000,3000,Yes
150000,Male,1,1,56,2,0,0,0,0,0,116928,87215,43045,40813,42164,43465,5006,3000,1452,5000,5000,2000,Yes
300000,Female,1,2,24,0,0,0,0,0,0,35040,35167,31333,35906,38963,40283,1518,1507,5406,3963,2283,900,No
210000,Female,1,1,34,0,0,0,0,0,0,200239,195025,165356,116351,95854,91173,9510,7000,10079,4500,3532,3500,No
50000,Male,1,2,29,0,0,0,0,0,0,27878,28908,29922,30517,31164,32677,1484,1498,1093,1139,2039,1800,No
140000,Female,1,2,30,-1,-1,-1,-1,-1,-1,282,282,282,282,454,610,282,282,282,454,610,454,No
180000,Female,1,2,42,-1,0,0,0,0,0,4314,5495,54903,56458,58616,55032,2500,50000,3000,3000,2000,2500,No
380000,Male,3,1,44,-1,0,0,0,0,0,40352,41385,42397,43243,45716,46629,1523,1535,1381,3000,1494,2000,No
10000,Female,2,2,22,0,0,-1,0,0,-2,7418,8080,780,780,0,0,1000,780,0,600,0,0,No
50000,Male,3,1,45,0,0,0,0,0,0,45982,41372,18059,18020,18028,17744,1421,1500,629,672,626,2000,No
50000,Female,2,2,22,0,0,0,0,0,0,50186,49061,43528,29606,30305,28895,1994,1500,1009,1124,1100,2000,Yes
50000,Female,1,2,25,-1,0,0,0,0,0,8540,9875,11396,13190,14967,16551,1479,2000,2000,2000,2000,4060,No
140000,Female,2,1,37,0,0,0,0,0,0,10025,9787,8127,8850,9262,5789,2000,1000,2000,2000,1000,2000,No
110000,Male,2,2,36,0,0,0,0,0,0,109345,111980,111563,106625,48631,49724,4400,4200,4406,1800,1900,1900,No
260000,Male,2,1,63,-1,-1,-1,0,0,-1,3382,2403,1161,772,383,1661,2519,1201,1,1,1668,2507,No
50000,Female,2,2,26,0,0,0,0,0,0,49722,49052,49243,8760,8796,9176,2200,1325,490,300,500,500,No
180000,Female,1,2,30,3,2,-1,0,0,0,1782,192,1291,1891,3914,26414,0,1291,600,2023,22500,32800,No
150000,Female,2,2,26,2,0,0,0,0,0,56956,58756,59945,60751,62120,63315,2716,2761,2400,2500,2400,1860,No
80000,Female,1,1,39,0,0,0,0,0,0,36444,33840,31768,28223,25557,18220,3015,4012,1013,2010,655,1007,No
210000,Female,1,2,31,-2,-2,-2,-2,-2,-2,0,0,0,0,0,0,0,0,0,0,0,0,No
320000,Male,1,1,44,-1,-1,-1,-1,-1,-1,7500,8500,7500,7500,7500,7500,8500,7500,7500,7500,7500,7500,No
100000,Female,2,1,36,0,0,0,0,0,0,92688,94925,96865,99196,101000,0,3000,2746,3156,3000,0,0,No
100000,Female,1,1,35,0,0,-1,-1,-1,-1,52708,15075,20035,4116,-110,3512,9967,20195,4228,0,3622,0,No
240000,Male,3,1,43,-1,-1,2,2,2,2,2690,2500,2500,2500,2500,0,2500,0,0,0,0,0,Yes
300000,Female,1,2,33,1,-2,-1,0,-1,-1,0,0,12351,6417,5245,12082,0,12351,0,5245,7000,0,No
200000,Female,1,2,30,0,0,0,0,-2,-2,199229,132458,59153,0,0,0,6101,3500,0,0,0,0,Yes
270000,Female,1,1,31,0,0,0,0,0,0,86716,88329,91247,91823,93164,95211,6000,6005,4000,4000,4000,5000,No
260000,Female,2,2,29,-2,-2,-1,0,0,-1,-5,-5,9571,7235,0,197,0,9576,29,0,197,568,No
50000,Female,2,2,24,0,0,0,0,0,0,26239,17824,17615,17956,18091,18259,1300,5869,1000,795,1000,1000,No
130000,Female,2,1,32,1,2,0,0,0,2,51559,50465,51531,52076,55432,56571,0,2500,2000,4200,2200,0,Yes
80000,Female,1,2,28,0,0,0,0,0,2,57776,7561,7793,7433,5962,4960,1200,1306,512,1000,0,110,No
20000,Male,1,2,32,0,0,0,3,2,0,11777,14851,17575,17063,15711,28600,3276,3000,3,7,2058,669,No
410000,Female,2,1,50,0,0,0,0,0,0,246659,248934,246011,240845,213767,214410,11000,10000,7500,8000,8000,7000,No
80000,Male,2,1,36,2,2,2,2,2,2,77054,81697,79347,81325,76550,78715,6900,0,5800,0,4000,2000,Yes
160000,Female,3,1,58,-1,-1,-1,-1,-1,-1,2034,68942,40194,942,942,942,68942,40194,942,942,942,942,No
500000,Female,1,2,40,-2,-2,-2,-2,-2,-2,15929,18155,-131,10527,61751,2926,18222,0,10658,61751,2926,13609,No
20000,Female,2,1,36,0,0,0,0,0,0,16320,18044,19003,19224,19050,19353,2000,1283,1003,1000,1002,1005,No
180000,Female,4,1,34,-1,-1,-1,-1,0,0,6892,6892,6892,6282,8282,0,6892,6892,6282,2000,0,0,No
200000,Female,2,1,45,0,0,0,0,0,0,193641,121830,122181,121888,66771,65495,4543,5000,4500,3100,3000,1300,Yes
310000,Male,3,1,44,0,0,0,0,0,0,238739,244629,250277,265764,271231,277427,10000,10000,20000,10000,11000,11000,No
170000,Female,3,1,61,1,-2,-2,-2,-1,-1,0,0,0,0,200,0,0,0,0,200,0,0,No
500000,Male,1,1,45,-1,-1,-1,-1,-1,-1,5307,6583,5650,4472,67798,65653,6616,5678,4495,67969,65814,38464,Yes
140000,Female,1,2,28,1,-1,-1,-1,-1,-2,0,330,330,69,-261,-591,330,330,69,0,0,29953,No
80000,Female,3,1,48,0,0,0,0,0,0,44508,43709,52660,48532,44469,45068,1785,10000,1541,1610,1604,1485,No
420000,Female,2,2,28,-1,0,0,0,0,-1,27186,27759,21103,22217,23440,61084,5009,5006,5000,5000,61084,3000,No
280000,Female,1,2,31,-2,-2,-2,-2,-2,-2,326,326,0,326,652,0,326,0,326,652,0,652,No
20000,Male,3,1,44,0,0,2,3,2,2,11007,15010,15767,15223,14837,16083,4525,1300,0,0,1495,3198,No
170000,Female,2,1,31,0,0,0,0,-2,-1,63948,62090,63000,0,0,3300,5000,4000,0,0,3300,0,No
30000,Female,2,2,26,0,0,0,0,0,0,12479,10100,10923,10549,4747,4864,1233,1056,500,500,1000,2000,No
20000,Male,3,2,26,0,0,-2,-2,-2,-2,16320,0,0,0,0,0,0,0,0,0,0,0,No
280000,Female,1,1,49,-2,-2,-2,-2,-2,-1,4378,-324,-324,-324,-324,88036,2,322,0,0,88360,10045,Yes
30000,Female,3,2,40,1,2,2,2,2,2,53720,52268,49338,44430,40875,40272,0,3000,1000,2000,5000,0,No
170000,Female,1,1,38,0,0,-2,-2,-2,-2,5556,0,0,0,0,0,0,0,0,0,0,0,No
290000,Female,1,1,38,1,-1,0,0,0,-1,0,7023,9680,7860,7860,8142,7023,5000,3000,0,8142,0,No
290000,Female,1,2,24,1,-2,-2,-1,0,-1,0,0,0,2700,1350,1350,0,0,2700,0,1350,8334,No
360000,Female,2,2,33,-1,-1,-1,-1,0,0,5344,9852,5137,4912,1150,0,9860,8537,4912,0,0,9294,No
190000,Female,2,1,34,0,0,2,2,2,0,86730,93705,91317,96079,94428,100618,9310,0,7200,0,8000,4000,No
90000,Male,2,2,26,0,0,-2,-2,-2,-2,70182,-18,-18,-18,-18,-18,0,0,0,0,0,0,No
20000,Male,3,2,48,1,2,2,0,0,0,16434,17452,16879,17059,17263,17675,1577,0,757,628,700,2488,No
290000,Female,2,1,42,0,0,0,0,0,0,154753,122241,113434,115273,97040,89942,7000,6000,5000,5000,4000,3000,No
460000,Female,1,2,38,0,0,0,0,0,0,296815,283744,273414,250033,238734,226905,10279,10084,9025,9036,8526,7272,No
230000,Female,1,2,26,-2,-1,2,-1,0,-1,-10,1732,476,3157,340,769,2122,0,3157,0,769,1265,No
170000,Male,2,1,37,-2,-2,-2,-2,-2,-2,326,326,326,326,326,324,326,326,326,326,324,2,No
180000,Female,1,1,40,-1,0,0,0,-1,0,4236,6614,6216,3622,4095,6596,3016,3000,1622,4095,3000,2827,No
50000,Male,2,1,25,0,0,0,0,0,0,48213,47750,46153,45572,45412,44985,1800,1700,1585,2000,2000,1600,No
200000,Male,1,2,30,-2,-2,-2,-2,-2,-2,0,0,0,0,0,0,0,0,0,0,0,20271,No
80000,Female,3,1,53,-2,-2,-2,-2,-2,-2,0,0,0,0,0,0,0,0,0,0,0,0,No
500000,Male,1,1,40,-1,-1,-1,-1,-1,-1,11640,12831,11520,12486,11609,12660,12836,11525,12489,11614,12665,543,Yes
20000,Female,1,2,23,0,0,0,0,0,0,14605,14532,15700,16346,16837,18298,2000,2000,1000,1000,2000,2000,No
320000,Female,2,1,32,0,0,0,0,0,0,160832,164750,168370,169371,172868,150827,8000,8000,5500,6100,6000,5000,No
50000,Female,1,2,23,0,0,0,0,0,0,48064,49362,48038,8760,9646,7747,2091,1310,1000,1000,277,296,Yes
400000,Male,2,1,45,0,0,2,0,0,2,337135,373869,366338,374255,409777,527566,44000,0,14000,42000,126000,18000,No
320000,Female,1,2,33,-1,-1,2,0,0,-1,368,10038,8434,7061,1289,365,10550,0,0,0,365,12110,No
200000,Male,1,2,28,0,0,0,0,0,0,220343,214375,201917,161221,162438,157415,7000,8016,5000,12000,6000,7000,No
20000,Male,1,2,28,0,-1,-1,-1,0,0,7381,2769,3503,4809,5732,8632,3000,3010,6000,1000,3000,0,Yes
230000,Female,3,2,42,1,-2,-1,-1,-1,-1,0,0,324,0,2600,3007,0,324,0,2600,3407,200,Yes
130000,Female,1,2,29,-1,-1,-1,-1,0,0,280,1954,304,978,652,326,2038,311,1000,0,0,326,Yes
310000,Male,1,2,28,0,0,0,0,0,0,272588,169978,156699,131276,118837,119402,9978,6699,11276,9695,19402,6270,Yes
50000,Female,3,2,58,0,0,0,0,0,0,24885,26250,26955,27647,28149,28940,1772,1447,1139,1100,1262,1009,No
90000,Male,3,2,45,0,0,0,-1,0,0,86519,88925,56116,48430,49585,50443,4100,2500,52285,2000,2100,5000,No
260000,Female,3,1,42,0,0,0,0,0,0,56437,57929,59369,63215,64087,130579,3000,3000,5400,5000,2222,2337,No
270000,Male,1,2,36,0,0,0,2,0,0,78630,68921,46512,40335,37165,22156,10076,4018,14,2051,2000,0,No
210000,Female,1,2,30,0,0,0,0,0,0,52771,64767,57527,56655,50745,53269,44767,10000,2655,5745,3269,1500,No
220000,Female,2,2,52,0,0,0,0,0,0,127624,125718,125917,124683,127890,131520,6046,5600,5000,8000,6000,3736,No
80000,Male,2,2,30,2,2,2,0,0,2,72183,81844,78743,79176,81574,78445,10895,0,2900,6355,0,3100,Yes
50000,Female,3,2,61,0,0,0,2,2,0,36205,38609,42996,43992,43155,44436,3000,5064,2000,0,2000,2000,No
20000,Female,2,1,39,0,0,0,0,0,0,45629,46661,47594,49281,18714,19162,2500,2400,2000,900,800,600,No
20000,Female,1,2,23,0,0,0,-2,-2,-1,11967,5252,-340,-780,-780,780,1031,650,0,0,1560,150,No
100000,Female,1,2,25,-1,0,0,-1,-1,0,16659,13585,7886,5578,8608,11756,10000,4000,5578,11756,10000,5470,No
320000,Male,2,2,32,0,0,0,0,0,0,75122,70308,51223,52371,54518,56601,4000,3000,2000,3000,3000,4000,No
200000,Female,2,2,31,1,-2,-1,-1,-1,-1,0,0,6372,1957,0,596,0,6372,1957,0,596,789,No
80000,Female,1,2,25,-1,-1,-1,-1,-1,-1,232,815,631,1237,1529,357,815,631,1237,1529,357,2957,No
120000,Female,2,1,34,2,2,2,2,2,2,64139,65430,63937,67290,68565,69784,2900,150,5000,2500,2500,3000,Yes
20000,Male,2,2,43,0,0,0,0,0,0,19197,19997,20060,18780,19580,0,1500,1500,1000,800,0,0,No
200000,Female,1,1,35,-1,-1,-1,-1,0,-1,10118,2105,483,5452,389,389,2106,486,6175,1,390,390,No
140000,Female,2,1,24,-1,-1,-1,-1,-1,-1,696,696,696,696,696,696,696,696,696,696,696,696,No
50000,Male,2,1,52,2,0,0,0,0,-1,27548,28578,29660,30600,-300,9037,1478,1560,1500,0,9337,323,Yes
60000,Male,2,2,25,1,2,2,0,0,0,61514,61748,58583,28301,29301,14400,1800,0,600,1000,300,28154,No
50000,Male,2,2,30,0,0,0,0,0,0,47110,48447,48345,20079,20656,19818,2401,1735,700,876,711,701,No
200000,Female,2,2,33,0,0,0,0,0,0,189740,194328,196018,189865,193703,199154,6450,6600,5350,5500,7100,5500,No
20000,Male,2,1,53,0,0,2,2,2,2,16039,19752,19112,20223,18806,20001,4000,0,1382,0,3000,0,Yes
200000,Female,1,1,32,1,-2,-2,-2,-2,-1,0,0,0,0,0,900,0,0,0,0,900,880,No
350000,Female,3,1,49,-2,-1,2,-1,-1,-1,10658,8598,3816,4223,1414,5941,9004,0,4223,1414,5941,2720,No
50000,Female,3,1,40,0,0,0,0,0,2,20831,21592,22571,23024,25567,24463,1400,1360,810,2900,0,1100,Yes
120000,Male,2,1,44,-1,2,-1,0,-1,-1,4936,2476,5696,1762,1381,1061,0,5696,0,1381,1061,1320,Yes
150000,Male,2,1,35,-1,-1,-1,-1,-1,-1,4030,592,2483,4556,1606,2047,593,2490,4573,1610,2053,4349,No
180000,Female,2,1,48,-1,-1,-1,-1,-1,-1,11054,11272,26680,27988,1480,22133,11272,26703,27988,1480,22133,0,No
120000,Female,2,2,27,1,-2,-2,-2,-1,-1,0,0,0,0,940,170,0,0,0,940,170,2018,Yes
130000,Female,1,1,55,0,0,0,0,0,0,126205,128064,131524,46445,44973,45578,4998,5946,1620,1623,1659,1749,No
80000,Female,2,1,41,-2,-2,-2,-2,-2,-2,7274,6280,21016,14422,5157,6579,6280,21115,14422,5157,6579,11251,No
390000,Female,2,1,49,0,0,0,0,-1,-1,7383,5731,3386,3134,259,578,1066,1000,63,259,578,1141,No
50000,Female,1,2,27,1,2,0,0,2,2,21824,21187,23815,26418,25859,29745,0,3000,3000,0,4500,0,Yes
50000,Male,2,2,31,1,2,2,0,0,0,25859,26937,27687,28424,29311,30169,1800,1500,1500,1500,1500,1500,No
320000,Female,2,1,29,-1,-1,-1,0,0,0,3196,7655,204787,122501,63816,17257,7655,205211,6100,5000,2000,8000,Yes
50000,Female,2,3,48,2,0,0,0,0,0,18460,20942,18942,18811,18183,18561,2813,1289,658,659,679,654,Yes
200000,Female,2,1,43,2,2,2,2,2,2,171647,167478,178983,180784,184201,187467,0,14500,6400,7000,7000,7000,No
30000,Male,3,2,59,1,2,0,0,0,0,13486,12984,13991,14114,14406,14692,0,1528,651,668,674,683,Yes
290000,Female,2,1,36,-2,-2,-2,-2,-2,-2,754,-98,-309,63,227,946,0,0,500,590,1045,0,No
50000,Female,3,1,57,0,-1,-1,-1,-1,-1,3964,1690,3780,1468,1468,1644,1690,3780,1468,1468,1644,1363,No
50000,Female,2,1,52,-1,-1,-2,-2,-2,-1,600,972,0,0,0,6500,972,0,0,0,6500,1863,No
140000,Male,3,1,45,2,2,2,2,2,2,134073,130521,137328,136280,136247,134089,0,10707,5014,5091,4608,42,Yes
50000,Male,2,1,43,0,0,0,0,0,0,15941,14154,15109,14125,14034,14946,1255,1210,487,508,1534,526,Yes
80000,Female,2,2,23,0,0,0,0,0,-1,4125,10174,6160,9020,4670,6124,6174,3160,5020,1670,6124,1600,No
50000,Female,1,2,31,0,0,0,0,0,0,30291,31498,32205,32846,33535,34201,2000,1534,1175,1218,1224,1281,No
280000,Female,2,2,28,-2,-2,-2,-2,-2,-2,17795,4117,1199,247,0,1896,4125,1201,249,0,1896,548,No
60000,Female,2,1,29,0,0,0,0,0,0,62325,59359,30604,22204,19895,19199,2864,1300,1000,803,1107,1000,No
360000,Female,1,2,26,-1,0,0,-2,-2,-2,1374,12920,0,0,0,0,12534,0,0,0,0,0,No
520000,Male,2,2,32,0,0,0,0,0,0,17718,12490,7894,6426,4045,1806,1222,1200,505,502,100,216338,No
210000,Female,2,1,43,1,-2,-2,-2,-2,-2,0,0,0,0,0,0,0,0,0,0,0,0,Yes
360000,Male,1,2,26,0,-1,-1,0,-1,-1,11910,1356,4073,17812,2981,1936,1500,5000,15000,3000,2000,1033,No
100000,Male,1,2,27,0,0,0,0,0,0,99777,99479,94028,14578,33254,16723,4252,2620,408,26130,653,35012,No
50000,Female,3,1,45,2,0,0,0,0,0,47639,35495,16246,14987,15298,15447,1271,1242,683,702,553,723,Yes
280000,Female,2,1,31,0,0,0,2,2,2,127609,76057,75377,68277,72042,65921,6000,6000,0,4800,0,2226,No
120000,Male,1,2,26,0,0,0,0,0,0,19544,24230,28022,29249,29926,35357,5000,4200,2000,1300,6000,6000,No
50000,Male,1,2,29,2,2,2,2,0,0,45728,48772,50614,49009,45856,47891,3800,3000,5,1800,3600,0,Yes
360000,Female,1,1,48,-2,-2,-2,-2,-1,-1,2119,-3,-3,-3,711,875,3,0,0,714,879,1519,No
140000,Female,2,1,35,-1,-1,-1,-1,-1,-1,4694,4340,4332,4058,2929,4345,4340,4332,4172,5544,4345,2178,Yes
130000,Male,1,2,25,1,-2,-2,-2,-2,-2,0,0,0,0,0,0,0,0,0,0,0,0,No
240000,Female,1,1,33,-2,-2,-1,0,-1,-1,9187,4740,5240,7795,3771,1891,5005,5240,4101,3771,1891,46438,No
70000,Female,3,2,40,0,0,0,0,0,0,60525,60932,60190,25126,24718,27726,14011,14494,6019,7010,8007,5008,No
80000,Male,2,3,45,0,0,0,0,0,0,28219,29276,30210,30505,31184,28641,1816,1750,1045,1123,1038,2008,No
180000,Female,2,2,29,0,0,0,2,0,0,172271,179760,180488,142201,141826,125974,11600,9635,0,5245,5172,3726,Yes
80000,Male,2,2,25,0,0,0,0,0,0,63771,62642,60005,53384,55060,54583,2500,2500,1900,2500,2500,2000,No
300000,Female,2,2,39,0,0,-2,-2,-2,-2,8386,341,341,341,341,343,341,341,341,341,343,1977,No
70000,Male,2,2,31,0,0,-1,-1,-2,-2,62737,40745,1880,0,0,0,4030,2500,0,0,0,0,No
180000,Female,1,1,30,1,-2,-2,-2,-2,-2,0,0,0,0,0,0,0,0,0,0,0,0,Yes
150000,Male,2,1,33,0,0,2,2,2,2,87721,87396,79424,76350,79721,77028,7200,3000,0,6000,0,3000,No
30000,Female,3,2,36,2,2,2,2,2,2,25437,26734,26011,27353,26776,28620,2000,0,2078,0,2291,0,Yes
180000,Female,1,2,24,0,0,0,0,0,0,130780,121531,112378,93411,95559,94356,4700,4500,3300,3600,3900,3500,No
20000,Male,2,2,31,5,4,3,4,3,2,21763,21145,20930,20182,19836,11998,0,549,0,0,0,0,No
30000,Male,2,2,29,2,2,2,0,0,0,20501,25151,24453,24849,25399,27020,5000,0,1100,1100,2200,1200,No
500000,Male,1,2,38,-2,-2,-2,-2,-2,-2,0,2326,1164,0,0,0,2326,1164,0,0,0,28666,Yes
500000,Female,2,1,47,0,0,0,0,0,0,182516,104838,112662,66679,70090,73728,5000,10000,5000,5000,5000,5000,No
150000,Male,2,2,37,-1,0,0,0,0,0,69012,63265,64131,64942,61803,58987,2500,2500,3780,2200,2000,2000,No
50000,Female,2,2,23,0,0,0,2,0,0,20821,11864,13094,12434,12429,12505,1190,2000,0,600,594,610,No
180000,Female,1,1,47,1,-2,-1,-1,-2,-2,-12,-12,3300,0,0,0,0,3312,0,0,0,0,Yes
150000,Female,1,1,40,1,-1,-1,0,-1,-1,-15,17671,14517,1870,3495,0,17686,14517,0,3495,0,21754,No
30000,Female,5,2,23,2,2,-1,-1,-1,-1,2826,2068,16952,15336,24336,436,0,16952,16104,14000,486,0,No
360000,Male,3,1,51,-1,-1,-1,-1,-1,-1,3019,2438,1008,1250,0,860,2444,1008,1250,0,860,0,No
60000,Female,2,1,38,1,2,2,2,0,0,22212,21568,24209,23524,24491,25033,0,3000,0,1500,1100,1000,No
230000,Female,2,2,25,-1,-1,0,0,0,0,2045,44711,45742,38502,30581,32738,44711,4000,4000,3000,3000,2000,No
260000,Male,3,1,39,0,0,-1,-1,-1,2,3518,0,2551,-139,2311,47,0,2551,0,2450,0,5800,No
210000,Female,2,2,34,-1,-1,-1,-1,-1,-1,8547,2987,4571,3265,8623,5907,2996,4584,3274,8648,5924,15748,No
200000,Female,1,2,42,-1,-1,-1,-1,-1,-2,4359,3814,4604,3350,0,0,3841,4644,3350,0,0,5706,No
20000,Male,2,1,37,0,0,0,0,0,-2,16436,17584,18166,8190,8190,0,1418,1000,3144,0,0,0,No
30000,Male,3,2,53,2,0,0,0,0,0,28033,28675,28997,29214,28933,29134,1788,1500,1173,1100,1100,1000,No
180000,Female,1,2,32,2,2,2,2,2,2,73618,76990,78181,82645,84739,83282,4500,3000,5700,3500,0,3200,Yes
50000,Male,2,1,28,2,0,0,0,0,0,42435,44030,43979,31508,16519,19231,3000,2000,2000,2000,3000,1000,Yes
200000,Male,3,1,43,0,0,0,0,0,0,146206,150404,154977,157166,160870,164101,5404,5854,5000,5000,4600,5000,No
140000,Female,1,2,27,0,0,0,0,0,0,16437,18848,21209,25503,27918,37186,3000,3000,5000,3000,10000,4000,No
250000,Female,1,2,42,-1,-1,-1,-1,-1,0,4673,16014,4063,5589,15895,9948,17381,4063,6018,15895,1000,5928,No
200000,Male,1,1,43,0,0,-1,0,0,0,202225,-4359,190829,96686,100131,102467,1029,200000,10000,5000,4000,4000,No
80000,Female,1,2,30,0,0,0,0,0,0,44999,45843,46879,47799,48876,49909,2100,2100,2000,2000,2000,4500,No
60000,Female,3,1,48,0,0,0,0,0,0,62652,57562,51278,46685,31584,26482,2300,2200,1900,1191,1219,7971,No
360000,Female,1,2,29,-1,2,-1,-1,0,-1,780,390,390,540,540,390,0,390,540,390,390,390,No
50000,Male,1,2,23,-1,-1,-1,-2,-2,-2,3063,3625,0,0,0,0,3625,0,0,0,0,0,Yes
240000,Female,3,2,36,1,-2,-2,-2,-1,-1,-28,-28,-28,-28,1522,6820,0,0,0,1550,6900,4100,No
330000,Female,2,2,30,-1,-1,-1,-1,-1,-1,13204,12500,865,15387,5945,896,12500,865,15500,6000,896,0,Yes
50000,Female,2,2,25,1,2,2,2,2,2,13750,15224,14687,16135,15737,17316,2000,0,2000,0,2000,0,Yes
110000,Male,3,2,33,1,2,0,0,0,-2,7128,1852,2625,2625,0,0,0,1000,0,0,0,0,Yes
30000,Male,3,2,29,1,-2,-2,-2,-2,-1,0,0,0,0,0,7035,0,0,0,0,7035,0,Yes
20000,Male,2,1,36,1,2,2,0,0,0,5566,6527,6274,6470,7366,8044,1200,0,300,1000,800,0,Yes
20000,Male,1,2,43,0,0,2,-1,-1,0,13361,18302,13348,512,18141,11575,6020,141,1048,23261,134,0,Yes
160000,Male,1,2,31,0,0,0,0,0,0,136809,77080,160336,92820,91449,89559,6000,5000,15000,5000,7000,10000,No
80000,Male,2,2,24,0,0,0,0,0,0,79047,81120,69986,46965,46518,47330,3837,2800,2008,1700,2000,1800,No
180000,Female,1,1,47,-1,-1,-1,-1,-1,-1,8059,11622,16379,9795,8414,6557,11680,16466,9844,8456,6589,5823,No
80000,Male,2,2,27,-1,-1,-1,-1,2,-1,390,390,390,1080,540,390,390,390,1080,0,390,390,No
150000,Male,1,2,30,0,-1,-1,-1,-1,-2,4785,2087,1200,4100,0,0,2087,1212,4100,0,0,0,No
130000,Male,1,2,29,0,0,0,0,0,0,81907,83620,85327,87021,88843,90618,3034,3096,3112,3222,3250,3357,Yes
240000,Male,3,2,32,-1,-1,-1,-1,-1,-1,4717,11980,0,473,11483,11886,11980,0,473,11483,11886,690,No
400000,Female,1,2,28,-1,0,-1,0,0,0,1416,1548,22085,21021,19761,12613,1052,22085,420,56,687,800,No
500000,Male,2,2,32,-1,-1,-1,-1,0,-1,10339,6405,-4617,16879,5195,290,6405,99,22480,0,580,36753,No
20000,Male,1,2,22,0,0,2,0,0,0,18523,17889,16473,19004,19254,16287,3500,0,3000,574,539,342,Yes
240000,Male,1,2,35,-1,-1,-1,-1,-1,-1,446,2852,-348,152,272,5291,2852,0,500,500,5291,1000,No
110000,Female,2,1,26,2,2,2,2,2,2,85814,91999,91803,94376,96409,98072,8500,2200,5000,3700,3400,4000,Yes
80000,Female,2,2,26,0,0,0,0,0,0,56373,57301,58017,56556,57890,58657,2129,2014,1985,3000,3001,2266,No
50000,Male,3,1,58,-2,-2,-2,-2,-2,-2,4025,5318,4151,4186,3545,2659,5318,4151,4186,3545,2860,2702,No
330000,Male,1,1,37,-1,-1,-1,-1,-2,-2,8447,-1,176,0,0,0,0,177,0,0,0,0,No
200000,Male,3,1,40,0,0,0,0,0,0,187431,192558,196537,76167,76810,72039,8124,8339,5004,2961,2579,2761,No
230000,Female,5,1,32,-1,-1,-1,-1,-2,-2,11000,0,8100,-2900,-2900,-2900,0,8100,0,0,0,110256,No
140000,Female,2,2,26,0,0,2,0,0,-1,28282,148806,139462,125046,46364,83460,125000,6,4578,1427,87179,26291,Yes
70000,Male,3,1,46,2,2,2,2,2,2,29258,31137,32855,33316,34137,33439,2352,2531,1300,1500,0,1400,Yes
260000,Female,1,2,27,1,-2,-2,-2,-2,-2,0,0,0,0,0,0,0,0,0,0,0,0,No
180000,Female,2,2,48,-1,-1,-1,-1,-1,-1,10000,10000,10000,10000,20000,10338,10000,10000,10000,20000,10338,20894,No
190000,Female,1,2,30,-1,-1,-1,0,-1,-1,6544,18191,18205,14442,31465,2589,19699,18295,9900,31465,2589,22041,No
190000,Male,1,1,50,2,2,2,2,2,2,69518,71443,72413,73366,74830,76237,3500,2600,2600,2650,2650,3000,Yes
260000,Male,1,1,39,0,0,0,0,0,0,259394,264334,263431,253596,258387,259118,9876,10020,9900,9331,9307,9676,No
200000,Male,2,2,27,0,0,0,0,0,2,233637,175918,181089,183180,192223,189681,7000,8100,6600,12000,0,6054,Yes
340000,Female,1,2,47,0,0,0,0,0,0,326065,339260,332032,280450,282510,281197,20070,12747,9582,20070,18092,20102,Yes
200000,Female,2,1,47,-1,-1,0,0,0,0,528,13921,14943,14692,14733,14820,13921,1528,500,528,655,284,No
150000,Female,1,1,36,-1,-1,-1,-1,-1,-1,13447,17877,25172,4694,6292,13943,17914,25349,4694,6324,14433,17378,No
100000,Male,2,1,40,0,0,0,-1,-1,-1,99958,76554,58610,9779,12273,2701,2975,2789,9779,12273,3105,16828,No
200000,Female,5,2,34,-1,-1,-1,-1,-1,-1,13943,8943,1662,2553,1977,3175,8964,1662,2553,1977,3175,1804,No
230000,Male,1,2,39,0,0,0,0,-2,-2,38395,39943,20650,0,0,0,2500,2000,0,0,0,0,No
200000,Male,1,1,40,-2,-2,-2,-2,-2,-2,-7,1765,5074,19268,5606,2534,1772,5099,19364,5634,2547,33300,No
140000,Male,1,2,28,2,2,2,2,2,2,113780,115297,114448,114653,115720,116690,5800,3500,4500,4000,4000,4500,No
30000,Male,2,2,24,0,0,0,0,0,0,26931,27791,28792,29121,29368,13174,1598,1599,928,600,627,1500,No
100000,Female,2,2,30,1,-2,-2,-1,2,0,0,0,0,1378,1209,3174,0,0,1378,0,2000,2000,No
50000,Male,2,1,41,-1,-1,-1,0,-1,-1,390,390,780,390,390,390,390,780,0,390,390,1170,Yes
330000,Female,1,1,41,-1,-1,-2,-2,-2,-2,4122,0,0,0,0,0,0,0,0,0,0,0,No
500000,Female,1,1,36,2,0,0,0,0,0,197231,175599,176947,178647,176380,172666,8500,8341,6600,6925,7225,6653,Yes
500000,Female,2,2,31,-2,-1,-1,-1,0,0,4543,8723,17058,19858,19974,22774,9001,10000,3000,10000,6000,10000,No
50000,Female,1,2,25,0,0,0,0,-1,0,16762,19126,13918,8239,6376,10077,4029,4031,3000,6376,5000,0,No
50000,Female,2,1,42,0,0,0,0,0,0,47971,47627,47750,48194,48111,48664,2087,2100,1900,1900,1900,1900,No
20000,Male,2,1,51,0,0,2,0,0,0,16849,18686,18877,19252,19415,19954,2116,800,682,701,858,394,No
70000,Female,3,2,24,1,2,2,0,0,0,69346,70864,68645,28929,28597,28237,3200,13,1008,1103,1100,850,No
60000,Female,1,2,34,0,0,0,0,0,0,55447,48270,41087,25518,26276,27012,2178,1511,1200,1300,1300,1252,Yes
230000,Male,1,2,36,0,0,0,0,0,0,218637,223208,159930,141834,213408,222681,10034,5600,10753,100000,12823,8910,No
60000,Male,3,1,58,2,2,0,0,2,0,22658,22703,23495,24349,23960,24530,700,1546,1400,0,900,0,No
330000,Male,2,1,43,-1,-1,-1,0,0,-1,13200,9843,15440,45033,64723,3784,9863,15440,35033,30000,3874,25349,No
500000,Female,1,1,35,-1,-1,-1,-1,-1,-1,2153,9869,4055,3000,3000,8063,9869,4065,3000,3000,8063,6000,No
30000,Female,3,1,45,-2,-2,-2,-2,-2,-2,0,1930,1930,2072,4072,0,1930,1930,2072,4072,0,0,No
160000,Female,1,1,53,0,0,0,0,0,0,52607,53548,56214,57246,58443,59883,2834,3500,2500,2207,2500,2300,No
110000,Male,2,2,40,0,0,0,0,0,0,109191,110937,108869,43207,42954,43839,5000,3814,2000,1600,1600,1600,No
50000,Female,1,2,35,0,0,0,2,0,0,30716,29768,31155,30124,29984,29629,1600,4300,0,1100,1500,1500,No
50000,Female,2,1,43,-1,-1,-1,-1,-1,-1,560,1121,195,197,197,197,1121,195,197,197,197,197,No
20000,Male,1,2,25,1,-2,-2,-2,-2,-2,0,0,0,0,0,0,0,0,0,0,0,0,Yes
210000,Male,1,2,28,1,-2,-2,-2,-2,-1,0,0,0,0,0,8270,0,0,0,0,8270,0,No
500000,Female,2,1,30,-2,-2,-2,-2,-2,-2,344,5757,1820,2308,807,4966,5757,1820,2308,807,4966,3240,No
320000,Male,3,1,50,0,0,2,0,0,2,29943,32751,18262,18157,19043,17759,4300,0,1000,2000,0,1000,No
350000,Female,1,2,32,0,-1,-1,-1,0,0,10830,2749,3229,3096,6373,10531,2749,3229,3500,4000,5000,4000,No
50000,Male,3,2,27,0,0,0,0,0,0,45557,46763,43000,29241,29115,28804,2300,1803,1200,1400,1500,1500,No
50000,Female,2,1,34,0,0,0,-1,-1,2,10745,8473,4390,19206,20486,15252,1200,1000,19206,1500,0,345,No
20000,Female,2,1,33,2,0,0,0,0,0,18075,19075,19106,18467,19018,19383,1600,1601,810,1000,692,647,Yes
170000,Male,1,2,35,0,0,0,0,0,-2,169282,173226,134832,70479,0,0,10126,5667,9223,0,0,0,No
50000,Female,2,1,24,0,0,0,0,0,0,48928,32646,31428,24880,26098,26886,2000,3505,2000,8000,4000,3650,Yes
400000,Male,3,2,49,0,0,-2,-2,-1,0,36560,0,0,0,1757,21667,0,0,0,1757,20000,10158,No
90000,Female,2,2,48,2,2,2,0,0,0,87673,94448,91211,38041,42605,41396,9100,0,1170,5000,18000,5000,Yes
50000,Male,2,2,22,2,2,2,0,0,0,50262,51040,35046,28893,28772,27521,2009,5,1200,2000,1100,3405,No
50000,Female,2,2,50,0,0,-2,-2,-2,-2,20800,0,0,0,0,0,0,0,0,0,0,0,No
250000,Female,1,1,45,0,0,0,0,0,0,214000,90010,78886,79845,79323,77788,3188,3282,2698,2752,2843,2511,No
320000,Female,3,2,53,-1,-1,-1,-1,0,0,3479,3479,3479,12610,23942,34183,3479,3479,12610,15000,14184,16826,Yes
20000,Male,2,2,24,0,0,0,0,0,0,19102,18054,19026,19406,18258,18694,1318,1290,670,663,740,536,No
50000,Male,1,2,25,0,0,0,0,0,0,18595,18326,18814,19189,19233,19108,1310,1297,672,837,836,836,No
50000,Male,2,1,35,1,2,0,0,0,2,29273,29504,32007,34474,37905,38131,1000,3000,3000,4000,1000,10000,No
50000,Male,1,2,35,3,2,0,0,0,0,39437,38525,40809,33021,35479,36238,0,3000,2000,3000,1500,2000,No
190000,Female,1,1,39,2,2,0,0,0,0,171462,163148,165281,173231,132145,146854,0,10000,15000,10091,20000,10000,Yes
250000,Male,1,1,46,-1,2,-1,-1,-1,-2,5379,992,12738,2310,0,0,0,12738,2310,0,0,840,No
380000,Male,1,1,32,0,0,0,0,0,0,53369,73954,35199,31136,28839,14584,30307,5044,5036,5081,2022,2026,No
330000,Female,2,2,28,0,0,0,0,0,0,255834,258822,254855,258220,256058,256840,9425,9000,9174,9590,9500,9400,No
50000,Female,2,2,31,0,0,0,0,0,0,45861,47667,48119,8257,8037,9470,3687,5000,1000,309,2000,1000,No
20000,Female,2,2,50,1,2,2,2,2,2,5065,4840,6100,5856,6432,6182,0,1500,0,822,0,2540,Yes
70000,Female,1,2,28,0,0,0,0,0,0,53690,54374,47762,44487,45618,46706,2208,1800,2000,2000,2000,3000,No
160000,Female,1,2,31,0,0,0,0,0,0,160843,153543,157871,143690,134386,138038,6000,7225,5000,5000,5900,4992,No
240000,Female,2,1,34,-2,-2,-2,-2,-2,-2,6170,0,0,0,0,0,0,0,0,0,0,0,No
300000,Female,1,2,27,-2,-2,-2,-2,-2,-2,3102,1499,318,2488,187,607,1506,319,2488,187,607,1945,No
30000,Female,2,1,28,0,0,0,2,0,0,11692,14505,17262,16690,17763,18960,3000,3000,0,1500,1500,1500,Yes
390000,Female,1,2,32,0,0,0,0,0,0,22008,23645,24947,26223,27643,29025,2000,2000,2000,2000,2000,2000,No
20000,Female,2,2,40,0,0,0,0,0,0,6689,7723,8730,8936,8994,9244,1300,1294,500,350,400,400,No
330000,Female,1,1,44,0,0,0,0,0,0,234447,202747,180566,182604,186415,190303,8903,7903,6418,6633,6852,6910,No
420000,Female,1,2,29,-2,-2,-2,-2,-2,-2,4406,4595,-13,2666,1614,6066,4205,5000,2679,1622,6080,3594,No
200000,Male,1,1,63,-1,-1,-1,-1,-1,-1,316,316,316,316,316,316,316,316,316,316,316,316,No
70000,Male,2,2,29,0,0,3,2,0,0,61762,70242,68107,42630,12927,27184,9500,0,0,1570,15184,2000,Yes
180000,Female,2,1,40,0,0,0,-2,-2,-2,20831,1537,-43,-43,-43,-43,1000,0,0,0,0,0,No
260000,Female,3,3,55,0,0,0,0,0,0,185441,190942,194161,197287,172561,165409,10000,8000,7150,7057,7396,4060,No
250000,Female,1,2,32,-1,-1,-1,-1,-1,-1,165,165,165,165,165,315,165,165,165,165,315,130,No
140000,Male,1,2,29,0,0,0,0,0,0,137708,140804,137635,97928,99634,101020,5730,5200,3100,3200,3400,3300,No
40000,Female,2,2,24,1,2,0,0,2,2,36890,36023,36993,38427,39875,39272,0,1989,2423,2000,0,1000,Yes
50000,Female,2,1,36,0,0,0,-1,-1,-1,27433,12916,6509,4417,0,4331,1161,1000,5254,4166,8497,4679,No
210000,Female,2,1,37,0,0,0,0,0,0,162518,138078,134428,129871,131091,118405,8006,7009,5000,5000,17137,3863,No
180000,Female,2,1,33,0,0,0,0,0,-1,30781,31202,31188,32979,22526,13338,2000,1408,2979,2526,13338,15186,No
50000,Male,2,2,45,0,0,0,0,0,0,46090,48343,50157,18675,18542,17129,3000,3000,1008,1000,1000,1000,No
320000,Female,2,2,54,0,0,0,0,0,0,156238,156087,153054,79107,70043,71724,10000,10000,10000,2500,3000,3000,No
230000,Male,1,1,41,-1,-1,-1,-2,-2,-2,9360,9650,0,0,0,0,9650,0,0,0,0,0,No
160000,Female,2,1,40,-1,-1,-1,-1,-1,-1,671,671,671,671,671,1492,671,671,671,671,1492,0,No
110000,Male,2,2,25,0,0,0,0,0,0,99353,90517,78484,74652,75251,75643,3500,3500,3000,3000,2870,3000,No
250000,Female,3,1,39,0,0,0,0,0,0,18376,20070,21428,22757,24382,28768,2000,2000,2000,2000,5000,4000,No
20000,Female,5,2,37,0,0,0,0,0,0,6725,7843,10600,18660,7060,0,2000,3000,8060,0,0,0,No
170000,Female,1,2,28,0,0,0,0,0,0,12324,13467,14394,15249,15999,16753,1350,1158,1100,1000,1025,1512,No
60000,Female,2,1,42,0,0,0,2,2,2,56166,58022,61331,55566,59331,60569,2760,4941,0,4675,2361,0,Yes
20000,Male,1,2,24,-1,-1,-1,-1,-2,-2,10283,0,750,0,0,0,0,750,0,0,0,0,Yes
80000,Male,2,1,53,0,0,0,0,0,0,66484,59837,53367,48154,43214,44229,2731,2058,1700,1565,1730,1812,No
60000,Male,3,2,34,2,0,0,0,0,0,58501,59225,59592,58654,58664,59323,2300,2578,2039,2088,2767,1750,No
210000,Female,5,1,35,0,0,0,-2,-2,-1,84018,23953,0,0,0,239,2000,0,0,0,239,323,No
320000,Male,2,2,27,0,0,0,0,0,0,319069,323319,298072,180882,175560,131390,12661,11157,5730,5904,5890,2464,No
50000,Female,3,1,55,0,0,0,0,0,0,37234,37942,38003,11625,18442,9743,1963,2025,562,339,1200,600,No
10000,Male,2,3,37,0,0,-1,0,0,-2,8634,3192,1352,13352,0,0,1000,676,6000,120,0,0,No
50000,Male,2,2,51,0,0,0,0,0,0,48726,49050,49584,19791,18518,19078,2100,1600,700,670,866,618,Yes
140000,Female,2,1,33,0,0,0,0,0,0,133094,132777,131672,133496,128509,124035,5005,4603,5002,4505,4400,4300,No
50000,Female,2,1,38,-1,-1,-1,-1,-1,-1,588,588,926,643,643,643,588,926,643,643,643,643,No
80000,Male,2,1,36,2,2,4,4,3,2,600,600,600,600,300,150,0,0,0,0,0,1000,Yes
300000,Female,1,1,36,0,0,0,0,0,0,272899,254078,252427,254160,250645,245851,9251,10505,9157,9319,9600,8500,No
520000,Female,1,2,33,0,0,0,0,0,0,485298,499489,413019,168770,168964,191188,22000,18300,26500,30000,27000,25000,Yes
200000,Female,2,3,57,0,0,0,0,0,0,79761,79515,80592,86216,88071,90842,3500,3000,7000,3400,4400,6500,No
200000,Female,2,1,35,1,-2,-1,-1,-1,-1,0,0,5825,0,3217,8273,0,5825,0,3217,8273,5158,No
60000,Female,2,1,44,0,0,0,0,0,0,56970,58848,20641,22229,24708,27255,3000,2000,2229,3000,3000,3305,No
180000,Female,2,1,42,0,0,0,2,0,0,102449,104807,111048,107782,110879,113666,5500,9500,0,5000,5000,5000,No
120000,Female,2,2,24,0,0,0,0,0,0,32317,33496,34481,30102,30220,33523,2000,2000,2000,3000,6000,0,No
50000,Male,2,1,47,0,0,0,0,0,0,49032,48764,49521,48830,49728,50146,2599,2556,1665,1600,1800,2000,No
20000,Male,1,2,33,0,0,0,0,0,0,17593,38478,19703,19697,17303,1554,1472,1400,394,346,31,0,No
10000,Male,2,2,27,0,0,0,0,0,2,16944,8261,9252,9590,10129,8932,2296,1139,477,830,0,1241,Yes
520000,Male,1,2,34,0,0,0,0,0,0,9568,8211,6850,13178,17059,17528,5014,5010,13009,10035,10007,5025,No
500000,Female,1,1,33,-2,-2,-1,-1,-2,-1,125,-18088,1664089,121757,97115,377217,4366,1684259,121831,97670,379267,26759,No
50000,Male,2,2,24,0,0,0,0,0,0,50244,17987,18973,19369,19769,19385,1400,1301,700,700,700,700,No
200000,Female,2,1,29,0,0,0,0,0,0,61518,66541,53862,37056,19790,20842,25138,2569,793,49,15085,44701,No
360000,Female,1,2,36,1,-1,-1,-1,-1,-1,-8,2379,0,11850,150,459,2387,0,11850,300,459,52,No
400000,Female,1,1,48,-1,-1,-1,-1,-1,-1,5880,18368,591,13654,45363,2640,18368,591,13662,45363,2640,28663,No
90000,Male,2,2,30,-1,-1,-1,0,0,-1,370,370,922,552,182,312,370,922,0,0,500,600,No
90000,Female,2,2,29,-1,0,0,-1,2,0,917,2917,0,3708,3503,9097,2000,0,3708,0,5693,170,No
200000,Female,1,2,29,0,0,0,0,2,0,61099,64160,76593,93988,50292,10510,4160,14593,20150,0,5739,12050,No
150000,Female,1,1,38,-1,-1,-1,-1,-1,-1,110,564,13347,13155,10610,8394,567,13504,13221,10663,8436,2468,Yes
350000,Male,2,2,31,0,0,0,0,0,0,360347,357139,272072,267277,255680,261573,13100,10000,10000,8200,9000,9000,No
500000,Male,2,1,31,0,0,0,0,0,0,378886,382234,274586,273718,168418,167635,15057,11035,11035,7029,8035,10388,No
80000,Male,1,2,35,0,0,0,0,0,0,52065,55205,55900,55622,56295,61598,5000,2606,2200,2100,6679,1700,No
130000,Male,2,2,38,0,0,-2,-2,-2,-2,133400,0,0,0,0,0,0,0,0,0,0,0,No
100000,Female,3,2,31,0,0,0,0,-1,-1,85030,49489,50424,51563,780,0,1820,2308,3000,780,0,0,No
80000,Male,2,1,46,0,0,2,0,0,0,30773,38879,26128,29137,30283,30523,10036,15,5003,3003,2007,1007,No
50000,Female,2,2,24,0,0,2,0,0,0,18201,26525,12969,13758,14390,16571,14813,1000,1000,1000,3000,1000,No
80000,Female,1,1,50,1,-2,-2,-2,-2,-2,0,0,0,0,0,0,0,0,0,0,0,0,No
200000,Male,1,2,27,1,-2,-2,-2,-1,-1,0,0,0,0,1202,84482,0,0,0,1202,84482,3162,No
330000,Female,2,2,28,0,0,0,0,0,0,37637,38676,40786,41767,42501,43359,1500,2600,1500,1400,1400,1500,No
80000,Female,2,2,23,-1,-1,-2,-2,-2,-2,309,-77,-77,-270,-463,-656,0,0,0,0,0,0,Yes
30000,Female,3,1,60,0,0,0,2,0,0,11575,12351,13505,12677,12995,13443,1600,2000,0,1000,1000,1000,No
500000,Male,2,2,30,-1,-1,-1,-1,-1,-1,869,2496,1924,976,986,1200,2507,1933,980,990,1206,1069,No
60000,Female,1,2,26,-1,-1,2,-1,0,-1,3437,16932,2301,6220,2227,10416,16960,0,6227,0,10416,0,No
20000,Female,2,1,34,2,2,2,0,0,0,17151,16887,17302,18029,18362,18669,300,1000,1000,1000,1000,1000,No
180000,Female,2,2,28,1,-2,-2,-2,-2,-2,0,0,0,0,0,0,0,0,0,0,0,0,No
30000,Female,2,1,38,0,0,-2,-2,-2,-2,3656,0,0,0,0,0,0,0,0,0,0,0,No
200000,Male,1,1,45,-1,-1,-1,-1,-1,-1,577,0,2470,0,1350,1006,0,2470,0,1350,1006,0,No
320000,Female,1,2,32,-2,-2,-2,-2,-2,-2,3916,2872,4704,3382,2575,8097,2886,4732,3398,2588,8137,2474,No
200000,Female,1,2,30,-1,-1,-1,-1,-1,-1,665,2618,963,1459,1028,878,2618,963,1459,1028,878,878,No
170000,Male,2,2,41,-2,-2,-2,-2,-1,-1,6175,7404,7829,2218,3972,3643,7417,7862,2218,4866,3643,2732,No
50000,Male,3,1,42,0,0,0,0,0,0,47838,49246,50376,9408,9605,9806,2180,2310,336,348,360,349,No
20000,Female,2,3,52,0,0,2,0,0,0,8586,10041,10571,10995,11169,11979,1600,1000,600,500,1000,500,No
580000,Female,1,1,31,0,0,0,0,0,0,484798,475282,485511,488800,500723,511905,19000,20036,20000,20000,20056,16987,No
80000,Female,3,2,25,0,0,0,0,0,0,80012,78748,76722,70370,64510,51695,3010,2700,2300,2500,2000,1400,No
50000,Female,1,1,38,0,0,-1,-1,-1,-1,19926,21658,3445,99,949,137,4158,3500,1000,1000,200,900,Yes
30000,Male,2,2,31,0,0,0,0,0,0,26788,28352,86253,28351,28571,23400,2001,1600,600,1000,468,0,No
50000,Female,2,1,31,0,0,0,0,0,0,45614,44187,29253,14199,14965,15712,2450,2100,1000,1000,1000,1000,Yes
20000,Male,3,2,25,2,2,4,4,4,4,1650,1650,1650,1650,1650,1650,0,0,0,0,0,0,Yes
100000,Female,2,1,41,2,0,0,0,0,0,71978,73715,74621,72567,77231,78780,3500,2800,3000,6000,3000,2000,No
80000,Male,3,2,48,0,0,0,0,0,0,80002,80433,80081,29437,29195,28675,3500,3500,1205,1200,1100,1018,No
40000,Female,3,1,48,2,2,-1,-1,-1,2,780,0,390,540,1080,540,0,390,540,1080,0,780,No
10000,Male,3,2,31,0,0,2,0,0,0,10119,10188,9089,9271,9618,8516,3000,0,295,459,1500,2000,No
200000,Female,1,1,41,-1,-1,-1,0,0,-1,10529,1936,25483,16767,19941,19665,1940,25513,4767,7541,19665,5633,No
140000,Female,3,2,23,0,0,0,0,0,0,100448,103990,104462,43810,44434,45251,5450,4200,1810,1765,2000,1665,No
340000,Female,1,1,34,0,0,0,0,0,0,76786,57803,68670,20299,27816,43637,39749,15000,12000,10000,20000,5400,No
220000,Male,1,2,28,2,0,0,2,2,2,205130,212060,225462,116915,116021,114001,9975,19254,0,8500,0,8000,Yes
80000,Female,1,2,23,1,2,0,0,2,2,80461,78259,66068,50748,51490,50626,37,2122,3600,1600,18,1800,Yes
20000,Male,3,2,24,0,0,0,0,0,2,12188,12904,14217,14360,16140,16287,1220,1533,676,2177,559,0,Yes
100000,Female,2,1,48,1,2,2,2,-1,-1,7828,7260,430,0,860,430,430,0,0,860,430,1166,No
150000,Male,2,1,39,1,-2,-2,-1,-1,-2,-7,4422,367,3287,0,0,4429,367,3691,0,0,0,No
360000,Male,2,2,27,0,0,0,0,0,0,160317,163699,167112,170691,174289,178008,4700,4800,5000,5000,5200,4100,No
60000,Female,2,1,37,0,0,0,0,0,0,57694,58656,59750,60602,53838,54609,2800,3000,2800,2100,2123,2100,No
500000,Male,1,1,34,-1,-1,-1,-1,-1,-1,1895,1086,740,0,1868,1883,1086,740,0,1868,1883,621,No
230000,Female,2,2,30,0,0,0,0,0,0,74664,63540,66131,58430,72617,66787,3000,10000,10000,20145,11745,686,No
160000,Female,2,2,33,0,0,0,0,0,0,140225,140745,139923,140815,139935,138912,5211,5000,5000,5000,5000,6000,No
20000,Male,1,2,26,0,0,0,0,0,0,14554,15273,16616,16643,17372,18070,1260,1600,600,1000,1000,1000,No
230000,Male,2,1,34,0,0,0,0,0,0,131887,133440,134272,136281,138687,118873,5005,5007,5000,5008,5000,4005,No
50000,Female,3,2,23,0,0,0,0,0,0,33239,33199,33757,23332,23782,16816,6010,5008,3013,5035,5001,5002,No
500000,Female,2,1,52,-1,-1,-1,-1,-1,-1,7593,8660,0,30498,1174,0,8677,0,30498,1174,0,800,No
80000,Female,3,2,30,2,0,0,2,2,2,71165,72123,76696,79659,80079,79657,2700,5800,4800,1800,1000,2800,No
50000,Male,3,3,55,0,0,0,0,0,0,45555,41372,41544,13007,16233,14952,1968,1843,434,5000,582,679,Yes
20000,Male,2,2,29,1,2,0,0,0,0,20832,20203,19946,19037,19233,14764,0,1289,491,2586,5000,198,No
200000,Female,1,1,40,-2,-2,-2,-2,-2,-2,6549,9389,18475,1016,4934,7749,9421,14068,3,4948,7770,23918,No
100000,Female,2,1,44,0,0,0,0,0,2,39000,40123,41217,42193,44722,44024,1900,1900,1800,3200,0,2000,No
450000,Male,2,1,44,-1,-1,-1,-1,-1,-1,3004,5938,3700,14327,14890,6687,5971,3712,14347,14903,6707,25963,No
10000,Male,3,1,40,1,2,2,3,2,2,7229,6968,8881,8594,8312,9241,0,2035,0,0,1069,1000,Yes
190000,Male,1,2,33,0,0,0,0,0,0,137502,127014,120826,112211,110396,113386,6112,4202,4200,4200,5000,4200,No
30000,Female,1,2,30,0,0,0,0,0,0,32751,33804,31336,32389,33142,33999,1600,2000,1500,1200,1330,2500,No
360000,Female,1,2,28,-2,-2,-2,-2,-2,-2,23088,11628,8556,4578,4784,11938,12000,8598,4601,4808,11997,3708,No
50000,Female,2,2,28,0,0,0,0,0,0,19969,27267,19833,24014,27429,29189,8000,3302,5000,6500,10000,20000,No
240000,Female,1,1,41,-1,0,0,0,0,0,10839,16665,13039,9439,11378,13046,10000,3500,0,5000,5000,5000,No
150000,Male,2,2,26,0,0,0,0,0,0,144614,146446,122634,74711,76532,76452,6700,3764,2700,3000,3000,2800,No
150000,Male,2,2,44,0,0,-2,-2,-1,-1,143650,0,0,0,1000,0,0,0,0,1000,0,5000,No
20000,Male,2,2,23,1,2,0,0,0,0,17682,18595,19447,19312,17987,17822,1500,1500,1000,1000,1000,1000,No
50000,Male,1,2,24,-1,-1,-1,-1,-1,-1,390,0,672,-108,2830,0,0,672,0,2938,0,0,Yes
40000,Female,2,1,38,0,0,0,0,0,0,38491,36881,37968,36155,36933,37666,3000,2000,1500,1500,1500,2000,No
20000,Male,1,2,25,1,2,3,2,0,0,16688,18427,17843,17259,17781,18034,2300,0,0,800,700,800,Yes
150000,Female,1,2,29,1,-2,-2,-2,-2,-2,0,0,0,0,0,0,0,0,0,0,0,0,No
50000,Female,2,1,48,-1,-1,2,-1,-1,-1,1079,7179,6478,7527,3060,1490,7651,0,7535,3060,1490,1095,No
50000,Female,3,1,44,1,-1,-1,-1,-1,-1,-42,26267,26372,7490,5155,0,26309,26479,7490,5155,0,12754,Yes
50000,Male,3,2,24,0,0,0,0,-1,-1,7198,8421,9202,9800,1000,0,1500,1000,598,1000,0,0,Yes
200000,Male,1,2,37,2,2,2,2,2,2,157131,166590,168386,164182,169029,172084,13500,6000,0,7500,6000,4000,Yes
120000,Female,3,1,38,0,0,0,0,0,0,117738,120127,119719,118042,120682,120491,5820,5670,4250,4450,4470,4150,No
90000,Male,2,2,28,2,0,0,0,2,2,18978,20675,23329,24940,24404,27227,2000,3000,2000,0,3400,0,Yes
30000,Female,1,2,24,-1,-1,-1,-1,-1,0,784,390,7480,0,1803,1023,390,7480,0,1803,0,0,No
70000,Male,1,2,29,-1,-1,0,-1,2,-1,2343,14336,13155,3929,1953,967,15000,4000,4000,0,1000,1000,No
490000,Female,2,1,52,-1,-1,-1,-1,-1,-1,2779,22595,755,7000,0,4341,22595,762,7000,0,4341,1061,No
50000,Male,3,1,39,-1,-1,-1,-1,-1,-1,2522,0,2866,1961,1261,2681,13196,2866,1961,1261,2681,1261,No
320000,Male,2,1,55,0,0,0,0,0,0,235477,216433,203354,117272,38591,28400,11000,8600,5000,1900,960,2500,No
50000,Female,1,2,27,1,2,2,0,0,2,12884,14382,13859,14032,14852,14464,2000,0,700,1200,0,1365,Yes
500000,Female,2,2,49,-1,-1,-1,0,0,-1,27891,8970,385228,391047,0,150,8982,385228,7821,0,150,363,No
500000,Male,1,1,58,-1,-1,-1,0,-1,-1,7285,28390,13138,6653,7081,4651,28730,14587,28,7114,4672,3114,No
50000,Male,1,2,34,0,0,0,0,0,0,48559,47008,15435,10235,9119,8237,2573,2000,500,459,500,500,No
130000,Female,3,1,36,0,0,2,2,2,2,23997,26733,26942,26210,27982,27383,3440,941,0,2197,0,910,Yes
150000,Female,3,2,27,0,0,2,0,0,0,3081,7997,8710,9559,10401,11069,5000,1000,1000,1000,1000,1398,No
50000,Female,1,2,25,0,0,0,0,0,0,43875,45052,44938,40655,40930,40146,2200,2000,2000,2000,3000,3000,No
410000,Male,1,1,48,0,0,0,0,-1,-1,231152,238985,243779,250399,5194,-376,12000,10000,7250,5225,0,1436,No
60000,Female,5,2,33,0,0,0,0,0,0,52176,39107,39547,39555,40216,41039,2000,2000,1500,2000,2200,2000,No
150000,Male,3,1,45,-1,0,-1,-1,-1,-1,29169,15000,15000,0,15000,0,1000,15000,0,15000,0,0,No
260000,Female,2,1,43,-2,-2,-2,-2,-2,-2,690,2500,0,0,0,0,2500,0,0,0,0,0,No
230000,Male,1,1,40,-2,-2,-2,-2,-2,-2,0,0,0,0,0,0,0,0,0,0,0,0,No
50000,Male,2,3,49,0,0,0,0,2,0,24282,23470,23297,22546,19563,20227,1500,1500,2150,0,1000,1000,No
230000,Female,1,2,23,-2,-2,-2,-2,-2,-2,61580,62272,1462,622,1083,622,2862,1462,622,1083,622,872,No
280000,Female,1,1,44,0,0,0,0,0,0,235635,197003,198808,187425,177340,180506,7665,6497,5555,5027,5065,5361,No
500000,Male,2,2,67,-1,-1,-1,-1,-1,-1,4410,2662,2533,1821,2498,3622,2681,2547,1826,2505,3630,3099,No
30000,Male,2,1,38,0,0,0,0,0,0,29723,30428,26558,27265,27953,28456,2000,2000,1500,1500,1500,1500,No
330000,Female,2,1,31,0,0,0,0,0,0,298644,297005,303257,302905,304151,299959,13000,13000,11000,11100,11000,16000,No
180000,Male,1,1,50,0,0,0,0,0,0,181624,182765,180769,141352,142078,141695,9021,6126,4856,4990,5133,5002,No
30000,Male,2,2,47,3,2,2,0,0,0,29774,30797,29216,29681,29321,28068,1800,0,1200,1000,1046,904,Yes
200000,Male,1,2,36,-1,-1,0,0,0,0,1801,9483,60571,57990,9568,82,9556,60025,5032,5054,5000,3000,No
80000,Female,3,1,41,0,0,0,0,0,-1,52456,20925,15115,12465,6925,6049,11500,3000,4000,1260,6100,0,No
80000,Male,2,2,25,0,0,0,0,0,0,31780,33261,34703,36125,38374,39382,2000,2000,2000,3000,1800,2000,Yes
100000,Female,1,2,27,-1,-1,-1,-1,-1,-1,3904,398,931,5983,2010,1413,400,931,5983,2010,1413,3655,No
300000,Male,1,1,54,-2,-2,-2,-2,-2,-2,0,0,0,0,0,0,0,0,0,0,0,0,No
240000,Female,1,1,58,1,-1,-1,-1,-2,-1,0,222,1900,0,0,5435,222,1900,0,0,5435,7000,Yes
50000,Female,2,1,49,-1,-1,-1,-1,-1,-1,12515,9115,1198,198,1198,11198,9115,1198,198,1198,11198,29358,Yes
50000,Female,3,1,50,0,0,2,0,0,0,35415,38940,36319,22538,23013,23465,6960,0,1000,1000,1000,1000,No
100000,Male,2,1,42,0,0,2,2,2,0,17565,19700,18306,18239,17053,16753,3183,0,1274,0,754,700,No
110000,Male,3,2,40,0,0,0,0,0,0,84965,85007,84965,79625,79370,81134,3280,2913,2790,2851,3053,2458,No
180000,Female,2,1,40,0,0,0,0,0,0,23820,22749,21221,18190,17919,18402,2005,2000,2004,2500,3000,4000,No
140000,Female,2,2,26,0,0,0,0,0,0,140881,136889,140615,78486,48476,50509,8140,8000,4000,1917,3000,3000,No
80000,Male,2,2,28,-1,0,0,0,0,0,77701,19577,22033,57522,58939,60790,2000,2800,36000,2500,3000,5000,No
90000,Female,1,2,26,-1,-1,-1,-1,-1,-1,17018,3692,5037,5899,4129,17246,3692,5037,5899,4129,17246,4221,No
90000,Male,3,1,45,2,0,0,-1,-1,-2,37681,27664,18037,1696,-4,2889,1519,5035,6700,0,2893,304,Yes
240000,Female,2,2,41,0,0,0,0,0,0,188983,190556,189914,190434,179424,183299,7106,12014,6075,5900,5900,5500,No
150000,Male,1,1,41,1,-2,-1,-1,-1,-2,-200,-200,1600,5431,0,0,0,1800,5431,0,0,0,No
240000,Female,1,2,33,-1,0,0,0,0,0,153062,156122,159998,161434,163403,167230,7000,8000,7000,6000,8000,7000,No
80000,Male,3,2,34,0,0,0,0,0,0,78562,56877,57761,58707,56220,60463,2100,2100,2100,2100,5500,5200,No
110000,Female,2,1,42,2,2,2,2,2,0,28383,27653,29003,29447,27701,28285,0,2000,1000,0,1000,1000,No
360000,Female,2,1,42,-2,-2,-2,-2,-2,-2,18186,7954,11609,10070,5079,4086,9548,11624,10070,5079,4086,1190,No
150000,Male,4,2,30,0,0,0,0,0,0,175348,153679,110237,46972,29045,20105,9304,2921,15000,1137,600,0,No
80000,Male,1,1,53,0,-1,0,0,0,0,2783,1108,21400,21000,21000,0,1200,21000,0,0,0,0,No
140000,Male,2,1,47,3,3,3,2,0,0,192182,187720,189659,185477,189351,193122,0,6500,0,6497,6536,6760,Yes
50000,Male,2,1,40,0,0,0,0,0,0,15090,16421,17144,17636,17850,18212,1577,1300,777,647,658,811,No
20000,Female,3,1,36,1,2,0,0,0,0,17216,17541,18300,19100,2200,0,900,1200,1000,100,0,0,No
240000,Female,1,1,29,0,0,-1,0,0,0,21409,17833,194043,194991,192800,178318,1000,194043,6530,7000,7000,10000,No
50000,Male,1,2,49,0,0,0,0,0,0,47754,48648,8868,9044,9234,9418,2280,1500,323,335,337,500,No
380000,Male,1,1,57,0,0,0,0,0,0,319243,357782,374313,371566,362232,352161,150039,30031,27403,15168,35235,25078,No
50000,Female,2,1,31,1,2,2,2,0,0,23781,24900,25098,24396,25310,25740,1800,900,0,1310,1000,1000,No
160000,Female,2,1,36,-1,-1,-1,-1,-1,-1,2511,2242,6109,2500,2689,0,2242,6745,2500,2689,0,0,Yes
80000,Female,3,2,31,0,0,0,2,2,2,34620,35759,40020,40766,39982,44621,2000,5200,1700,0,5500,0,No
70000,Female,2,2,28,1,2,2,2,0,0,70736,72014,72215,70779,62525,71427,3000,2200,0,3000,10000,10000,Yes
100000,Female,3,1,28,3,4,3,2,0,-1,110946,106423,101256,48876,28468,3875,0,0,0,1603,3875,55,Yes
180000,Male,2,2,38,2,2,0,0,0,-2,21564,20939,22182,12382,-18,-18,0,2100,200,0,0,0,Yes
360000,Male,3,1,53,-1,-1,-1,-1,-1,-1,45421,68526,47416,48811,193712,80601,68536,47427,48846,193712,80601,11166,No
230000,Male,1,2,39,-1,-1,-1,2,-1,-1,834,-150,517,53,603,10141,0,667,0,700,10200,5200,No
190000,Female,2,1,48,0,0,0,0,0,0,210612,206806,203803,167103,163528,162555,7496,9144,5972,5858,6174,6047,No
30000,Female,2,2,25,-1,2,2,0,0,0,4471,5747,5509,6260,7654,8522,1500,0,1000,1500,1000,800,No
150000,Female,3,2,25,1,-2,-2,-1,-1,-1,0,0,0,900,0,583,0,0,900,0,583,2000,No
80000,Female,2,2,34,1,-1,-1,-2,-2,-2,0,7400,-600,-600,-600,-600,7400,0,0,0,0,0,No
80000,Male,2,1,37,2,2,2,2,0,0,81562,56352,29582,28852,29464,28688,11,3500,0,1033,1502,2002,Yes
180000,Female,3,1,43,-2,-2,-2,-2,-2,-2,1242,0,0,0,0,0,0,0,0,0,0,0,No
350000,Female,1,2,33,-2,-2,-2,-2,-2,-2,-2,-2,-2,-2,-2,-2,0,0,0,0,0,940,No
200000,Female,3,1,30,-1,-1,2,-1,-1,-1,1120,1100,740,740,890,740,1100,0,740,890,740,740,No
140000,Male,2,2,27,0,0,0,0,0,0,24050,68059,62503,61129,59089,58160,50000,3000,4000,5000,4000,2000,No
20000,Male,1,2,25,0,0,-1,-1,-2,-2,2652,3127,1500,0,0,0,1200,1500,0,0,0,1632,Yes
20000,Female,3,3,55,1,2,3,2,2,2,18558,20358,19743,19128,20560,20082,2400,0,0,1744,0,600,Yes
220000,Male,1,2,37,0,0,0,0,0,0,34339,35075,32355,31573,51279,53590,1294,2000,2000,30000,3000,2000,No
290000,Female,1,2,36,1,2,2,2,2,0,170422,173840,169476,177186,161057,163338,7594,0,12000,0,6818,5182,Yes
80000,Female,3,1,40,0,0,0,0,0,0,29676,30707,31721,32350,33031,33926,1513,1527,1156,1200,1445,3700,No
16000,Female,2,1,48,2,2,0,0,0,0,4577,4358,5366,5473,5750,6995,0,1089,196,365,1500,0,No
100000,Female,2,1,33,0,0,0,0,0,0,82308,83994,85688,86643,88280,90054,3261,3307,2581,2502,2525,2600,No
550000,Female,1,2,35,0,0,0,0,0,0,83707,49676,49196,37784,35317,7433,3023,5070,3017,7148,2037,14243,No
80000,Female,2,2,31,0,0,0,0,0,0,81358,69913,71541,72541,54061,55136,3126,3391,3000,2000,1974,2043,No
20000,Female,2,1,27,0,0,-1,-1,-2,-2,7286,2160,780,0,0,0,1006,780,0,0,0,0,No
20000,Female,2,2,21,0,-1,-1,-2,-2,-2,20000,1685,0,0,0,0,1685,0,0,0,0,0,No
100000,Female,3,2,29,-2,-2,-2,-1,-1,-1,2038,11383,1661,1891,3681,870,11386,1665,1894,3689,870,1755,No
80000,Female,3,1,47,0,0,0,0,0,0,33590,34524,34038,33231,33440,5513,2079,1200,0,816,365,5000,No
30000,Male,1,2,33,2,2,2,2,2,2,27274,25744,27504,26987,26927,25553,0,3000,1000,1300,0,1000,Yes
140000,Male,3,2,23,-1,-1,-1,-1,-1,-1,390,390,390,1434,1309,540,390,390,1434,1309,540,540,No
200000,Male,2,2,32,0,0,0,0,0,0,180461,171839,173325,153953,144206,143178,8300,10000,6000,6000,6000,4500,No
290000,Male,1,2,41,0,0,0,0,0,0,255049,247090,242309,238609,238712,237847,9006,8507,10902,8600,8671,8210,No
50000,Male,2,2,23,0,0,-1,0,0,-1,96234,44882,1270,880,390,390,1052,1270,0,0,390,0,No
260000,Female,1,2,28,1,-2,-1,-1,-2,-2,0,0,355,2165,2165,0,0,355,2835,335,335,335,No
280000,Male,1,1,34,0,0,0,0,0,0,212968,312960,373419,232919,228387,235187,237000,150000,10000,150000,10572,7313,No
100000,Female,1,2,36,0,0,2,0,0,2,10672,11025,5791,3623,5554,5309,2355,0,500,2000,0,1000,No
290000,Female,3,1,48,-1,0,0,-1,-1,-1,284990,274764,225000,16635,15000,47143,10000,25000,16635,15000,47143,2088,No
50000,Male,3,1,49,0,0,0,2,0,0,10644,12163,14147,13626,15194,16929,2000,2500,0,2000,2000,2000,No
150000,Male,1,2,66,0,0,0,2,2,2,131027,135519,147692,149166,151934,137885,6600,16200,5200,5110,0,5300,No
390000,Female,1,1,39,-2,-2,-2,-2,-2,-2,48417,15530,112316,114797,131601,130295,2000,97472,4000,20000,31667,6539,No
290000,Female,2,1,55,1,-2,-1,-1,-1,2,0,166,2462,-150,1134,777,166,2462,150,1833,0,500,Yes
180000,Male,2,2,34,0,0,0,0,0,0,22387,23453,20171,20245,20769,23770,1500,1500,1000,1000,3490,1000,No
80000,Female,1,2,31,-1,-1,-1,-1,-1,2,14401,4374,15020,4233,5934,158,4374,15037,4233,6092,0,13391,No
450000,Female,1,1,42,-1,-1,-1,-1,-1,-1,72517,0,6281,3446,6157,0,0,6281,3446,6157,0,14380,No
20000,Male,2,2,37,0,0,0,0,0,0,20009,20602,21255,19105,19609,19283,1700,1600,1200,1000,900,1000,No
80000,Male,1,2,25,0,0,0,0,0,0,31443,26358,20050,10850,4204,0,1800,1621,0,0,0,0,No
100000,Female,2,2,36,0,0,0,0,0,0,87656,90341,92244,93316,95158,97776,5000,4300,3500,3500,4200,4500,No
70000,Male,3,1,39,0,0,0,0,0,0,58665,55845,55362,39615,40477,43295,6852,2010,1500,1500,3500,2000,No
330000,Male,3,1,49,0,0,0,0,0,0,217148,218414,216225,181352,181172,179835,7849,7919,6198,6525,6523,6122,No
200000,Male,1,2,30,-2,-2,-1,-1,-2,-1,1488,2493,5261,993,2494,3890,2505,5268,996,2501,3896,5189,No
30000,Male,1,2,36,0,0,0,0,2,2,27748,24640,51026,27400,26823,28621,1500,1500,4200,0,2252,0,No
200000,Female,3,1,69,2,2,2,2,2,-2,2500,2500,2500,2500,0,0,0,0,0,0,0,0,Yes
80000,Female,1,2,27,-1,-1,-1,-1,-2,-2,5060,0,3885,0,0,0,0,3885,0,0,0,860,No
340000,Female,1,2,40,0,-1,0,-1,-1,2,68616,6691,10961,8722,4776,2812,7355,10012,8740,4776,0,6000,No
20000,Female,2,2,56,0,0,0,0,0,0,17091,17596,15524,14807,13667,16271,3000,3006,3506,3500,7011,7125,Yes
130000,Female,1,2,29,2,0,0,0,0,0,126509,109944,105049,68154,67397,61764,6000,6000,5000,2500,3000,3000,No
200000,Female,2,1,29,0,0,0,0,0,0,34391,26945,26349,26925,27841,29368,1507,1427,1003,2000,2000,1060,No
80000,Female,2,1,47,0,0,-1,-1,-2,-2,4762,3235,1970,0,0,0,1000,1970,0,0,0,0,No
50000,Male,3,1,39,0,0,0,0,0,0,26979,21029,18765,19145,19229,19026,1328,1298,678,687,691,700,No
30000,Female,1,2,25,0,0,0,0,0,0,19783,20959,22269,22601,23085,23646,1500,1668,1000,1000,944,762,No
500000,Male,1,2,33,-1,-1,-1,-1,-1,-1,3933,5924,39167,4683,7222,35746,5954,39373,4706,7259,35924,5750,No
80000,Male,1,2,27,-1,-1,-1,-1,-2,-1,6544,4924,1990,0,0,4350,4924,1990,0,0,4350,0,No
120000,Male,2,1,40,0,0,0,0,0,0,94166,73086,62511,36996,30311,26414,3500,2347,5000,3000,2000,10000,No
390000,Male,1,1,33,0,0,0,0,0,0,17794,23518,28139,32711,36215,40650,6000,5000,5000,4000,5000,8883,No
30000,Male,3,1,52,0,0,0,0,0,0,28889,30050,29797,18464,12235,0,2002,1025,1230,1042,0,0,No
70000,Female,1,2,30,0,-1,-1,2,0,0,6749,64626,47161,27534,26660,27022,64626,3000,0,946,1424,1000,No
140000,Male,3,2,39,0,0,0,0,-1,-1,115940,100572,10776,10776,1059,0,10000,1000,0,1059,0,0,No
30000,Female,2,1,27,0,0,0,0,0,0,52636,27761,28791,29078,30125,8941,3164,1615,902,1374,767,849,No
190000,Female,2,2,25,1,-2,-1,0,0,-1,0,0,2251,2251,497,7681,0,2251,0,600,9289,6374,No
200000,Female,1,1,41,0,0,0,0,0,0,30689,31895,32808,28298,26538,24645,5003,5000,5000,2000,5000,3000,No
30000,Female,2,2,24,0,0,2,0,0,2,5807,7153,7877,8591,10302,10006,1600,1000,1000,2000,0,1500,No
150000,Male,2,1,29,0,0,0,0,0,0,46625,66174,81085,75300,77276,64065,30151,40104,10013,5083,1819,4793,No
500000,Male,1,1,34,-2,-1,-1,-1,-1,-1,33348,90852,42389,19238,34750,21464,90889,42398,19244,34750,21464,28557,No
20000,Female,1,2,23,0,0,0,2,0,0,17229,17591,17750,17175,18716,18782,1300,2180,0,1818,1000,680,No
280000,Male,2,2,30,2,2,2,2,2,0,110550,113877,115223,116930,112607,95949,6600,4700,5100,0,4200,3000,No
80000,Male,3,2,24,1,-1,-1,-1,-1,-1,0,832,416,416,416,416,1248,416,416,416,416,416,No
200000,Male,1,2,27,1,-2,-1,0,-1,-1,0,0,6331,6460,630,500,0,6331,129,630,500,0,No
30000,Female,3,1,60,0,0,0,0,0,0,27331,27171,28491,28091,28664,0,2000,2000,0,573,0,0,No
30000,Female,2,1,24,0,0,0,0,0,0,22280,23671,24233,22893,3332,3400,1748,1310,490,67,68,0,No
380000,Female,2,1,35,-1,-1,-1,-1,-1,-1,2661,2022,1823,1823,1823,1198,2022,1823,1823,1823,1198,2068,No
260000,Female,2,2,26,0,0,0,0,-1,-1,164351,164244,158124,62373,746,-45734,7000,5115,2000,746,5025,54836,No
50000,Male,2,2,22,1,2,0,0,0,0,50043,98450,48689,19773,19931,19237,1000,2000,900,900,1000,1000,No
90000,Male,3,1,53,0,0,0,0,0,0,99905,87296,90388,56087,27055,22320,3763,5150,1100,977,1202,3495,No
20000,Male,2,1,40,1,2,2,0,0,0,15919,16939,16374,16604,16837,17357,1570,0,800,650,800,1000,No
10000,Male,2,2,27,1,-1,0,0,0,0,-2000,2475,4428,6368,9046,10000,4475,2000,2000,2780,2000,0,No
400000,Female,2,1,44,1,-2,-1,-1,-1,-1,0,0,1228,3405,961,-251,0,1228,3405,961,0,0,No
300000,Female,1,2,32,-2,-1,-1,-2,-2,-1,2081,1925,1656,1756,1776,3414,1925,1656,1756,1776,3414,109,No
150000,Female,5,1,25,-2,-1,-1,-1,0,0,1072,963,3271,16741,8230,6517,1321,3271,16741,0,3885,11970,No
50000,Female,2,2,33,0,0,0,0,0,0,51444,52607,48083,30205,29747,30042,2000,1500,1690,1200,1200,992,No
100000,Female,2,2,25,2,2,0,0,0,0,101827,99365,100349,72391,72396,72668,0,3927,2700,2800,3000,3000,Yes
150000,Female,2,1,38,-2,-2,-2,-2,-2,-1,0,0,0,0,0,150,0,0,0,0,150,810,Yes
110000,Male,2,2,34,0,0,0,0,0,0,111576,102942,99241,73151,64731,66025,4100,3680,2511,2350,2370,2610,No
100000,Female,2,2,28,0,0,0,0,0,0,106750,76374,68584,66901,63261,64409,3004,47000,2540,3000,3000,3000,No
50000,Male,2,1,33,0,0,0,0,0,0,21460,12570,13530,14876,14157,18888,1300,1200,5000,1000,5000,8000,Yes
80000,Male,1,2,29,0,-1,-1,-1,-1,-1,6228,589,390,390,390,383,589,390,390,390,383,2390,No
210000,Female,1,2,25,-1,-1,-1,0,0,0,4576,1837,141555,140550,153587,153278,1837,141555,4272,20150,6000,9749,No
140000,Female,3,1,60,0,0,0,0,0,0,137730,137498,137187,136807,136631,136080,4990,4975,4897,5029,4792,4987,Yes
110000,Female,2,2,36,0,0,0,0,0,0,48120,44723,37745,34519,29541,42400,5000,2000,2000,2000,16468,3000,No
100000,Female,3,2,48,-2,-2,-2,-2,-2,-2,2422,894,0,0,1639,923,894,0,0,1639,923,0,No
50000,Male,2,1,24,0,0,0,0,0,0,17961,18689,19284,19517,19193,18848,1700,1600,1200,1000,1000,1200,No
90000,Female,2,1,35,0,0,0,0,0,0,82164,77060,76589,62892,58326,59491,2926,3571,2381,2083,2100,1976,No
100000,Female,2,1,30,2,2,2,2,2,2,29778,30678,31154,31625,31059,33123,1600,1200,1200,0,2500,1300,Yes
140000,Female,2,1,62,0,0,0,0,0,0,142250,142172,141738,141524,141845,142150,5200,5100,5000,5200,5100,5200,No
230000,Female,1,2,33,0,0,0,0,0,0,172567,174987,133263,114889,117139,120252,7000,6000,4500,4000,5000,4500,No
20000,Female,2,2,25,0,0,0,0,0,0,19223,18206,19195,38040,20009,20138,1293,1397,836,1653,565,206,Yes
230000,Female,3,2,38,0,0,0,0,0,0,14887,23751,52698,101007,103598,150430,10000,30000,50000,4691,50000,4000,No
150000,Male,2,2,26,-2,-2,-2,-2,-2,-2,3627,0,0,0,0,0,0,0,0,0,0,0,Yes
20000,Male,2,2,24,0,0,0,0,0,0,10534,8864,6741,3820,16945,17509,1300,1305,500,13500,1000,1500,No
120000,Female,3,1,35,0,0,0,0,0,0,27666,28036,29555,28458,29129,29700,1500,2000,1000,1500,1500,1500,No
30000,Female,3,1,58,1,2,2,2,3,2,24921,26225,25502,28588,27616,27903,2000,0,3509,0,1128,0,Yes
220000,Male,1,1,42,1,2,0,0,0,0,59932,57477,54788,54468,51920,49016,0,2421,1964,2000,2000,1600,No
250000,Male,1,1,41,-1,-1,-1,-1,-1,-1,9146,10906,4614,28790,4418,10676,10957,4614,28796,4418,10676,0,No
80000,Male,2,1,34,0,0,0,-2,-2,-2,11460,16000,0,0,0,0,5000,0,0,0,0,0,No
130000,Female,2,1,37,1,-2,-1,-1,-1,-1,0,0,306,3670,1473,5555,0,306,3670,1473,5555,1473,No
400000,Male,3,1,43,-1,0,0,0,0,-1,145801,134269,100229,57583,8556,316,6100,26621,6600,406,316,316,No
150000,Female,2,2,28,0,0,0,0,0,0,103227,105462,109160,109859,112314,114614,3900,5450,4000,4227,4321,5000,No
230000,Female,3,1,58,-2,-2,-2,-2,-2,-2,316,316,2310,316,316,316,316,2310,316,316,316,316,Yes
70000,Female,3,2,24,0,0,0,0,0,0,75894,70947,59783,18965,15936,1518,10004,3012,1000,1000,1518,20911,No
90000,Female,1,1,38,-1,-1,-1,-1,-1,-1,380,2132,0,1066,1752,569,2132,0,1066,1752,569,2132,No
30000,Female,3,2,49,0,0,2,0,0,0,27838,30715,29322,28015,28610,28884,3330,0,1148,1195,910,1000,No
30000,Male,2,1,49,3,2,2,2,2,2,26319,27404,27769,28227,28642,28042,1800,1100,1200,1000,0,2200,No
250000,Female,1,2,26,-2,-2,-2,-2,-2,-2,1245,712,0,0,0,0,712,0,0,0,0,0,No
30000,Female,2,2,23,1,-1,-1,-2,-2,-1,-1,604,0,0,0,359,605,0,0,0,359,0,No
150000,Female,2,1,27,-2,-2,-2,-2,-2,-2,929,0,0,0,0,0,0,0,0,0,0,0,No
400000,Female,1,2,48,-1,-1,-1,0,0,-1,24478,10841,53336,25017,16039,38994,10846,53383,16044,0,39727,0,No
30000,Female,2,1,52,0,0,0,0,-1,-1,20533,20819,21990,15525,25242,0,2000,2000,5000,25242,0,5000,Yes
270000,Female,1,2,50,-1,-1,-1,-1,0,-1,3095,2340,0,1250,2250,178,2340,0,1250,1000,178,1772,No
360000,Male,3,1,37,-1,-1,-2,-2,-2,-1,303,0,0,0,0,860,0,0,0,0,860,0,No
80000,Female,2,1,23,2,0,0,0,0,0,82628,134880,67325,68652,70388,76743,2500,2404,3000,2800,7700,0,Yes
70000,Female,2,2,33,0,0,0,0,0,2,14320,15383,16318,17048,18772,18320,1600,1500,1000,2000,0,1000,No
50000,Female,1,2,29,0,0,0,0,0,0,41897,17304,16544,14787,15975,17098,4000,2000,3000,3000,3000,3000,No
220000,Female,2,2,38,0,0,0,0,0,0,142846,146533,151098,153094,156295,151840,6000,7000,6000,6000,10000,10000,No
340000,Female,1,1,39,0,0,0,0,0,0,250571,251917,256908,260462,265927,271766,9125,11750,9325,9665,10274,9832,No
160000,Female,2,2,27,2,2,2,2,2,2,157818,161308,162923,161481,155819,168283,7500,5800,5700,0,18100,0,Yes
50000,Male,2,2,37,0,0,0,0,0,0,50148,50522,50073,49130,48658,0,2064,2005,1367,1700,0,0,No
100000,Female,1,1,38,-1,-1,-1,-1,-1,-1,1669,710,1824,1968,0,640,710,1824,1968,0,640,0,No
60000,Female,3,1,48,-1,-1,-2,-2,-2,-1,2970,430,430,717,430,4171,430,430,717,430,4171,2914,No
30000,Male,2,2,23,0,0,0,0,0,0,26725,28289,29489,30237,30504,29771,2000,2000,1502,1112,1100,2000,No
20000,Female,2,1,35,0,0,0,0,0,0,18126,19174,20095,18583,19313,36046,1347,1268,1000,1000,1000,1000,No
50000,Female,2,2,23,0,0,-1,-1,-1,-1,35131,6559,836,836,836,3300,5582,836,836,836,3300,1476,No
180000,Female,2,1,35,0,0,0,0,0,0,174635,173281,175102,134494,135881,124651,8155,8199,4960,5404,4686,4563,No
90000,Female,2,2,23,0,0,0,0,0,0,19204,12681,14155,14916,15673,17404,2000,2000,1000,1000,2000,2000,No
150000,Female,2,1,33,0,0,0,0,0,0,37794,39240,40653,41249,42356,43278,2000,2000,1500,1700,1700,1668,No
30000,Male,2,1,44,0,0,0,0,0,-2,30003,30470,30147,26030,0,0,1643,1420,913,700,0,0,No
130000,Male,3,2,45,0,0,-1,0,-1,-1,13513,11800,2522,1261,390,390,1000,2522,0,390,390,390,No
80000,Female,3,1,39,-2,-2,-2,-2,-2,-2,0,0,0,0,0,0,0,0,0,0,0,0,No
530000,Female,1,2,39,0,0,0,0,0,0,439330,407763,364298,345867,346676,352736,17045,14089,11962,11763,12557,12496,No
360000,Male,2,1,51,1,3,2,0,0,0,3551,3348,2504,1878,1252,626,0,0,0,0,0,626,Yes
140000,Female,2,2,36,0,0,0,0,0,0,134183,136457,97395,99249,77188,71675,8144,6812,5036,3000,15000,10000,No
20000,Female,2,1,24,2,0,0,0,0,0,19618,17576,18266,18637,19028,14924,1451,1141,512,533,1000,600,No
200000,Female,1,1,40,-1,-1,-1,-1,-1,-1,316,316,316,316,316,316,316,316,316,316,316,316,No
40000,Female,2,2,25,0,0,0,2,0,0,39092,39816,40817,39082,38091,40159,1967,3300,0,1400,3100,0,Yes
200000,Male,3,2,27,0,0,0,0,0,0,60225,61040,32298,31046,21581,16001,4119,5000,3037,3025,3035,3000,No
90000,Male,5,2,34,0,0,0,0,0,0,101023,97045,102372,100794,98277,96735,3580,13000,7000,6000,7000,8200,No
410000,Male,2,1,45,0,0,0,0,0,0,278405,285415,279484,274639,281158,288051,13000,10515,9884,11000,11425,11700,No
230000,Female,1,1,37,0,0,0,0,0,0,89299,90714,86954,76098,76501,64763,5000,5000,3000,4000,5000,5000,No
210000,Female,2,2,42,-1,-1,-1,0,-1,-1,1631,1024,1520,916,586,1466,1024,1520,0,586,1466,427,No
200000,Male,2,2,29,0,0,0,0,0,2,7468,34399,36792,49648,33498,30895,30035,10008,15011,5010,153,14100,No
50000,Female,1,2,25,1,2,0,0,0,0,43099,42133,43127,44210,45844,49869,0,2000,1800,2500,5500,1801,No
130000,Male,2,2,42,0,0,0,0,0,0,83521,84373,86004,87718,90720,87851,3087,3059,3080,4355,3323,3192,No
210000,Male,2,2,34,0,0,0,0,-1,-1,24708,21544,41616,34833,17628,2400,1995,21067,14492,17680,2407,497,No
130000,Female,2,2,42,0,0,0,0,0,0,42946,43969,44975,45723,46515,47450,1676,1682,1430,1318,1331,1525,No
80000,Female,2,2,41,-1,2,2,2,2,2,66053,67397,68193,69465,70545,72233,3000,2500,3000,2500,3000,0,No
360000,Female,2,1,49,-1,-1,-2,-2,-2,-2,15000,0,0,0,0,0,0,0,0,0,0,780,No
500000,Male,1,1,42,1,1,0,0,0,0,9615,9996,177741,163299,159110,135658,1054,177080,4425,5666,4825,100225,No
60000,Female,2,1,53,-1,-1,-1,-1,-1,-1,390,390,390,390,540,390,390,390,390,540,390,390,Yes
160000,Female,2,2,26,0,0,0,0,-1,-1,8218,4450,3291,1623,905,0,1216,1000,32,905,0,0,No
50000,Female,2,2,22,2,0,0,0,0,0,47076,48628,48524,8411,8587,8758,2617,2463,350,311,313,324,Yes
50000,Male,3,1,33,0,0,0,2,0,0,19374,17772,20090,19052,19601,16460,1346,2664,1261,782,606,583,No
360000,Male,1,2,36,0,0,0,0,0,-1,256324,246283,211725,49064,19272,18609,12009,9530,2116,9291,18718,19333,No
30000,Female,2,2,38,1,-2,-2,-1,2,2,0,0,0,239,89,589,0,0,239,0,500,0,No
360000,Female,1,1,32,0,0,0,0,-1,0,37736,28746,19783,17738,1262,382,1174,1100,396,1266,9,7643,Yes
50000,Female,1,2,28,0,0,0,0,0,0,6608,4571,6260,6760,4762,5684,2000,2000,500,2000,2000,1000,No
460000,Female,1,1,43,-2,-2,-2,-2,-2,-2,7677,21748,4032,23724,12972,11111,21958,4052,23862,13036,11167,45034,No
330000,Male,2,1,39,1,-1,-1,0,0,0,-208,208,125755,128671,132598,136229,416,125755,5000,6000,6000,10000,No
200000,Female,3,1,29,1,-2,-1,-1,-1,-1,0,0,1000,34614,749,0,0,1000,34614,749,0,0,No
50000,Female,2,1,24,0,0,0,0,0,0,7052,2105,7358,2912,2881,553,2003,7000,2900,2500,400,0,No
50000,Male,2,2,24,1,-1,-1,-1,-1,-1,-22,834,-639,1559,-205,613,3000,0,3000,0,2000,1000,No
270000,Female,2,1,42,-1,-1,2,-1,-1,-1,1138,11899,5794,19857,3681,3188,11921,329,20218,3699,3204,13193,No
200000,Female,2,1,33,-1,-1,-1,-1,0,0,7770,3266,200,15845,15845,-39,5846,200,15845,0,0,0,No
300000,Female,2,2,28,0,0,0,0,0,0,199801,121321,94524,86637,78939,70689,5017,3200,3500,3000,3000,74000,No
50000,Female,1,2,26,1,-2,-2,-2,-1,-1,-1,-1,-1,-1,349,350,0,0,0,350,351,4076,No
250000,Female,3,1,55,0,0,0,0,0,0,296963,237684,178151,180993,155516,125063,8000,7400,9700,5100,4500,4012,Yes
400000,Male,1,2,33,0,0,0,-2,-2,-1,201800,205150,0,0,0,91057,9150,0,0,0,91057,100000,No
360000,Female,1,2,27,0,0,0,0,0,0,119138,100553,96679,79703,71682,24230,20006,25006,20200,40000,0,0,No
120000,Female,2,1,29,0,0,0,0,0,0,122842,123704,123291,121242,121403,121863,6500,6100,4603,4774,9000,0,Yes
340000,Female,2,1,40,-2,-2,-2,-2,-2,-2,0,0,0,0,0,0,0,0,0,0,0,0,No
180000,Male,2,2,29,0,0,0,0,0,0,98535,99196,98905,75576,59889,51422,3977,6516,1611,3000,7080,1132,No
50000,Female,1,2,23,1,-1,0,0,0,0,-1971,50265,45397,45256,28355,16624,53267,1835,3039,0,7000,9300,No
150000,Male,2,2,37,-1,0,0,0,0,0,111880,106841,102490,103711,104153,103240,4000,3700,3700,3756,3800,3500,No
100000,Female,2,1,41,2,2,2,2,2,0,97031,96919,93277,97576,94742,95578,3500,0,7000,0,3600,4000,Yes
200000,Female,2,2,28,1,-1,-1,-1,-1,-1,0,1732,828,0,497,1809,1732,828,0,497,1809,0,No
160000,Male,2,2,43,0,0,-2,-2,-2,-2,8460,0,0,0,0,0,0,0,0,0,0,0,No
50000,Female,3,1,52,-2,-2,-2,-2,-2,-2,0,0,0,0,0,0,0,0,0,0,0,0,No
220000,Female,2,2,36,0,0,0,0,0,0,126695,106534,109884,106114,108202,110938,4000,5500,3775,4100,5000,4500,No
30000,Female,2,1,23,2,2,2,2,2,2,11851,14416,13887,14564,15183,14790,2762,0,910,1000,0,1200,Yes
180000,Male,1,2,31,-2,-2,-2,-2,-2,-2,0,48544,17700,4270,0,19331,48544,17700,4270,0,19331,0,No
190000,Male,1,1,31,0,0,0,0,0,0,158416,124910,95406,95313,48731,87197,6004,5148,5313,3000,40000,0,No
480000,Female,1,1,39,0,0,-1,0,0,0,106660,400000,66270,80274,82160,110773,302000,66270,15000,3044,30042,34048,No
270000,Female,1,2,32,0,0,0,0,0,-1,25343,40414,39956,39827,9456,386,20000,5000,5000,1000,386,0,No
200000,Male,2,2,37,-2,-2,-2,-2,-2,-2,162,536,0,495,0,0,536,0,495,0,0,546,No
80000,Male,1,2,38,-1,-1,-1,0,-1,-1,780,259,7544,390,390,332,259,7544,0,390,332,780,Yes
410000,Male,2,1,36,-2,-2,-2,-2,-1,-1,3827,9921,28961,2954,9942,2628,10534,29750,3483,10470,2636,122005,No
50000,Female,1,2,25,-1,2,0,0,0,-1,2823,1760,2640,1760,880,1910,0,1760,0,0,1910,0,Yes
50000,Female,3,2,42,0,0,0,0,0,0,2389,3405,4414,4653,4596,4688,1064,1073,312,166,168,174,No
210000,Male,1,1,39,-2,-2,-2,-1,-1,-2,980,0,650,3446,0,0,0,650,3446,0,0,0,Yes
20000,Male,1,2,28,0,0,0,0,0,0,16196,17232,18339,18734,19281,19413,1600,1700,1000,1000,556,193,No
150000,Female,1,2,28,0,0,0,0,0,0,109835,110255,110247,110955,105145,105377,5500,5300,3853,4000,4000,3952,No
130000,Female,1,2,25,1,2,-1,-1,-1,-1,2576,2356,5978,2750,3641,1735,0,6000,2750,3641,1735,7290,Yes
200000,Female,1,2,26,0,0,0,0,0,0,121830,91216,93099,94949,96929,98909,3311,3400,3400,3512,3586,3148,No
110000,Female,2,2,23,0,0,0,0,0,0,106963,101958,85914,73638,72119,73764,5023,3900,2600,5000,3000,3000,No
180000,Female,1,1,30,-1,-1,-2,-2,-2,-2,2743,0,0,0,0,0,0,0,0,0,0,0,Yes
300000,Female,1,1,40,-1,-1,-1,-1,0,0,10920,3939,10184,115184,63758,19813,3939,11082,115184,19800,0,2356,No
360000,Male,1,2,32,-1,-1,-1,-1,0,0,27,185,0,617,617,0,185,0,617,0,0,0,No
380000,Female,2,1,30,-2,-2,-2,-2,-2,-2,3745,738,1175,576,576,-2,745,1180,578,578,0,580,No
360000,Female,1,2,29,-1,-1,-2,-2,-2,-1,2868,0,0,0,0,629,0,0,0,0,629,2475,Yes
80000,Male,1,2,28,-2,-2,-2,-2,-2,-2,8598,9467,-270,3697,9455,4144,9467,0,3967,9455,5000,2900,Yes
350000,Female,1,3,48,-1,-1,-1,-1,-1,-1,181212,6021,154505,19653,26963,55533,6046,157181,19751,27070,55613,11811,No
20000,Female,5,1,28,0,0,0,2,0,0,21501,21415,21529,19542,18547,17519,1674,2200,0,686,705,4176,No
320000,Female,1,2,35,0,0,0,0,0,0,227927,218565,223284,98028,102498,80469,10000,10000,5000,6000,5000,5000,No
90000,Male,3,1,62,0,0,0,0,-1,-1,86200,81995,16985,12985,285,-4715,2500,1000,1000,500,0,31000,No
40000,Female,1,2,27,-1,-1,0,0,0,-1,32540,14163,30107,31567,32583,31309,14163,20000,3000,3000,31749,0,Yes
50000,Female,2,1,40,-1,0,0,0,0,0,46616,44515,48510,35774,18261,16644,2005,5000,610,631,634,3000,No
210000,Female,1,2,24,-1,-1,0,0,0,-1,4055,113782,59367,29583,26756,29553,114482,20176,6793,20112,29676,47642,No
30000,Female,2,2,22,3,2,0,0,2,2,30078,28639,26017,27790,27209,30508,87,2002,3200,0,3926,0,No
310000,Female,1,2,27,1,-1,-1,-2,-1,-1,0,113,0,0,6960,6008,113,200,0,6960,6008,0,Yes
280000,Female,2,2,35,-2,-2,-2,-2,-2,-2,1616,1198,494,698,1233,5080,1198,494,698,1233,5080,17095,No
260000,Female,1,2,33,2,-1,-1,-1,-1,2,1381,491,491,1132,1711,1070,493,493,1134,1072,2,3103,No
280000,Male,1,1,49,-2,-2,-2,-2,-2,-2,11797,6163,-54,-54,-54,-54,6231,0,0,0,0,0,No
360000,Female,3,2,34,-1,2,2,-2,-2,-2,2500,2500,0,0,0,0,0,0,0,0,0,0,No
30000,Female,3,2,27,2,2,2,2,2,2,13257,14046,13523,14498,14123,15184,1300,0,1200,0,1300,0,Yes
380000,Male,2,1,48,0,0,0,0,0,0,379080,294675,226959,219918,203575,188774,13000,9500,8000,7200,6700,7500,No
80000,Female,2,2,22,3,2,0,0,0,2,42080,41131,42281,42605,47544,33115,0,2200,1500,5600,0,2275,No
50000,Female,1,2,25,2,2,2,2,2,2,45708,48862,47748,50799,49904,49978,3900,0,3800,0,4000,0,Yes
280000,Female,1,1,37,1,-2,-2,-1,-1,-1,449,12487,-10,3090,240,2010,12611,0,3100,240,2010,212,No
120000,Female,2,3,37,2,2,2,2,2,2,26446,27719,27570,28318,29217,28598,2000,600,1500,1500,0,1056,Yes
180000,Male,1,1,49,0,0,0,0,0,0,63444,65420,67722,70970,72670,76444,3000,4000,5000,3000,5000,5000,No
380000,Male,3,2,33,-1,-1,-1,-1,-1,-1,2989,3731,3003,69127,33815,115854,3742,3012,69294,33827,115860,64486,No
50000,Female,2,3,37,-1,-1,-1,-1,-1,0,1149,1420,1253,190,13390,9902,1424,1256,190,13400,30,16447,No
200000,Female,1,2,48,-2,-2,-2,-1,2,2,0,0,0,5000,5000,0,0,0,5000,0,0,0,No
200000,Male,1,1,44,-1,-1,-1,-1,-1,-1,25929,1582,21133,2941,8191,22842,1582,21133,2941,8191,22842,5567,No
150000,Female,1,1,35,0,0,0,0,0,-1,27329,42144,35757,33789,33219,5621,20228,10036,18002,10000,5621,0,No
200000,Female,2,2,30,0,0,0,0,0,0,155768,156041,157356,123271,123831,124070,7325,7470,4460,4583,4376,4533,No
90000,Female,2,1,35,2,0,0,0,0,2,63426,57922,55010,52540,56236,40922,2700,2500,1900,4600,0,1600,Yes
150000,Female,1,2,32,-1,-1,-1,-1,-1,-1,1758,468,2988,2232,4535,0,468,2988,2232,4535,0,1593,No
150000,Female,3,1,34,0,0,0,0,0,0,112391,98583,95810,87216,88201,87483,5000,4000,4000,3290,3200,3215,No
180000,Male,1,2,34,-1,0,-1,-1,-1,-1,16953,15884,11153,3889,800,0,1000,11153,3924,800,0,2190,No
470000,Male,2,2,34,-2,-2,-2,-1,-1,0,23747,23305,0,1632,141186,143916,1116,0,1632,141190,6000,7004,No
20000,Female,1,2,22,-1,-1,2,0,0,-1,8266,10377,5529,4482,0,2030,2313,0,0,1449,2030,1280,No
400000,Female,1,1,36,-1,-1,-1,-1,-1,-1,14421,8392,13025,2816,6856,11069,8911,13025,2816,6856,11069,6823,No
210000,Female,1,2,27,0,0,0,0,0,0,15663,8513,8607,9137,10637,3443,1500,1006,1500,1500,2600,99,No
120000,Male,3,1,38,2,2,2,2,2,2,77468,78642,79757,80853,82715,84805,3000,3000,3000,3300,3600,2700,Yes
160000,Female,4,1,42,-2,-2,-2,-1,0,0,-1582,3097,0,2039,1033,0,5624,0,2039,0,0,0,No
200000,Female,1,2,26,0,-1,-1,-1,-1,-1,6242,1776,3587,0,2160,900,1776,3598,0,2160,900,1850,No
160000,Female,2,2,37,2,2,2,2,2,2,147333,143786,151842,147962,156921,159416,200,12000,0,11500,5811,0,Yes
250000,Male,3,1,51,-2,-1,-1,-1,0,-1,179,1533,364,381,3987,7135,1540,387,381,3985,7161,0,No
140000,Male,3,1,56,0,0,0,0,0,0,7272,7906,8717,9046,9369,10165,1299,1500,1000,1000,1500,1000,No
330000,Female,2,2,30,-2,-2,-2,-2,-2,-2,0,0,0,0,0,0,0,0,0,0,0,0,Yes
220000,Female,1,2,24,2,0,0,0,0,0,161081,158578,161256,157028,159971,168805,7100,7200,5800,5900,12000,0,Yes
30000,Female,3,1,29,1,2,2,2,2,2,13164,12668,15038,14502,15501,15105,0,2905,0,1386,0,600,No
260000,Male,1,2,35,1,2,0,0,2,0,149124,145333,148332,160810,155683,158771,0,6910,16502,0,5847,5873,Yes
380000,Female,2,1,30,0,0,0,0,0,0,295543,299922,307166,311716,306830,303453,11000,12602,11500,10500,11000,10152,No
10000,Female,2,2,33,0,0,0,0,0,-1,15004,8663,9437,9630,8399,1697,2452,1000,193,168,1734,770,Yes
190000,Female,1,2,44,0,0,0,0,0,0,181045,184249,158883,99255,80219,81912,8000,7000,4000,3000,3000,3000,No
30000,Female,2,1,38,0,0,0,0,0,0,23819,15367,10159,9859,8360,4101,1553,1033,381,384,404,1297,No
300000,Female,1,1,39,1,2,-1,-1,-1,-1,6077,5806,2994,5338,4714,2362,29,3009,5364,4714,2362,4,No
20000,Male,2,1,27,0,0,2,0,0,0,17062,19248,18181,18156,19102,17363,2850,0,514,2000,1000,1570,No
20000,Male,2,1,35,0,0,0,0,0,-1,17584,19819,11280,3680,4480,1650,3013,1005,1000,3000,1650,0,No
80000,Female,3,2,22,0,0,-1,-1,-2,-2,37990,39400,15674,-1,-1,-1,2400,15674,0,0,0,0,No
240000,Male,2,1,33,0,0,0,0,0,0,225312,229394,232686,195509,198861,202057,8000,7400,6500,7000,7000,7000,No
90000,Female,3,2,26,0,0,0,0,0,0,14692,15722,16733,17453,17970,18175,1269,1280,1000,950,652,1000,No
100000,Female,2,1,43,0,0,0,0,0,0,98944,75296,78049,48644,54963,57269,4000,5000,3000,9000,4000,5000,No
320000,Male,1,3,32,-1,-1,-1,-1,-1,-1,802,4929,2064,4365,1183,3287,4929,2064,4365,1183,3287,2810,No
360000,Male,2,1,45,2,2,-2,-2,-2,-2,2500,0,0,0,0,0,0,0,0,0,0,0,No
180000,Male,2,1,38,1,2,2,0,0,0,2826,4612,4571,5071,5195,0,2000,200,500,124,0,0,Yes
300000,Male,2,1,40,-2,-2,-2,-2,-2,-2,15876,4347,0,2208,2475,7580,4347,0,2208,2475,7580,0,No
20000,Female,1,2,22,-2,-2,-2,-2,-2,-1,-9,-9,904,304,0,302,0,913,304,0,302,7676,No
20000,Female,3,2,49,0,0,0,0,0,0,19437,20154,18957,19334,19373,19460,1337,2000,666,714,810,600,No
360000,Female,2,1,35,0,0,0,0,0,0,39685,32219,34541,22420,16253,15773,1600,3019,900,600,369,2471,No
120000,Male,2,1,38,0,0,0,0,0,0,50441,41960,34024,30564,22702,23175,2000,1361,1000,824,851,812,No
130000,Female,3,2,27,0,0,0,0,0,0,129150,105529,107691,108418,115638,117958,5300,5400,4000,9000,4400,4500,No
60000,Female,3,2,45,0,0,0,0,0,0,54920,39886,40056,39996,40261,32644,1726,1502,1287,1322,1179,1156,No
120000,Female,3,2,31,-1,-1,-1,-1,-1,-1,1769,390,390,390,390,390,390,390,390,390,390,1079,No
130000,Male,3,2,33,0,0,0,0,0,0,92457,95365,98095,100796,102504,104089,6000,5000,5000,4000,4000,5000,No
360000,Female,1,1,31,-1,-1,-1,-1,-1,-2,460,460,460,399,0,0,460,460,399,0,0,0,No
10000,Male,3,2,24,-1,-1,-1,0,0,0,6217,5082,5400,5012,1740,390,5112,5400,2,4,0,5039,No
120000,Female,1,2,24,-1,-1,-2,-2,-2,-2,600,0,0,0,0,0,0,0,0,0,0,0,No
60000,Male,2,2,26,2,2,2,2,0,0,61103,61380,62158,120142,60428,58192,3000,2746,0,2297,1875,1158,Yes
240000,Female,1,1,40,2,2,2,2,-2,-2,2500,2500,2500,0,0,0,0,0,0,0,0,0,Yes
160000,Female,2,1,40,0,0,2,0,0,2,137695,146193,139323,140719,143638,144482,12121,0,5100,10251,5205,0,No
200000,Female,2,1,44,-2,-2,-2,-2,-2,-2,0,138,0,0,1675,69,138,0,0,1675,69,39411,No
300000,Male,1,2,29,-2,-2,-1,-1,-1,-2,0,0,150,3550,0,0,0,150,3550,0,0,0,No
100000,Female,2,2,26,-1,-1,-1,-1,-1,-1,780,0,390,390,390,380,0,390,390,390,380,400,No
280000,Female,1,1,30,0,0,0,0,0,0,217773,215017,209089,167458,137312,109980,8155,10048,6011,6010,6514,10011,No
190000,Female,2,2,26,-1,-1,-1,-1,-1,-1,11613,10000,10000,10000,10000,10941,10000,10000,10000,10000,10941,79027,No
50000,Male,2,1,48,1,2,2,2,2,0,17613,18334,17742,19273,18826,19213,1298,0,1829,0,849,822,No
210000,Female,3,1,33,0,0,0,0,0,2,31570,32756,33905,35035,37465,36713,2000,2000,2000,3000,0,734,No
120000,Female,1,2,26,0,0,0,0,0,0,110934,99271,90066,80165,78108,77588,4432,2988,4492,2797,2991,2900,No
140000,Female,1,2,33,-2,-2,-2,-2,-2,-2,1825,0,1264,0,0,1980,0,1264,0,0,1980,1351,No
50000,Female,1,2,23,-2,-2,-2,-2,-2,-2,807,0,0,0,0,0,0,0,0,0,0,0,No
150000,Female,1,2,31,-2,-1,-1,-1,-2,-2,2005,2869,16719,8568,797,1158,2876,16732,8593,799,1161,41380,No
50000,Male,1,2,23,4,3,2,0,0,2,27101,26431,14109,9417,9952,9165,88,12,473,825,323,10000,No
120000,Male,1,1,50,1,-2,-2,-1,0,-1,0,-2008,-4016,4016,2008,8299,0,0,10040,0,8299,0,Yes
240000,Female,1,2,29,-1,0,0,0,0,0,30380,15579,20496,15296,24332,23896,10023,10000,5000,15000,15000,5000,No
20000,Male,1,2,26,0,-1,-1,-1,-1,-1,1490,3150,10464,0,1690,18156,3150,10464,0,1690,18156,19800,No
80000,Female,2,2,24,0,0,0,0,0,0,78913,78726,70110,62590,54177,60662,2900,2329,2400,2000,7400,0,No
140000,Female,2,1,28,0,0,0,0,0,0,99296,89391,79173,43370,28850,17896,3205,2894,2000,1500,1000,2000,No
50000,Female,2,2,25,0,0,0,0,0,0,28428,27383,12620,6730,6872,7057,2000,1110,240,250,300,2335,No
150000,Female,2,3,26,-2,-2,-2,-2,-2,-2,4181,25988,3177,49174,11823,669,26034,3182,49174,11823,669,1534,No
90000,Female,3,1,53,0,0,0,0,0,0,65237,62521,60363,58142,55896,53525,2255,2200,2100,2014,1876,1901,Yes
640000,Male,1,2,36,0,0,0,0,0,0,192325,68891,71564,32968,37541,42064,4000,4000,3000,5000,5000,3000,No
360000,Male,1,2,31,-1,-1,-1,-1,-1,-1,15285,52698,2875,6918,10014,6478,53751,2879,6918,10014,6478,42108,No
130000,Female,2,1,33,-1,-1,-1,-1,-1,-1,2454,1456,382,1043,2835,-184,1500,382,2000,3000,0,2000,No
210000,Female,1,1,34,0,0,0,0,0,0,201324,207222,209189,106090,108300,87404,10646,8601,3601,3719,3300,3400,No
190000,Male,1,2,36,2,2,2,2,2,2,107689,109678,110887,111871,114223,116577,5200,4500,4300,4300,4400,4500,Yes
10000,Male,3,2,25,-1,-1,-1,-1,-1,-1,3161,390,390,390,0,1280,390,390,390,0,1280,6380,No
30000,Female,1,1,24,-1,-1,-1,-1,-1,-1,9280,2643,3415,2250,2486,844,2643,3415,2250,2486,844,0,Yes
140000,Female,1,2,25,3,2,0,0,0,0,21593,14021,10084,89223,58280,44593,0,2000,83000,3000,32000,2000,Yes
170000,Female,2,2,30,0,0,2,0,0,0,121009,136552,132655,134140,115892,116653,19078,0,5000,5000,4500,4500,No
20000,Female,2,2,24,2,2,2,2,-1,-1,6270,8284,8000,0,186,3314,2284,0,0,186,3314,3515,Yes
80000,Female,2,1,45,0,0,-2,-2,-2,-2,82150,0,0,0,0,0,0,0,0,0,0,0,No
110000,Male,2,1,49,0,0,0,0,0,0,51803,52888,54570,55368,56623,57196,1921,2563,2300,2300,1704,700,No
150000,Female,1,2,28,0,0,0,0,0,-2,147933,111608,91705,32907,0,0,3202,20088,700,0,0,0,No
50000,Female,2,2,43,-1,0,0,0,0,0,26342,27457,27381,17930,18128,18490,1547,1251,1200,600,627,759,No
50000,Female,3,1,70,2,2,0,0,0,0,54084,51564,50733,30363,30444,30482,0,2504,1200,1500,1100,1301,No
50000,Male,3,1,50,2,0,0,0,0,0,48607,49540,49583,19695,20004,19904,2100,1500,1000,1000,1000,700,No
10000,Female,2,2,22,0,0,0,0,0,0,2274,3297,4730,5649,7304,8252,1067,1500,1000,1751,1073,2041,Yes
280000,Female,1,2,38,-1,0,0,-1,0,-1,17878,14011,30079,13139,13989,15559,2000,30000,14000,1000,16000,0,Yes
50000,Male,2,2,42,2,2,2,0,0,0,51614,52034,50151,20448,20464,20456,2000,39,718,800,800,800,No
140000,Female,2,1,28,0,0,0,0,0,0,131292,134057,135820,84829,86753,88808,7000,5820,3829,3753,3808,4744,No
140000,Male,1,1,34,2,2,2,2,0,0,104651,105162,104207,100326,102740,103444,5000,3600,0,4000,4000,3603,Yes
300000,Male,1,1,45,0,0,0,0,0,0,193462,185703,190060,189912,145909,127078,6835,7542,7930,6534,6153,2815,No
30000,Female,2,1,26,1,2,2,0,0,2,27330,28090,28827,27299,29110,28492,1500,1517,1000,2255,0,1988,No
200000,Male,3,1,47,0,0,0,0,2,0,185272,189657,103861,75480,70042,72157,10000,10000,6000,0,5000,3000,No
270000,Female,2,2,26,0,-1,0,0,-1,-1,33224,52425,69048,68206,17510,26175,52425,27595,10343,18083,26279,17013,Yes
90000,Female,2,3,36,0,0,0,0,0,0,91458,91049,70101,28942,27508,28250,3137,5094,1106,1001,1201,1074,No
10000,Male,2,2,26,2,2,7,7,7,7,2400,2400,2400,2400,2400,2400,0,0,0,0,0,0,Yes
50000,Female,3,2,22,2,2,0,0,0,0,22719,18408,19330,19561,19815,18574,0,1573,804,675,738,1000,No
80000,Female,1,2,25,-2,-2,-2,-2,-2,-2,0,0,988,0,0,0,0,988,0,0,0,0,No
110000,Female,2,2,26,0,0,0,0,0,0,65800,67251,70065,72017,77943,79694,2510,4000,3000,7000,3100,1377,No
370000,Male,1,2,30,0,-1,-1,0,0,0,6592,3563,184429,180508,178220,72656,4000,192718,5000,5000,3000,2000,No
50000,Male,2,2,23,-1,0,-1,-1,-1,-1,1678,1440,1322,1411,540,540,1200,1322,1500,540,540,780,No
10000,Male,2,2,37,-1,-1,-1,0,-1,0,885,1475,780,390,780,390,1475,780,0,31250,0,0,No
180000,Female,1,2,27,0,0,2,0,0,0,99137,119635,115839,105643,119358,116097,22500,121,10000,20000,25000,0,No
60000,Female,2,1,59,4,4,5,4,3,2,56998,59111,59595,58079,56892,55826,3601,2000,0,0,0,4000,No
120000,Female,1,1,30,1,-2,-2,-2,-2,-1,0,0,0,0,0,150,0,0,0,0,150,200,No
110000,Male,1,2,30,0,0,0,0,0,0,110800,112008,96347,49506,49142,49251,4404,2826,1880,1805,2182,2000,No
280000,Female,3,1,61,0,0,0,0,0,0,162734,146990,149201,152377,155764,148302,7000,6000,5500,5800,5200,6000,No
130000,Male,2,2,29,0,0,0,0,0,0,62530,62562,62650,63896,65411,64684,2272,2230,2243,2500,3000,4000,No
200000,Female,2,2,28,1,2,0,0,2,2,61844,60294,63663,67596,66388,71272,0,5000,5000,0,6000,0,Yes
50000,Female,2,2,26,0,0,0,0,0,0,29356,30483,31180,18401,18785,19248,1603,1300,658,680,773,524,Yes
30000,Male,3,1,53,0,0,-2,-2,-2,-2,1596,0,0,0,0,0,0,0,0,0,0,0,No
230000,Female,1,1,30,-1,-1,-1,-1,-1,-1,13995,28064,23326,13684,12883,11068,28097,23352,13684,12883,11068,11436,No
180000,Female,1,2,31,-1,-1,-1,-1,-1,-1,3920,1020,0,860,13335,15248,1020,0,860,13335,15248,17676,No
220000,Male,1,1,40,0,0,0,0,0,0,129597,147323,132188,83844,89299,94777,20000,8000,5000,7000,7000,5000,No
50000,Male,1,2,46,0,0,-2,-2,-2,-2,51400,0,0,0,0,0,0,0,0,0,0,0,No
20000,Male,1,2,27,1,-2,-2,-2,-2,-2,0,0,0,0,0,0,0,0,0,0,0,0,No
250000,Female,2,2,40,-1,-1,-1,-1,0,0,2348,329,-1404,3596,8596,8941,329,5000,5000,5000,4000,3000,No
50000,Male,3,2,41,0,0,0,0,-1,-1,47384,48814,49771,19375,71,19661,2194,2151,755,71,19837,792,No
180000,Female,2,2,26,0,0,0,0,0,0,10874,9324,7738,6369,6109,7603,2000,2000,2000,3109,5000,5520,No
320000,Male,2,2,44,-1,-1,-2,-2,-2,-2,36831,28785,13104,2621,9075,6564,28791,13227,2621,9075,6564,12767,No
10000,Female,3,1,41,-1,-1,2,0,-1,-1,780,780,780,390,390,780,1473,0,0,390,780,0,Yes
320000,Female,1,2,31,-2,-2,-2,-2,-2,-1,1345,5458,9572,3826,737,3865,5458,9579,3826,737,3865,300,No
250000,Male,2,2,30,0,0,0,0,0,0,170559,173347,177321,177580,170956,158503,6523,7992,6475,6050,6197,6000,No
30000,Male,2,2,24,1,2,2,3,2,0,20985,20393,20399,19945,19645,11229,0,2403,0,0,2000,0,No
260000,Male,2,2,31,-1,-1,-1,-1,-1,-1,326,326,326,326,326,326,652,326,326,326,326,144,No
130000,Female,2,1,37,0,0,0,0,0,0,122944,121530,107783,84353,169121,87863,6013,5312,3100,3123,6293,3273,No
180000,Female,1,1,30,0,0,0,0,0,2,149069,152317,156282,161163,172190,148963,7500,8000,9000,14000,0,5500,Yes
270000,Female,1,2,27,0,0,0,0,0,0,200750,204418,197854,173743,149095,145068,9500,8929,7265,5400,5300,5100,No
30000,Female,1,2,27,-1,0,0,0,0,-1,418,1470,2418,2009,3009,7093,1052,1000,500,1000,7093,1000,No
100000,Male,3,1,35,2,2,0,0,2,2,101326,97751,92431,97227,88899,93766,0,3500,7000,0,7000,0,Yes
340000,Female,2,2,33,0,0,0,0,0,0,336190,301626,306575,311784,318320,325028,10300,10302,10365,10750,11150,11271,Yes
210000,Female,2,1,26,0,0,0,0,0,0,207033,202432,142119,99699,17718,150758,9000,5500,3600,1000,135000,5314,No
280000,Female,1,2,27,-2,-2,-2,-2,-2,-2,-5,-5,-5,8164,0,1133,0,0,8169,0,231133,3300,No
710000,Male,2,2,33,-1,-1,-1,-1,-1,-1,8471,16849,940,6299,4720,3738,17330,944,7586,4739,3754,25259,No
50000,Female,2,2,23,0,0,0,0,0,0,42790,39480,36360,29123,28809,29263,1635,1423,1020,1050,1503,1016,No
190000,Male,1,2,35,0,0,0,0,0,0,24873,23522,22117,23433,22173,22598,1807,2000,2010,1003,2007,3019,No
110000,Female,3,1,53,-2,-2,-2,-2,-2,-2,1457,745,0,0,0,0,745,0,0,0,0,0,No
20000,Female,2,1,23,2,0,0,0,2,0,16219,17626,18398,19052,15429,9199,1674,1446,1100,0,379,1085,Yes
20000,Female,1,2,25,2,2,0,0,0,0,18446,17859,18718,17009,18721,20209,0,1718,900,2000,1800,0,Yes
20000,Female,2,1,29,1,2,2,2,2,2,12186,11700,13474,13006,13743,11167,0,2000,0,1055,0,215,No
20000,Male,2,2,23,1,2,2,2,2,0,4673,6433,6181,6778,6524,8408,2000,0,700,0,2000,2000,No
230000,Female,1,2,43,0,0,0,0,0,0,39677,39261,38228,36542,35989,34347,5000,5000,3000,3459,4000,5000,No
180000,Male,2,1,37,-1,-1,-1,-1,0,0,14480,33915,5198,13263,6817,4188,34045,5217,13263,6000,1000,4085,No
280000,Male,2,1,41,-1,-1,-1,-1,-1,-1,3520,3110,3188,4176,10276,9898,3110,3188,4189,10276,9898,1691,No
510000,Female,1,2,36,0,0,0,0,0,0,234900,214522,217620,218692,191069,195124,9975,8200,7268,7000,7177,7200,No
20000,Male,3,2,26,2,0,0,0,0,0,17880,19224,19327,18696,19233,19909,1641,2400,632,800,1000,1500,Yes
110000,Female,3,1,38,0,0,0,0,0,0,100699,88694,74647,49021,34594,23116,3530,3066,2033,2021,1024,1003,No
230000,Female,1,2,34,-1,2,-1,-1,2,-1,907,591,119,699,383,32774,0,1000,1000,0,33500,3000,Yes
180000,Female,1,2,27,0,0,0,0,0,0,124501,126822,129440,128571,128631,129813,5000,6000,5000,5000,5000,5000,No
230000,Female,3,2,36,0,0,0,0,0,0,13809,13533,13200,15789,14242,15251,1533,1200,2789,1242,1251,1272,No
370000,Female,1,2,35,0,0,-2,-1,-1,0,40229,-101,-101,2329,156619,155988,0,0,2430,161450,6035,6439,No
500000,Female,1,2,30,-2,-2,-1,-1,-2,-2,1078,5543,500,617,617,617,5562,810,617,0,0,28572,No
260000,Female,2,1,43,1,-2,-2,-1,0,-1,0,-416,-1248,832,416,1398,0,0,2080,0,1398,0,No
140000,Female,2,2,27,1,2,2,3,2,2,118013,123630,128308,125776,123659,131290,9044,8200,1000,0,9874,0,No
50000,Male,1,2,30,0,0,0,0,2,2,29994,30756,23618,26009,24731,46882,2000,1300,3000,0,25000,0,No
50000,Female,2,1,45,0,0,0,2,2,2,26615,22241,23406,15379,16715,11133,2000,2000,0,1500,0,1000,No
80000,Male,1,2,32,-1,-1,-2,-2,-2,-2,4055,0,0,0,0,0,0,0,0,0,0,0,No
150000,Female,2,2,28,0,0,0,0,0,0,85118,88844,92345,82866,76412,80259,5000,5000,5000,5000,5000,5000,Yes
50000,Female,2,1,46,0,0,0,0,0,0,49859,49160,49222,29291,29391,29826,2438,2200,1187,1213,1073,1066,No
80000,Male,2,3,39,2,0,0,0,0,0,76123,54669,28674,28240,28540,27934,2000,1500,1200,1300,1200,1200,No
140000,Female,1,1,40,0,0,0,0,0,0,67371,69027,56175,57666,59604,62480,3100,3888,2800,2800,3800,3000,No
140000,Female,1,2,30,0,0,0,0,0,0,105732,99769,102682,102332,104544,107155,5000,5500,5000,4000,4500,4500,No
50000,Female,2,2,24,-1,-1,-1,-1,0,-1,1580,306,995,1055,102,2110,306,995,1055,0,2110,0,No
30000,Female,2,2,24,0,0,2,0,0,0,25111,27558,26552,27703,28128,28859,3551,0,1902,1022,1200,1200,No
150000,Female,2,2,26,0,0,0,0,0,0,94347,96358,99230,98285,102743,103062,5000,4500,4500,6000,5000,5000,No
200000,Female,2,1,53,-1,-1,-1,-1,-2,-1,5059,0,16556,0,0,47140,0,16556,0,0,47140,0,No
110000,Female,1,1,41,2,2,7,7,7,7,150,150,150,150,150,150,0,0,0,0,0,0,No
150000,Female,2,1,44,0,0,0,0,0,0,17723,19440,14945,12966,14882,8105,2019,2020,2000,2000,2000,1000,No
180000,Female,3,2,33,1,-1,2,-1,-1,-2,0,199,199,580,0,0,199,0,580,0,0,0,No
90000,Female,1,2,29,-1,-1,-1,-1,0,0,6146,6193,0,3199,1888,0,6198,200,3199,0,0,0,No
200000,Female,1,2,30,-1,-1,-1,-1,-1,-1,105,271,588,111,305,432,271,588,111,305,432,0,Yes
230000,Female,2,1,45,-1,-1,-1,-1,0,0,107,107,1741,107,107,0,107,1741,214,0,0,0,No
80000,Male,1,2,29,-1,0,0,0,0,0,17562,17709,15631,13402,13197,11624,3015,2008,1009,2005,507,2607,No
230000,Female,1,2,33,-1,-1,-2,-2,-2,-2,6283,0,0,0,0,0,0,0,0,0,0,0,No
290000,Female,2,1,53,-1,-1,-1,-1,-1,-1,1538,199,1440,1017,3798,4898,199,1440,1017,3798,4898,5034,No
60000,Female,3,1,41,0,0,0,0,0,0,55773,55953,55562,55063,54819,55195,2627,2700,2500,2300,3000,2500,No
320000,Female,1,2,29,0,0,-2,-1,-1,0,12130,0,0,364,16177,16706,0,0,364,16177,800,650,Yes
200000,Female,2,2,25,-2,-2,-1,-1,0,-1,22701,7940,9855,24091,24583,7354,0,10145,24091,492,7354,9694,No
50000,Female,3,1,54,0,0,0,0,0,0,16648,16200,15622,14277,12930,11657,1588,1483,611,458,403,351,No
50000,Male,3,2,24,4,3,2,2,2,0,27226,26508,26976,27206,26631,27185,0,1200,968,0,998,1479,Yes
230000,Female,2,1,43,0,0,0,0,0,0,84821,87055,87601,89762,92735,95768,4293,4162,5000,5000,5000,5000,No
130000,Female,1,2,29,0,0,3,3,2,0,106271,119728,121140,117767,115640,116062,15107,5000,0,0,4200,5000,No
80000,Female,3,1,39,-1,-1,-1,-1,-1,-1,715,2012,3550,7529,0,3228,2012,3550,7529,0,3228,0,No
120000,Female,1,2,31,0,0,0,0,0,2,82683,83075,75735,62511,62179,60981,4445,4020,3000,5700,0,2500,No
200000,Female,2,1,34,0,0,0,-1,-1,-2,4798,4490,5366,2141,0,0,1125,1000,2141,0,0,0,No
300000,Male,3,2,34,-1,-1,-1,-1,-1,-1,4741,3767,10436,9650,4198,0,3767,10436,9856,4198,0,0,No
200000,Female,2,1,36,-1,-1,-1,-1,-1,-1,1070,4078,1099,1099,1099,1099,4107,1099,1099,1099,1099,1099,No
80000,Female,2,1,46,0,0,0,0,0,0,34494,35930,37326,38203,39580,40920,2000,2000,1500,2000,2000,2000,No
30000,Female,2,1,30,0,0,0,2,0,0,25156,25949,28478,27754,28186,30240,1500,3000,0,1001,2500,1200,No
300000,Female,2,1,42,-1,-1,-1,-1,-1,-1,38913,319,8157,21228,326,1518,319,8157,21228,326,1518,47374,No
100000,Female,1,1,38,0,0,0,0,0,0,66762,68566,65132,48738,51020,51948,5000,2436,3000,3000,2000,3000,No
290000,Female,1,2,31,0,0,0,0,0,-1,44193,15950,15315,14199,9681,162,1380,1212,284,5000,162,380,No
270000,Male,0,2,39,1,-1,-1,-1,-1,-2,0,10193,69553,18607,0,0,10193,70213,19008,399,0,0,No
70000,Female,2,2,24,0,-1,0,0,0,-1,7033,1602,28199,28980,29795,27091,1954,28000,1250,1496,29251,1000,Yes
90000,Female,2,1,24,-2,-2,-2,-2,-2,-2,91272,91337,88129,76209,65295,27224,5000,3069,2028,2110,2142,39245,No
170000,Female,1,2,26,0,0,0,0,0,0,108426,109889,84897,82608,84388,86096,3600,3111,3000,3100,3101,3306,No
80000,Female,2,1,36,0,0,0,0,0,0,69760,60445,50857,39813,40248,40935,2500,2061,1413,1460,1751,1958,Yes
100000,Female,2,1,41,0,0,0,0,0,0,95326,97972,99147,74548,76284,77841,4825,4600,3000,2940,3000,3000,No
240000,Male,1,1,47,-2,-2,-2,-2,-2,-2,5731,0,0,0,0,0,0,0,0,0,0,0,No
290000,Female,1,1,41,-1,-1,-1,-1,-2,-1,11200,0,970,0,0,2184,0,970,0,0,2184,1140,No
120000,Female,1,2,27,1,-2,-2,-2,-2,-2,0,0,0,0,0,0,0,0,0,0,0,0,Yes
200000,Male,2,2,26,0,0,0,0,0,0,103194,107027,107765,109970,113436,115402,5500,4000,4000,5242,5000,4400,No
20000,Male,2,2,22,0,0,0,0,0,0,13447,10232,7842,9262,4335,0,2200,2000,2200,1200,0,0,No
500000,Male,1,1,38,-1,-1,-1,-1,-1,-1,75433,26358,7860,2983,8767,4691,27486,7860,3047,8831,4734,11484,No
100000,Female,2,2,25,0,0,0,0,0,0,98349,97473,91096,76371,77162,78084,3600,3000,2700,2800,3000,2800,No
350000,Male,1,1,55,-1,-1,-1,-1,-1,-1,5961,6318,1485,788,15015,666,6326,1485,788,15015,666,0,No
50000,Female,2,2,24,1,2,0,0,0,0,34069,23196,22883,18069,19273,19929,0,1636,700,1500,1000,500,No
340000,Female,2,1,52,0,0,0,0,0,0,331508,319742,255166,197695,201907,195961,12100,10000,7000,7000,7000,8000,No
180000,Female,2,1,29,0,0,0,0,0,0,26000,26310,26662,26166,26176,25442,1800,1500,1056,950,1000,1050,No
300000,Female,1,1,54,-1,-1,-1,-1,-1,-1,1080,-18,4190,2539,2590,5440,0,4208,2539,2590,5440,5646,No
220000,Female,1,1,32,1,2,0,0,2,2,17325,16758,18474,20667,20195,21854,0,2000,2500,0,2000,0,No
80000,Male,1,2,26,0,0,0,0,0,0,56417,50855,47656,35351,32895,22755,2600,4000,3000,3500,3500,2300,No
50000,Female,2,1,32,0,0,0,0,0,0,44751,43952,29136,19048,17946,17340,1500,1239,612,607,2593,584,No
100000,Male,2,2,26,0,0,0,0,0,0,60077,62438,49234,50521,51820,53056,4000,3000,2000,2000,2200,1700,No
200000,Male,1,2,27,0,0,-1,-1,-1,-1,58725,76287,22869,30268,54466,37127,30229,22946,30684,54589,37208,55031,No
480000,Female,1,1,45,-1,0,-1,-1,-1,-1,17976,10928,650,1597,3750,9429,1008,650,1597,3750,9429,1000,No
170000,Female,2,1,34,0,0,0,0,0,0,35348,34622,31450,28229,26422,15081,1402,1789,652,798,1081,173,No
20000,Female,1,2,25,-1,0,0,0,0,0,15790,16906,17936,5995,7885,9657,1372,1500,1000,2000,2000,0,Yes
80000,Male,2,1,28,0,0,0,0,0,0,32114,28984,16391,3729,4663,5429,1324,4122,139,1000,1000,1000,Yes
80000,Male,1,2,26,0,0,0,0,0,0,79650,80821,65609,49640,49685,46684,3515,2627,1697,2000,1700,3000,Yes
300000,Male,2,1,31,1,2,0,0,0,0,250121,221336,159556,32897,20992,12621,10236,7063,1005,1045,1004,1005,No
50000,Female,2,2,24,0,-1,-1,0,0,-2,14814,9631,36631,29150,0,0,10755,36671,583,0,0,0,No
50000,Female,2,1,26,-1,-1,-1,-1,-1,-2,1902,782,0,4699,0,0,782,0,4699,0,0,0,No
100000,Female,3,2,28,2,0,0,0,0,0,99627,101079,69971,60824,60969,59650,3796,3041,2500,2600,2171,2600,No
90000,Female,2,1,45,-1,-1,-1,-1,-2,-2,37453,9009,179,0,0,0,24509,179,0,0,0,0,No
70000,Female,1,2,24,1,2,2,2,2,2,15932,16879,16315,17099,16683,18753,1500,0,1355,0,2353,0,Yes
90000,Female,5,2,23,0,0,0,0,0,0,83176,74918,75422,29364,9571,9665,3504,2942,979,191,193,14210,No
10000,Male,2,2,36,0,0,2,0,0,-1,7393,9400,7226,5733,5755,1600,2329,0,1007,2200,1600,3883,Yes
80000,Male,1,2,27,0,0,0,0,0,0,72565,63342,51529,41484,34097,29200,10000,4000,2000,3000,2500,0,No
70000,Male,1,2,33,0,0,0,0,0,0,63845,65443,65169,64370,15082,0,3224,1680,3000,142,142,0,No
100000,Male,3,1,44,2,2,2,2,2,2,30076,31287,31676,32259,31608,33524,2000,1200,1400,0,2600,0,No
210000,Female,2,1,33,-1,-1,-1,-2,-2,-2,1971,748,0,0,0,0,822,0,0,0,0,0,Yes
360000,Female,3,2,39,1,-2,-2,-2,-2,-2,0,0,0,0,0,0,0,0,0,0,0,0,Yes
180000,Male,1,2,32,0,0,0,0,0,0,85040,77213,68131,62704,60133,59335,2937,2226,2271,2108,3012,1933,No
220000,Male,1,1,45,1,2,0,0,0,0,157122,153320,156996,158717,162122,165399,0,7600,5700,6000,6000,12300,No
200000,Male,1,2,47,-1,-1,-1,-1,-1,-1,696,696,696,696,846,696,696,696,696,846,696,696,No
130000,Female,2,2,25,1,2,0,0,0,0,52180,49874,52000,53590,54606,51033,0,5000,4000,3000,3500,13000,No
200000,Male,2,1,47,-2,-2,-2,-2,-2,-2,389,389,389,389,389,389,390,390,390,390,390,385,No
170000,Female,1,1,44,-1,-1,-1,-1,-1,-1,29940,15903,5641,2194,18601,2557,15927,5641,2194,18601,2557,3871,No
140000,Male,1,2,30,0,-1,-1,-1,-1,-1,22778,6405,1683,-885,3019,-177,6500,2515,0,8000,0,1000,No
50000,Female,3,1,54,0,0,0,0,0,0,50318,50579,48491,29157,29097,29039,2008,3537,5700,1102,1200,1100,No
200000,Female,3,2,26,0,0,0,0,0,2,22629,24943,27210,36359,39299,40428,3000,3000,10000,3700,2000,3000,No
360000,Female,3,1,36,2,0,0,-2,-2,-2,150527,153900,0,0,0,0,7000,0,0,0,0,0,No
50000,Male,2,1,33,0,0,0,0,0,0,13538,9199,6879,6753,5440,5440,2000,1284,264,109,390,0,No
500000,Female,1,2,37,-1,-1,-1,-1,-1,-1,6364,1625,517,0,1450,2668,1625,517,0,1450,2668,1480,No
90000,Female,2,2,30,0,0,0,0,2,2,75382,73980,75036,77094,75708,76610,3350,3300,5500,1600,3950,0,Yes
80000,Female,3,1,33,0,0,0,0,0,0,78428,76513,74383,48315,48831,48950,3373,7248,2980,2000,1903,1851,No
230000,Male,3,1,53,-1,-1,-1,-1,-1,-1,2150,9413,6020,18468,9665,28100,9413,6161,18468,9665,28100,3480,No
120000,Female,1,2,30,-1,-1,-1,-1,-1,-1,416,416,416,0,832,416,416,416,0,832,416,416,Yes
190000,Female,3,1,56,0,0,0,0,0,0,67211,63278,57104,57380,58225,58847,2818,2700,2191,2300,2130,2280,No
500000,Male,2,1,50,0,0,0,0,0,0,265803,246770,223989,223232,219158,212237,16770,13989,33232,29695,32838,38770,No
80000,Female,2,1,42,1,-2,-2,-2,-2,-2,0,0,0,0,0,0,0,0,0,0,0,0,No
450000,Female,1,2,35,1,-2,-1,0,0,-2,0,0,3581,3654,0,0,0,3581,73,0,0,0,No
280000,Female,1,1,30,1,-2,-2,-2,-2,-2,0,0,0,0,0,0,0,0,0,0,0,0,No
360000,Female,3,1,47,-2,-2,-2,-2,-2,-2,1458,-4,3994,0,0,7429,0,3998,0,0,7429,490,Yes
30000,Female,2,2,21,0,0,0,0,0,0,28871,28430,29051,29265,28267,28925,1802,1802,1358,1100,1151,1568,No
50000,Female,2,1,25,0,0,2,0,0,2,35676,34407,30785,31573,35191,34476,3400,0,1300,4300,0,1500,Yes
60000,Female,2,1,49,1,-2,-2,-2,-2,-2,0,0,0,0,0,0,0,0,0,0,0,0,Yes
30000,Female,2,1,28,0,0,0,0,0,-1,8618,9975,4885,1065,-264,942,1700,1020,1000,0,1206,0,No
20000,Male,2,1,49,0,0,0,0,0,-2,16348,10535,10720,10120,0,0,2010,1508,1000,0,0,0,Yes
20000,Male,3,3,57,1,2,0,0,0,0,20442,20141,19888,20318,20364,20134,1200,1300,1000,1000,1000,1000,No
200000,Male,1,1,43,2,0,0,0,-2,-2,43272,21546,4397,0,0,0,2000,2000,0,0,0,0,Yes
100000,Female,1,2,25,-2,-2,-2,-2,-2,-2,0,0,0,0,0,0,0,0,0,0,0,0,No
300000,Female,3,1,39,-1,-1,-2,-2,-2,-2,1117,0,0,0,0,0,0,0,0,0,0,0,No
210000,Female,1,2,39,1,-2,-2,-2,-2,-2,0,0,0,0,0,0,0,0,0,0,0,0,No
70000,Female,3,1,71,0,0,0,2,0,0,64670,66197,70867,54425,55555,48530,3166,6550,0,2033,1915,1708,No
440000,Male,1,1,31,1,2,2,2,0,0,274263,267233,360999,149363,142757,119034,0,100006,0,6000,4000,8000,Yes
410000,Male,1,2,33,-1,-1,-1,0,0,0,4111,874,25014,26184,21515,15656,897,26880,15083,12049,4077,5541,No
110000,Male,1,1,36,0,0,0,0,0,0,104498,107819,109836,44356,45932,47473,5000,4823,2000,2000,2000,2000,No
200000,Female,1,2,36,0,0,-2,-2,-2,-2,120869,0,0,0,0,0,0,0,0,0,0,0,No
180000,Female,3,1,42,-1,-1,-1,0,-1,-1,2069,2675,448,448,29926,5287,2675,448,0,29926,5287,10843,Yes
150000,Female,1,1,46,0,0,0,0,0,0,21787,22817,24134,24635,29032,29766,1382,1699,1200,5000,1214,1500,No
330000,Female,1,2,33,1,-2,-2,-1,2,2,-200,-200,-200,150,150,350,0,0,350,0,200,0,No
500000,Female,2,1,41,-1,-1,2,-1,-1,-1,8938,73679,65181,5466,30177,11602,65215,326,5494,30328,11658,132,No
200000,Female,2,1,36,-1,-1,-1,0,-1,-1,473,4511,5122,1936,1771,0,4528,5122,0,1771,0,604,Yes
280000,Male,1,1,45,-1,-1,-1,-1,-1,-1,2270,1703,-15,30943,15631,17508,1703,0,30958,15631,17508,10049,Yes
80000,Female,3,1,39,-1,-1,-1,-1,-2,-1,5280,5000,5000,0,0,5000,5000,5000,0,5000,5000,470,No
280000,Female,1,2,29,-1,-1,-1,-1,-1,-1,4356,12345,2663,867,3060,858,12384,2664,867,3060,858,3193,No
160000,Female,2,1,49,0,0,0,0,0,0,76445,78013,19007,19392,19928,20445,4000,3000,1000,1000,1000,1000,No
20000,Female,2,2,23,2,2,7,7,7,6,2400,2400,2400,2400,2400,1800,0,0,0,0,0,0,Yes
300000,Female,2,2,32,0,0,0,0,0,-2,26575,27062,20111,8738,250,0,1321,9160,1000,250,0,0,No
100000,Female,1,2,32,0,0,0,0,0,0,93724,96017,98111,68668,66845,67452,3800,4000,2500,2500,3000,2600,No
130000,Male,2,1,38,-1,-1,-1,-1,-1,-1,780,0,11440,3752,1824,390,0,11440,3752,1824,390,390,No
500000,Male,1,1,55,2,2,2,2,2,2,4957,4957,4957,4957,4957,4957,0,0,0,0,0,0,Yes
360000,Female,1,2,30,0,0,0,0,0,0,70701,74550,78212,69453,73423,72575,10000,10005,10000,10000,10000,10000,No
20000,Female,2,1,26,1,-2,-2,-2,-2,-2,0,0,0,0,0,0,0,0,0,0,0,0,Yes
30000,Female,5,1,60,0,0,0,0,0,0,19282,20364,21638,25392,24428,26410,1700,2617,5710,1000,3342,0,No
50000,Male,2,1,55,1,2,0,0,-1,-1,44306,43321,43454,44254,2150,1689,0,1200,1000,2150,1689,0,No
210000,Female,1,1,36,1,-1,-1,-2,-1,-1,0,799,0,0,4150,0,799,0,0,4150,0,0,Yes
50000,Female,1,2,49,2,2,4,4,4,4,150,150,150,150,150,150,0,0,0,0,0,0,Yes
170000,Female,5,1,33,0,0,0,0,0,0,143737,129898,124370,112589,26958,8535,6247,6375,4468,1000,1306,110000,No
230000,Male,1,1,44,-1,-1,-1,-1,0,-1,815,815,815,1630,815,815,815,815,1630,0,815,629,No
350000,Female,1,1,36,0,0,0,0,0,0,352032,353903,351888,351175,352835,354265,13068,14412,12947,13016,12823,12915,No
170000,Female,1,2,36,-1,-1,2,-1,-1,-1,248,832,416,2304,323,-1092,1416,0,2304,0,0,0,No
150000,Female,2,1,36,2,2,2,2,2,2,137723,141048,142475,143966,146736,149697,7000,5200,5300,5200,5500,5200,No
320000,Female,1,2,33,-2,-2,-2,-2,-2,-1,-347,-347,-347,-347,-347,13694,0,0,0,0,14041,1613,No
120000,Female,2,2,45,0,0,0,0,0,0,92000,94000,96000,98000,100000,0,2000,2000,2000,2000,0,0,No
20000,Female,3,1,56,2,0,0,0,0,0,12864,14150,15334,16222,17598,9950,1500,1500,1000,1500,1500,1500,No
280000,Female,1,1,41,2,-1,-1,-1,-2,-1,280,6852,486,0,0,244,6859,486,0,0,244,0,No
90000,Female,2,2,28,0,0,0,0,0,-2,81553,39759,29601,20650,0,0,2000,1396,1050,0,0,0,No
450000,Male,1,1,30,0,0,-2,-2,-2,-2,25244,0,0,0,0,0,0,0,0,0,0,134745,No
270000,Male,2,2,27,0,0,0,0,0,0,144376,91373,15016,14092,14315,111458,6000,2000,1000,2000,100000,100000,No
80000,Female,2,1,41,0,0,0,0,0,0,74228,76138,45441,30526,28356,2661,3500,2000,1400,1600,400,1000,No
230000,Female,2,1,41,0,0,0,0,0,0,166988,170603,172056,172615,174555,177010,8000,7500,6500,6500,7000,7068,No
50000,Female,2,1,30,-1,-1,2,-1,2,2,416,832,416,3285,2685,2270,832,0,3285,0,190,0,Yes
250000,Male,1,1,48,0,-1,-1,-1,0,-1,205323,5317,4898,19351,4858,6973,10021,5033,19619,4874,7050,12073,Yes
220000,Female,1,2,42,-1,-1,-1,-1,-1,-1,26340,31523,35718,24288,25720,48759,31533,20600,24288,25720,48759,23303,No
30000,Female,1,1,38,0,0,0,0,0,0,26460,27042,27617,28546,13487,8307,2000,1400,1300,700,1000,0,No
120000,Male,2,2,68,2,2,0,0,0,0,125406,123819,122209,122047,122019,130079,4400,4436,4370,4440,12600,4500,Yes
100000,Female,2,2,26,0,0,0,-1,0,0,22320,15193,13516,1541,8805,11329,1227,1150,1600,8000,5000,0,No
150000,Female,1,2,25,3,3,2,2,2,2,147260,148157,146844,145037,145349,145506,8100,5202,5300,5300,5300,5500,Yes
70000,Female,3,1,47,0,0,0,0,0,0,71392,70757,71451,70654,70965,71373,3200,3400,2900,2750,3152,2700,No
50000,Female,2,1,41,1,2,2,2,2,0,15910,15370,16490,16962,15446,14739,0,1700,1002,2,684,442,No
80000,Female,2,2,64,2,2,0,0,0,0,74037,71892,70762,71296,72832,74138,390,4000,2671,4000,2670,2923,Yes
10000,Male,1,2,23,2,2,3,3,3,3,1050,1050,1050,1050,1050,1050,0,0,0,0,0,0,Yes
140000,Female,1,1,37,0,0,2,2,2,2,124375,133384,135691,137675,135371,138455,11000,6000,5700,0,5500,5000,Yes
200000,Male,2,2,36,0,0,0,0,0,0,99483,97546,98897,94943,96967,99016,4841,4300,3300,3361,3500,3206,Yes
90000,Female,2,2,24,0,0,2,2,2,2,26928,29773,30091,30922,34112,34280,3600,1100,1630,4000,1200,0,Yes
130000,Female,2,1,52,1,2,2,2,0,0,112434,98455,103351,100724,97675,102080,0,12700,0,4000,11461,0,No
160000,Female,2,2,26,-1,-1,-1,-1,0,-1,8036,7663,768,10488,4724,104205,7663,768,10488,2049,104205,3000,No
150000,Female,3,1,58,-2,-2,-2,-2,-2,-2,42218,44828,-7772,-7772,69762,71591,4828,0,0,77534,2991,4509,No
150000,Female,1,2,34,-2,-2,-2,-2,-2,-2,1198,10848,8830,16864,17199,20025,12003,5000,16864,18000,20025,51514,No
20000,Male,1,2,24,-1,-1,-1,2,0,0,3302,0,679,679,5679,7570,0,679,0,5000,2000,0,No
80000,Female,1,2,26,-1,-1,-1,0,-1,-1,666,666,1332,666,666,416,666,1332,0,666,416,416,Yes
460000,Male,2,1,31,0,0,0,-1,-1,-2,120430,123150,0,6261,0,0,6000,0,6261,0,0,0,No
60000,Female,3,1,40,1,-1,0,0,-1,0,749,44893,34812,15768,25915,25058,60295,3000,3020,25915,1500,2000,Yes
50000,Male,2,1,38,0,0,0,0,0,0,49695,49848,49557,49233,49068,48542,2200,2100,2000,2000,1700,1900,Yes
200000,Female,3,1,35,0,0,0,0,0,0,188096,171535,167877,128550,131511,127781,8000,6700,5000,5100,4700,4800,Yes
60000,Female,2,1,30,0,0,0,0,0,0,59533,61276,61117,25254,26237,26752,3300,1900,1100,3000,1011,5000,No
230000,Male,1,1,33,0,0,0,0,0,0,218094,225070,227528,121751,219354,111792,12000,9100,4600,4200,4100,5000,No
50000,Male,2,1,38,0,0,0,0,0,0,25809,14888,20803,18395,18386,18420,2000,20000,700,665,727,505,No
60000,Female,3,2,51,0,0,0,0,0,0,56793,57455,59295,19212,19232,19218,2342,3057,700,700,682,700,No
180000,Male,2,1,47,-1,-1,-1,-1,-1,-1,1473,1473,390,390,390,780,1473,390,390,390,780,0,Yes
50000,Female,2,1,47,0,0,0,0,0,0,50732,50713,45549,40043,39844,39599,2000,2106,1600,1606,1581,2000,No
150000,Male,3,1,62,1,-2,-2,-2,-2,-2,0,0,0,0,0,0,0,0,0,0,0,0,No
140000,Female,2,1,36,-1,-1,-1,-1,-1,-1,326,501,1251,0,2106,652,501,1251,0,2106,652,0,Yes
500000,Male,1,2,31,1,-2,-1,0,0,0,0,0,399,35528,10389,0,0,399,35129,0,0,1307,No
50000,Female,3,2,23,0,0,0,0,0,0,47333,11354,12367,12612,12875,13131,1193,1206,451,466,469,638,No
240000,Male,1,1,35,-2,-2,-2,-2,-2,-2,2007,21790,17102,13367,22659,22707,21817,1120,13434,22772,22820,8050,No
170000,Female,2,1,37,1,-2,-2,-2,-2,-2,0,0,0,0,0,0,0,0,0,0,0,0,No
80000,Male,1,2,26,1,1,-2,-2,-2,-2,74384,0,0,0,0,0,5000,0,0,0,0,0,No
360000,Male,1,2,29,-1,-1,-1,-2,-1,0,2273,1170,0,0,7972,8275,1175,0,0,7972,435,2947,No
50000,Female,2,2,24,2,0,0,2,2,2,20632,21994,23914,23231,24851,24301,1700,2600,0,2000,0,2200,Yes
70000,Female,2,1,27,2,0,0,0,0,0,76062,73367,70935,52943,50971,50681,3000,3500,5450,5900,3100,2650,Yes
250000,Female,2,1,29,2,2,2,0,0,2,128413,124320,108995,84196,95286,93613,5300,0,3100,12500,0,2100,Yes
150000,Female,1,1,39,1,2,2,2,2,2,80762,77506,75239,71245,69214,24036,0,3700,0,2000,0,2000,Yes
100000,Female,2,1,41,-2,-2,-2,-1,-1,-2,390,390,0,944,0,0,780,0,944,0,0,0,No
30000,Female,3,1,47,-2,-2,-2,-2,-2,-2,6911,10507,4785,4567,11762,4209,10523,4790,4736,55762,4209,22815,No
490000,Male,1,1,29,-1,-1,-1,-1,0,-1,115,109,1375,230,115,113,109,1381,230,0,113,0,Yes
180000,Female,2,1,60,2,2,2,0,0,0,178854,177159,177477,176197,170173,139649,2600,5022,5000,6000,7000,6000,Yes
420000,Female,1,1,36,-1,-1,-1,-1,-1,-1,0,1493,0,11511,14916,15564,0,0,11511,14916,15564,11339,No
20000,Male,1,2,33,2,0,0,-2,-2,-2,16339,20650,0,0,0,0,5000,0,0,0,0,0,Yes
350000,Male,1,2,27,1,-2,-2,-2,-1,-1,21872,68309,162651,13514,36306,14974,137308,164395,49,36491,15049,14158,No
360000,Male,2,1,57,1,-2,-2,-2,-2,-2,0,0,0,0,0,0,0,0,0,0,0,0,Yes
240000,Female,1,2,27,-2,-2,-2,-2,-2,-2,3293,9051,2804,3958,12157,3874,9079,2804,3958,12157,3874,937,No
280000,Female,1,2,30,-1,-1,-1,-1,-1,-1,29989,168,1206,300,460,861,168,1206,300,460,861,7595,Yes
150000,Female,2,1,39,0,0,0,0,0,0,32891,30930,28901,27587,25531,26586,5000,1650,2000,2000,3000,2000,No
320000,Male,2,2,30,0,0,0,0,0,0,29668,30282,30737,26875,26318,25880,1353,1224,739,742,751,703,No
20000,Female,2,2,22,-1,-1,2,0,0,-1,631,1170,780,390,0,780,1800,0,0,0,2000,0,Yes
50000,Female,3,1,36,0,0,0,0,0,2,45260,46605,47317,48259,50245,50265,2075,1787,1729,2765,1000,2000,Yes
280000,Male,1,2,33,0,0,0,0,0,0,275487,207378,107293,6283,5783,5283,8879,4743,1640,0,0,0,No
260000,Female,1,2,53,0,0,0,0,0,0,235073,235704,198181,143561,110982,72514,30000,10087,6030,5001,10002,148,No
500000,Male,1,1,56,0,0,0,0,0,0,87161,89009,92651,93725,95517,97581,3248,5140,3510,3461,3646,3770,No
470000,Male,1,2,35,0,0,0,0,0,0,393780,371511,318025,248281,254175,256613,15107,13111,10000,10014,9598,10044,No
150000,Female,2,2,23,0,0,-1,0,0,-2,15952,29836,1860,1535,0,0,20039,1860,0,0,0,0,No
100000,Female,3,1,46,0,0,2,2,2,2,91983,100538,101670,98047,101891,98173,11000,3700,0,7500,0,3800,No
100000,Male,1,2,38,1,2,2,2,2,2,24796,27085,26352,33871,33192,35637,3000,0,8000,0,3000,0,No
220000,Male,2,2,39,-1,-1,0,0,0,0,3553,15696,17257,21624,26246,30781,15696,5000,5000,5000,5000,5000,No
230000,Female,1,2,31,-2,-2,-2,-1,-1,-1,0,0,196,533,1238,957,0,196,533,1238,957,1187,No
300000,Female,3,2,39,1,-2,-1,-1,-1,-1,-3928,-5973,4735,6186,116,14429,1720,344467,6822,49,15000,12000,Yes
50000,Male,3,2,48,0,0,0,0,0,-1,79681,79989,76394,24873,-2132,28561,3200,2581,1200,2070,31500,1200,No
170000,Male,3,1,47,-2,-2,-2,-2,-2,-2,1521,0,0,0,0,0,0,0,0,0,0,0,No
30000,Female,1,2,34,1,2,2,2,2,2,24022,24744,24053,25624,25977,25413,1396,0,1967,903,0,1100,Yes
30000,Female,1,2,24,-1,-1,-1,-1,2,2,165,165,165,323,158,-1027,165,165,323,0,0,5527,Yes
20000,Male,2,1,42,0,0,0,0,0,0,21431,19745,19943,19235,19245,13670,1386,1189,570,589,600,200,Yes
220000,Male,3,1,44,-1,-1,-1,-1,-1,0,380,380,380,380,56663,57436,380,380,380,56663,2000,2000,No
70000,Female,1,1,62,0,0,0,0,0,0,69926,69474,60975,38546,37843,38632,4000,3000,1341,1359,1403,1352,No
330000,Female,2,2,40,2,2,0,0,0,0,131096,127564,130167,132754,135691,139646,0,4725,4752,5077,6366,8550,No
370000,Male,1,1,40,1,-2,-2,-2,-2,-2,0,0,0,0,0,0,0,0,0,0,0,0,Yes
230000,Male,1,2,28,-2,-1,-1,-1,-1,-1,23855,18298,1741,16594,18261,18333,18309,1741,33188,20000,19000,19319,No
50000,Male,3,1,49,0,0,0,0,0,-1,40281,9630,10614,10478,10490,390,1173,1157,411,608,690,780,No
360000,Male,2,2,31,0,0,0,0,0,0,281600,281178,265549,244053,239088,193401,14128,11208,6554,7248,7122,6144,Yes
390000,Female,2,2,37,0,0,0,0,0,0,324452,309369,269703,266017,271657,245958,13106,10111,10005,11000,9007,9000,No
30000,Female,2,1,27,0,0,2,2,0,0,10011,12830,13225,12718,12829,13083,3000,901,0,465,467,485,Yes
120000,Female,3,2,32,0,0,0,0,0,0,67876,69903,71446,79589,81354,83044,3120,3300,10000,3200,3200,10000,No
20000,Female,2,1,27,0,0,0,0,0,0,19961,16437,16579,17437,18314,19616,1500,2579,1437,1314,1616,800,No
50000,Female,2,1,48,0,-1,-1,0,-1,-1,5994,1478,2946,1473,1473,1473,1478,4419,0,1473,1473,1473,No
110000,Female,1,1,32,2,2,0,0,2,2,114430,108202,108657,108668,103867,111842,0,6000,8200,0,9956,4000,Yes
50000,Male,2,2,25,2,2,2,3,2,0,32233,31440,33489,18968,15611,19304,0,3041,0,3,5700,700,No
50000,Male,2,2,35,0,0,0,0,0,-1,57570,54383,49966,7825,3753,34287,2460,1140,226,555,35190,1203,Yes
240000,Female,3,1,37,-2,-2,-1,-1,-2,-1,-3,-3,1130,3525,0,2116,0,1133,3525,0,2116,7442,No
90000,Male,3,2,29,0,0,0,0,0,0,83683,65192,46273,46979,48139,44432,4000,3000,1700,2000,1591,2647,No
150000,Female,1,1,29,-1,-1,-1,-1,-1,0,598,3188,33850,4625,1035,520,3188,33850,4625,1035,0,0,Yes
100000,Female,2,1,35,3,3,2,2,0,0,61089,59556,60486,58296,33247,34118,0,2525,0,1206,1423,3400,Yes
70000,Female,1,2,24,2,2,2,0,0,0,26410,31128,24486,21879,13127,14149,5190,42,3000,3000,1400,2000,Yes
150000,Male,1,2,31,0,-1,-1,0,0,0,64378,14054,140230,98674,107664,111561,14127,140951,10000,10000,5219,50005,No
50000,Male,1,2,48,0,0,-1,0,0,0,53540,53321,49263,29063,26644,27201,1066,50045,992,1000,1000,1008,No
200000,Male,1,2,33,-2,-2,-2,-2,-2,-2,-18,-18,-18,-18,-18,-18,0,0,0,0,0,0,Yes
150000,Female,2,1,28,0,0,0,0,0,0,19946,18646,13086,13086,3555,0,2000,1500,1500,1000,0,0,No
50000,Male,2,2,25,0,0,0,0,0,0,5832,33559,32774,23113,19852,17308,30074,1800,1000,700,1000,1000,No
300000,Male,1,2,31,0,0,-1,0,-1,-1,16772,943,38450,29925,33769,21020,934,38500,29700,33769,21020,5418,No
50000,Female,2,1,44,0,0,0,0,0,0,45578,41906,35703,22360,23659,27421,3016,5003,3000,3000,5000,924,No
30000,Male,1,2,30,1,-2,-2,-2,-2,-2,0,0,0,0,0,0,0,0,0,0,0,0,Yes
380000,Male,1,1,53,1,-1,-1,-1,-1,-1,0,767,4090,9471,1993,1164,767,4090,9476,1993,1164,3514,No
70000,Female,1,1,45,1,2,2,0,0,0,69794,70756,65348,58253,35943,27930,3000,0,3000,5943,10000,2249,No
360000,Male,2,2,28,0,0,-1,0,0,0,19390,22726,12148,12885,12994,15320,7113,12163,3787,714,5369,10026,No
50000,Male,2,2,41,0,0,0,0,0,0,41993,43163,36546,6421,5263,-12,1942,1725,1000,400,0,0,No
20000,Female,1,2,30,1,2,2,-1,0,-1,11730,7221,0,3041,3041,1326,1712,0,3041,0,1326,0,No
30000,Male,2,1,49,0,0,2,2,0,0,12855,16012,16453,15891,16224,16710,3690,1000,0,589,756,1500,No
50000,Female,3,2,55,0,0,0,0,0,0,51682,37869,27114,29625,32788,28668,3960,7232,11000,15788,13668,4490,No
30000,Female,3,1,37,0,0,0,0,0,0,26411,27578,29312,29680,29689,31050,1898,2632,1000,1176,830,0,No
260000,Male,1,1,38,-1,-1,-1,-1,-1,-1,10448,1199,6675,1175,888,4186,1211,6818,1180,892,4207,6175,Yes
200000,Female,1,2,29,0,0,0,0,0,0,7523,8445,9090,3270,774,0,3000,1000,0,700,0,0,No
50000,Male,1,1,56,-1,0,0,0,0,0,5433,12906,7044,6787,6534,6277,1117,1098,231,234,238,175,Yes
170000,Male,1,1,45,-1,-1,-1,-1,-1,-1,3479,570,0,1546,4981,4769,570,0,1546,4981,4769,6452,No
500000,Male,1,2,29,-1,0,0,0,0,0,15732,15760,18426,19200,3817,4817,3000,3000,2000,1000,2000,1885,No
220000,Male,2,1,46,2,0,0,0,0,0,157646,159833,160032,162303,164700,166756,5800,5759,5938,6200,6009,6044,No
150000,Female,1,2,30,0,0,0,0,0,0,141330,133582,125026,108358,110070,111654,8000,8000,5000,5000,5000,5000,No
50000,Female,2,1,34,2,2,2,2,2,2,44654,45650,46320,45290,48322,49094,2000,1700,0,3760,1700,0,No
50000,Male,2,1,52,0,0,0,0,0,0,46436,41290,40251,15273,14229,15001,2300,2000,1000,1000,1000,1000,No
100000,Female,1,2,26,0,0,0,0,0,0,91857,78797,70936,68104,68055,68084,3572,2600,5600,2600,2600,2510,No
310000,Female,2,2,25,0,0,0,0,0,0,28598,22017,14605,15125,18048,16607,8820,1576,1000,3100,2000,1000,No
510000,Female,1,1,35,0,0,0,0,0,0,62382,55076,113654,104449,95937,96634,5000,70000,3500,4000,3500,5000,No
200000,Male,2,1,41,1,2,2,2,2,-1,11201,1383,976,1126,563,413,980,0,563,0,413,2513,No
50000,Male,3,1,43,0,0,2,0,0,0,7978,11396,8900,8565,8590,19894,3887,0,453,312,1500,500,No
300000,Female,1,2,38,1,3,2,0,0,-1,10361,9692,3772,1919,316,2360,0,3,0,0,2360,0,No
450000,Female,1,1,40,1,-2,-2,-2,-2,-2,0,0,0,0,0,0,0,0,0,0,0,0,No
30000,Male,2,2,27,-1,-1,-1,-1,-1,-1,3902,1950,890,0,750,0,1950,2390,0,750,0,1280,No
60000,Female,1,2,27,-1,-1,-1,-1,-1,2,836,836,390,150,1320,780,836,390,150,1560,0,0,No
140000,Female,2,2,23,2,0,0,0,0,0,25621,26805,27763,28342,29123,29930,1600,1500,1000,1200,1250,1200,Yes
50000,Female,2,2,32,0,0,0,0,0,0,36211,28530,20084,18088,18476,20168,1709,2004,7497,671,2000,6100,No
90000,Female,3,2,28,0,0,0,0,0,2,86493,86960,87187,86669,90391,87207,4200,4000,3200,6700,0,4000,No
190000,Female,2,1,34,0,0,2,0,0,2,138628,156232,152251,153820,163265,166627,21440,0,5600,11950,6200,0,No
150000,Female,1,2,29,0,0,0,0,0,0,147331,146999,146277,147946,145846,143531,6740,6850,5664,5660,5480,5310,No
390000,Female,2,2,28,-1,-1,-1,-1,0,-1,19081,1170,6512,14122,7894,3927,1170,6512,14122,0,3927,200,No
30000,Male,3,1,47,0,0,0,0,0,0,28923,29803,25373,23231,23913,21120,1586,1365,1663,5106,1050,0,No
240000,Male,1,1,60,2,0,0,0,0,0,184427,188583,191992,185383,179565,92788,7001,6180,6000,5951,5285,192557,Yes
260000,Female,1,2,29,-1,-1,-2,-1,-1,-1,470,0,0,550,880,1287,0,0,550,880,1287,925,Yes
30000,Male,3,2,25,0,0,0,0,0,-2,10198,28773,18031,13127,0,0,18808,1200,263,0,0,0,No
500000,Female,1,2,28,0,0,0,0,0,0,58076,59534,51006,44360,34229,37880,2001,6620,6015,10001,4137,5000,No
60000,Female,2,2,29,2,2,2,0,0,0,41387,42117,41140,42110,42988,43841,1685,0,1655,1707,1718,1775,No
200000,Male,3,1,30,0,0,0,0,0,0,144933,148103,148137,151505,154728,157912,7000,4000,4000,4000,4000,4550,No
80000,Male,2,1,31,0,0,0,0,0,0,70664,62223,26400,27201,27363,-4000,2036,1500,1201,1500,2000,2000,No
100000,Female,2,2,30,1,-2,-2,-2,-2,-2,-4,-4,-4,-4,-4,-4,0,0,0,0,0,0,No
380000,Male,1,1,42,-1,-1,-1,-1,-2,-1,4377,-3,3885,0,1140,505,0,3888,0,1140,505,0,No
210000,Male,2,1,30,0,0,0,0,0,0,32903,33275,34174,34141,34456,34737,1600,1846,1209,1248,1247,1212,Yes
10000,Male,2,2,27,0,0,0,0,0,0,8257,7995,4878,5444,2639,2697,2000,1100,600,300,300,1000,Yes
500000,Male,2,1,44,0,0,0,0,0,0,91718,93338,96781,98274,100528,102748,4000,5000,4000,4000,4091,6169,No
270000,Male,1,2,29,0,0,0,0,0,0,227479,181629,185614,189524,193971,199763,7000,7000,7000,7500,9000,10000,No
50000,Male,2,2,25,0,0,0,0,0,0,21006,18851,19722,19644,18687,18033,4788,1532,1002,1006,2004,2309,No
120000,Female,1,2,36,0,0,0,0,2,2,84171,76025,78068,78589,77213,82567,3438,4000,12242,0,6894,0,No
280000,Male,1,2,28,0,0,0,0,0,-1,281663,211805,96763,67554,-3,1244,80019,5000,439,10603,1247,2187,No
360000,Male,1,1,38,-1,-1,-1,-1,-1,-1,7975,4062,1914,4877,2100,3602,4062,1914,4877,2100,3602,9452,No
210000,Female,1,2,30,1,-1,-1,-1,-1,-1,0,795,588,1488,609,768,795,588,1488,609,768,588,No
390000,Male,1,2,29,0,-1,0,0,0,0,9918,15918,103169,95669,88080,80576,16008,100000,5000,4000,4000,3000,No
10000,Female,2,2,27,0,0,0,0,0,0,6691,7723,17734,9081,8877,9261,1142,1286,500,320,529,500,No
120000,Female,2,1,43,-2,-2,-2,-2,-2,-2,0,999,0,0,0,0,999,0,0,0,0,0,Yes
200000,Male,3,1,43,-1,-1,-1,0,0,-1,1435,1270,3783,2522,1261,1436,1270,4000,0,0,1436,1261,No
80000,Female,2,1,37,-1,-1,-1,-1,-1,-1,1480,3832,898,425,0,2791,3832,898,425,0,2791,0,No
60000,Female,2,2,27,0,0,0,0,2,0,12193,13983,15746,17486,17067,17255,2000,2000,2000,0,620,1710,No
130000,Female,2,2,39,2,2,2,2,0,0,50033,52440,52993,51546,52663,53737,3500,2000,0,2100,2100,2200,Yes
100000,Female,2,2,29,0,0,0,0,0,-1,17848,19032,19664,16407,15068,40794,1775,1407,328,935,42000,1500,No
20000,Male,2,1,45,-1,2,2,0,0,0,3213,4308,4093,4866,6781,7668,1300,0,1000,2000,1000,0,No
460000,Male,1,2,34,0,0,0,0,0,0,45358,42991,45848,50875,56479,50889,2613,7021,10019,10051,10046,5016,No
80000,Male,2,2,32,1,2,0,0,0,-2,82212,79682,28242,21400,0,0,7,1200,1408,0,0,0,No
240000,Female,1,2,28,0,0,0,0,0,0,209848,214477,218142,195913,197823,189111,10000,9000,7000,7000,6625,7000,No
200000,Female,3,1,38,0,0,0,0,0,0,97584,75187,72556,63524,49914,18068,3600,2500,3000,2000,2000,2000,No
230000,Male,2,2,29,-2,-2,-2,-2,-2,-2,200,840,0,3458,499,5180,840,0,3458,499,5180,0,No
260000,Female,1,1,53,2,-1,-1,-1,-1,-1,827,827,827,827,755,-72,827,827,827,755,0,1726,No
320000,Male,2,2,29,0,0,0,0,0,0,324693,321110,325024,322246,297637,301575,11650,12500,11900,10503,10886,10040,No
280000,Female,2,1,47,0,0,0,0,0,-1,231181,26610,24910,20133,5821,143866,1610,1910,1133,821,155681,4785,No
120000,Male,2,2,29,1,2,0,0,2,2,87376,85135,86024,91380,93263,95079,0,3200,6800,3500,3500,0,Yes
400000,Female,1,2,27,1,-2,-1,0,0,-1,140,140,12527,12640,14805,238,140,12527,253,2305,238,238,No
50000,Female,1,1,55,0,0,0,0,0,0,25043,26411,27451,19431,19837,20232,1775,1815,695,719,724,750,No
10000,Female,1,2,23,2,2,7,7,7,6,2400,2400,2400,2400,2400,1800,0,0,0,0,0,0,Yes
70000,Male,2,2,26,0,0,0,0,0,0,69900,67591,68338,26916,27480,28043,2506,1925,1000,997,1020,1100,No
210000,Male,1,1,30,0,0,0,0,0,2,65600,63396,64150,66135,70118,67254,2300,3000,3000,5000,0,3000,No
140000,Female,2,1,39,-1,-1,-1,0,0,0,1007,3680,4214,3790,3357,3426,3685,4214,76,67,69,1376,No
290000,Male,2,1,50,-1,-1,-1,-2,-2,-2,929,1729,0,0,0,0,1732,0,0,0,0,335,No
30000,Male,3,1,32,0,0,0,0,0,-1,28292,30494,28317,16454,450,1400,3000,1431,483,0,700,0,No
110000,Female,1,2,32,1,2,0,0,0,2,58679,56871,56279,24271,52040,25453,1210,2056,1200,2300,0,1000,Yes
20000,Female,3,2,54,0,0,2,2,2,0,9777,10140,9360,9833,9153,9116,2000,1000,1000,0,500,500,No
220000,Female,2,1,36,0,0,0,0,0,0,136556,139453,142295,145127,148159,151462,5100,5163,5196,5372,5761,5396,No
180000,Female,2,1,36,-1,-1,-2,-1,-1,-1,682,0,0,1012,0,669,0,0,1012,0,669,0,No
30000,Male,1,2,26,4,3,2,0,0,-2,25899,25177,22768,18600,0,0,0,600,800,0,0,0,Yes
50000,Female,2,2,31,1,-2,-2,-2,-2,-2,0,0,0,0,0,0,0,0,0,0,0,0,No
150000,Male,3,1,29,0,0,-2,-2,-2,-2,38675,0,0,0,0,0,0,0,0,0,0,0,No
140000,Male,3,2,30,1,3,2,2,2,0,84014,85107,82532,81236,78306,72173,3300,0,6500,0,3000,3000,No
200000,Female,1,1,33,0,0,0,0,0,0,105775,88262,69596,32709,31816,33368,3493,2536,1065,10020,6097,5022,No
400000,Male,1,1,44,-1,-1,-1,-1,-1,-1,4482,-10,1903,850,808,775,0,1913,850,808,775,380,No
130000,Female,2,1,28,2,2,0,0,0,0,135805,125973,95602,91328,93099,95825,75,3369,3423,3400,4275,2307,No
50000,Female,2,2,22,0,0,0,0,0,0,38604,36684,33826,30387,28850,29022,1575,1757,1047,1042,1036,1039,No
190000,Male,2,1,51,0,0,0,0,0,0,86713,75143,43487,34904,108419,75455,3359,13487,1414,40710,43406,2773,Yes
470000,Female,1,2,40,0,0,0,0,0,0,17243,14722,15270,15615,16261,16969,1243,1300,600,900,1000,1324,Yes
280000,Male,1,1,55,-1,-1,0,0,2,-1,2326,4917,4906,4707,2254,5375,4917,2453,2254,0,5375,1165,No
340000,Female,2,2,32,0,0,0,0,0,0,169246,100967,102819,105477,107454,110419,6000,4500,5000,4000,5000,4000,No
110000,Male,2,2,27,0,0,0,0,0,0,103550,105089,107164,105988,108617,103497,6000,6000,4000,5000,4000,4000,No
440000,Female,2,2,27,-1,0,0,0,0,0,25154,27028,29098,21447,13547,16008,10011,5052,3163,5010,5000,5000,No
70000,Female,2,2,24,-2,-2,-2,-1,-1,0,63912,53137,45078,6823,28989,29059,2400,2000,1000,30848,975,863,No
120000,Female,2,2,49,0,0,0,0,-2,-2,3903,2246,3040,0,0,0,1300,1000,0,0,0,0,No
300000,Female,2,2,27,-1,-1,-1,0,0,-1,12752,9314,26887,23981,19378,12759,9314,27187,13981,9378,12759,16980,No
60000,Female,1,2,25,0,0,0,0,0,0,16313,10253,7735,6923,7035,9175,5000,3000,2000,2000,4000,800,No
180000,Male,2,2,36,-1,-1,-1,-1,0,-1,100,100,109,1863,1763,591,100,109,3626,0,907,1208,Yes
360000,Male,1,2,35,-1,-1,-1,-1,-1,-1,15798,16630,15687,38750,15802,15730,16713,15766,38944,15881,15809,30594,No
150000,Male,1,1,49,-2,-2,-2,-2,-2,-2,15472,14860,19601,13262,14329,34193,14877,19608,13280,14329,34193,7880,No
70000,Female,1,2,28,0,0,0,0,0,0,20335,21699,22460,20345,42123,19852,2000,1500,3000,721,1200,2000,No
150000,Female,2,1,44,0,0,0,0,0,0,61951,55504,22050,17360,17360,12000,15000,1200,0,0,0,0,No
440000,Female,1,1,33,-2,-2,-2,-2,-2,-1,0,0,0,0,0,100,0,0,0,0,100,300,No
500000,Male,1,1,52,1,-1,-1,-1,-1,-1,-5,43528,104315,71776,60753,0,43533,104406,71776,60753,0,8200,No
260000,Male,2,2,29,1,2,0,0,0,0,263943,258331,261518,194791,198894,197564,0,7700,6000,6130,7500,6500,Yes
360000,Male,1,2,29,1,-2,-2,-2,-2,-2,0,0,0,0,0,0,0,0,0,0,0,0,No
140000,Male,1,2,28,0,0,0,0,0,0,132880,133904,134552,135151,136327,136647,6400,7000,5000,5200,5100,5000,No
10000,Male,1,2,24,0,0,2,0,0,0,4216,6476,6224,6347,12856,8078,2500,0,227,239,3412,0,Yes
210000,Male,2,1,35,0,0,0,0,0,0,128595,131627,136428,54058,55398,56698,4606,6815,1800,2000,2000,2000,No
20000,Male,2,2,27,2,0,0,0,0,2,13747,15020,16059,16081,17423,17695,1500,1600,580,1600,700,0,Yes
240000,Male,1,1,44,-1,-1,-1,-1,-1,-1,4221,2188,2701,2427,1104,2362,2188,2701,2427,1104,2362,519,No
30000,Male,2,2,51,5,4,3,2,3,2,26551,25855,25146,26549,25849,25285,0,0,2113,0,0,2191,Yes
450000,Female,2,1,38,-2,-2,-2,-2,-2,-2,10972,15005,13887,17255,17515,0,15008,1200,5255,4566,0,3648,No
60000,Female,3,2,40,-1,-1,0,0,0,-1,24496,20329,15219,16158,14295,10930,20391,1200,3658,0,10930,11677,No
100000,Female,2,2,30,0,0,0,0,0,0,58335,56745,56058,51573,47665,43756,2801,2300,1613,1594,1654,1222,No
500000,Male,1,1,49,-1,-1,-1,-1,-1,-1,12939,28805,41027,36073,46096,103065,28954,41027,36073,46096,103065,154321,No
50000,Male,3,1,51,-1,-1,0,0,0,0,636,2228,3287,4843,6379,6878,4600,1500,2000,2000,1000,3000,No
80000,Female,2,1,35,-1,-1,-1,-1,-1,-1,997,40297,6597,665,10117,0,40297,6597,3465,10117,0,665,No
20000,Female,2,2,22,2,2,2,2,0,0,5743,7487,8114,7835,8605,10948,2000,900,0,900,2500,0,Yes
500000,Male,1,2,43,0,0,0,0,0,0,141323,143548,146487,139155,142337,145411,5000,5015,5000,5000,5000,5000,No
140000,Female,1,2,31,0,0,0,0,0,0,71066,55271,50706,48847,47437,42576,2042,1958,1501,1619,1514,1553,No
500000,Female,2,2,29,0,0,0,0,0,0,455042,364288,261185,215575,174736,118438,12564,10000,6476,5489,5000,5000,No
50000,Male,2,2,24,2,0,0,0,0,0,43247,45036,44384,19524,35268,16099,3000,1300,642,612,1192,600,Yes
170000,Male,1,1,60,0,0,0,0,0,0,170359,178514,98196,100108,95629,89472,11700,3600,3500,3500,3300,3500,Yes
220000,Female,2,1,44,0,0,0,0,0,2,136838,142250,149864,155828,178160,175140,10000,10000,10000,25000,0,20000,No
70000,Female,2,1,33,2,2,2,2,3,2,63963,65350,66279,70580,69180,70392,3000,2600,6000,0,2500,1165,Yes
430000,Female,1,2,29,0,0,-1,0,0,0,34785,0,18518,16574,12215,6660,0,18518,5,244,1038,41500,No
20000,Male,3,2,26,2,2,-1,-1,2,0,20155,10356,556,20897,20438,20325,0,600,20900,1,805,752,No
200000,Female,3,2,53,-1,0,-1,0,0,-1,784,1972,2577,2652,-6,1279,1188,2581,1013,0,1285,0,No
200000,Female,2,3,35,-1,-1,-1,-1,0,-1,1992,8287,9427,2040,16338,2076,8290,9427,2240,16000,2076,833,No
80000,Female,2,2,25,0,0,0,0,0,0,78401,76930,77977,58469,58722,59770,3562,3112,2076,2279,2175,2300,No
130000,Male,1,1,35,2,0,0,0,0,0,77578,79724,81221,34289,38550,40600,4000,3500,5000,5000,3000,9900,No
150000,Male,3,1,53,2,2,2,2,2,0,17790,18209,18608,20294,19828,20396,1000,1000,2000,0,900,2000,Yes
190000,Female,2,2,27,2,2,2,0,0,0,4686,5459,6214,7104,8973,10809,1000,1000,1000,2000,2000,2000,Yes
450000,Female,2,2,36,1,-2,-2,-2,-2,-2,0,0,0,0,0,0,0,0,0,0,0,0,Yes
80000,Female,2,1,31,-1,-1,-1,-1,-1,0,390,390,390,390,780,390,390,390,390,780,0,0,No
260000,Female,2,2,31,-1,3,2,2,2,0,82274,80426,78536,94069,92447,95925,0,0,17000,0,5015,4293,No
80000,Male,1,2,34,2,2,2,2,2,2,62423,63827,64682,65614,67007,68349,3000,2500,2600,2600,2600,2000,Yes
500000,Male,1,1,39,1,-2,-2,-2,-2,-2,0,0,0,0,0,0,0,0,0,0,0,0,No
260000,Male,1,1,43,-1,-1,-1,-1,-1,-1,76,773,0,1703,329,248,826,0,1703,329,248,702,No
260000,Female,1,2,30,2,0,0,0,0,0,94114,96689,101023,93738,96218,102547,5000,6000,5000,4000,8000,5000,Yes
50000,Male,1,2,33,2,4,3,2,0,0,24947,24529,23840,22790,23001,24557,249,0,0,1500,2100,0,No
360000,Female,1,1,46,1,-1,-1,-2,-2,-2,-8,859,-820,-813,-2292,-2292,867,0,7,0,0,0,No
170000,Female,1,2,53,-2,-2,-2,-2,-2,-2,-200,-200,-200,0,2769,0,0,0,200,2769,0,0,No
120000,Female,2,1,34,1,-2,-1,-1,-1,-1,0,0,369,0,7490,941,0,369,55,7490,941,280,No
50000,Female,2,1,26,0,-1,0,0,0,0,5195,15371,14163,15517,14685,14016,15387,1500,2000,1000,2000,2000,No
50000,Female,1,1,40,-1,2,-1,-1,2,2,465,465,760,1360,518,3518,0,760,600,0,3000,0,Yes
140000,Female,2,2,32,0,0,0,0,0,0,121508,99470,83330,57609,59526,31515,5000,4000,3000,3000,2500,0,No
100000,Female,2,1,28,2,0,0,0,0,2,73073,74739,70844,63924,57326,59654,3500,3003,1910,2400,3300,0,Yes
20000,Male,3,2,32,1,2,0,0,0,0,19844,19238,20205,19588,20037,19880,0,1302,685,748,697,690,No
120000,Female,1,2,27,0,0,0,2,0,0,11379,9559,10861,10055,11040,10466,1200,1500,0,1100,550,600,Yes
30000,Female,3,1,59,0,0,0,0,0,0,28170,32597,32289,31276,30428,29371,4946,2000,1220,1232,1052,1500,No
20000,Male,3,1,27,0,0,2,0,0,0,20184,20702,20057,19583,19991,20446,2950,2,687,709,965,559,Yes
160000,Female,2,2,27,1,-1,-1,-2,-2,-1,0,1519,0,0,0,2755,1519,0,0,0,2755,966,Yes
180000,Female,2,1,37,1,-2,-1,0,0,0,-1279,-2329,2115,2329,850,0,0,4444,214,0,0,0,No
40000,Female,1,2,26,0,0,0,2,2,2,20936,20647,21561,18438,20619,17582,3000,4000,0,5000,0,8000,No
80000,Female,2,1,34,0,0,0,0,-2,-2,49005,49551,45930,0,0,0,2141,2150,0,0,0,0,No
120000,Male,2,2,31,3,3,2,2,-2,-2,113722,110525,103632,-36,-18,-18,0,0,0,0,0,0,No
20000,Female,2,2,22,-1,-1,-1,-1,-2,-2,2480,179,1669,0,0,0,179,1669,0,0,0,0,Yes
100000,Male,1,1,52,4,5,4,3,2,0,101762,102832,100328,97883,96238,96160,3504,0,0,0,3469,3422,Yes
500000,Male,1,2,45,1,-2,-2,-2,-1,2,0,0,0,0,1899,1749,0,0,0,1899,0,70200,No
80000,Female,2,1,29,0,0,0,0,0,0,78293,79555,77025,76991,79066,75356,3161,4000,3000,3500,3100,5700,No
30000,Female,3,2,26,0,0,0,0,-1,-1,27594,29717,28812,28762,10404,8578,2595,1200,1020,10404,51000,0,No
120000,Male,1,2,34,1,2,2,-1,-1,-1,650,625,300,475,300,325,300,0,500,300,500,300,Yes
70000,Female,2,1,27,2,2,2,0,0,2,25773,28943,28184,28449,30379,30931,3600,0,1030,2400,1200,0,Yes
150000,Male,2,1,32,0,0,0,0,0,0,141346,145483,146410,142858,146007,130721,10000,7000,4000,8071,4000,3283,No
210000,Female,2,1,42,1,-2,-2,-1,0,0,0,0,0,6622,6506,6511,0,0,6622,298,1000,1179,No
90000,Male,2,2,29,0,0,0,0,0,0,86294,88412,89853,69362,70537,56775,4400,4111,2100,2200,2510,2000,No
20000,Female,2,2,22,0,0,0,0,0,0,17807,18520,39053,20055,19606,19925,1298,1909,1666,5000,703,775,No
240000,Female,1,2,36,1,-1,0,0,0,0,0,18000,18485,17406,19345,21134,18000,2000,2000,2000,3000,2000,No
50000,Male,2,2,29,2,2,0,0,2,2,30117,30712,32332,34156,33360,25988,1370,2210,2190,1000,0,680,Yes
250000,Female,1,2,28,0,0,0,0,0,0,273927,211551,132145,88487,66701,52054,21700,11710,6030,9150,11600,48930,No
280000,Female,1,2,31,1,-2,-2,-2,-1,-1,0,0,0,0,710,7611,0,0,0,710,7611,4750,No
10000,Male,3,0,40,0,0,0,0,0,-2,8286,9395,10000,10000,0,0,1400,1000,0,0,0,0,No
150000,Female,2,2,33,-1,0,0,0,0,0,46006,45425,32139,53639,51873,64675,2000,3000,40009,5000,20000,62339,No
330000,Female,2,1,47,1,-2,-2,-1,-1,-1,0,0,0,3155,4550,1264,0,0,3155,4550,1264,813,No
240000,Male,1,2,30,-1,-1,-1,-1,-1,0,5354,4790,900,6849,26249,6633,4790,900,6849,26249,2200,3000,Yes
130000,Female,2,2,34,0,0,-2,-2,-1,-1,42063,0,0,0,150,1000,0,0,0,150,1000,0,No
450000,Male,1,2,37,0,0,0,0,0,0,16259,15026,17363,11708,11329,4749,6000,4000,6000,5000,2000,2092,No
70000,Female,3,1,24,0,0,0,0,0,0,68083,50822,31179,28686,10806,11673,3012,5000,2000,3000,3000,0,No
80000,Male,2,2,26,0,0,0,0,0,0,33490,35908,29995,27297,21524,23005,5000,1318,1200,2000,2000,2000,No
50000,Male,1,2,24,-1,-1,-1,-1,-1,-1,236,4324,1861,0,1780,2581,4324,1861,0,1780,2581,2140,No
30000,Male,3,1,33,2,0,0,0,0,0,29742,30266,45414,21331,21987,22452,1406,1366,1000,1000,980,1000,Yes
50000,Male,2,2,23,0,0,0,0,0,0,48025,47611,44249,29321,29309,29739,2122,1815,1184,1206,1411,904,No
70000,Male,2,1,29,0,0,0,0,0,0,68540,64645,66460,46988,43530,44804,3000,3000,2000,2500,2000,2000,No
50000,Female,2,2,33,0,0,0,0,0,0,14720,15743,16756,17089,17446,17825,1265,1278,611,632,668,591,Yes
100000,Female,3,2,27,0,0,0,0,0,2,53423,39096,40037,40584,43629,41432,1958,1953,1500,3700,0,1700,Yes
200000,Female,2,2,24,0,0,0,0,0,0,39723,40586,44233,45124,46252,47207,1353,4000,1267,1500,1500,1500,No
180000,Male,1,2,38,1,-2,-2,-2,-2,-2,3999,2183,5828,0,2165,645,2183,5828,0,2165,645,4390,No
240000,Female,1,2,38,-1,-1,-1,-1,-1,-1,6916,2098,9927,3633,3603,926,2106,9951,3633,3603,926,7199,Yes
90000,Female,3,1,35,2,2,2,0,0,0,35077,37557,29355,20046,14905,15075,3407,56,603,553,430,133,No
50000,Female,2,2,33,0,0,0,0,0,0,16926,17749,18760,19132,19533,19936,1400,1312,684,709,728,709,No
80000,Male,2,2,48,0,0,0,0,0,0,74658,72885,47663,48350,47208,46292,2500,2000,2000,2000,2000,2000,No
350000,Male,3,1,41,0,0,0,0,0,0,349125,338832,296868,237193,233591,237351,12005,10095,8389,8474,7640,6847,No
160000,Male,2,2,45,0,0,0,0,0,0,131895,132154,129237,90981,92580,77184,5336,4900,2807,2898,2713,2885,Yes
70000,Male,1,2,33,0,0,0,0,0,0,66874,132127,52335,27374,27133,10721,2423,4136,1024,1215,435,186,Yes
140000,Female,1,1,33,1,-1,-1,-2,-2,-2,0,840,0,0,0,0,840,0,0,0,0,0,No
80000,Male,2,1,47,0,0,0,0,0,0,52690,51560,51047,48260,46198,43253,2022,1711,1584,1576,1690,1285,No
110000,Female,2,1,39,2,2,0,0,2,2,110109,106656,104407,108689,106342,111575,0,5200,7700,0,7800,0,Yes
50000,Male,2,2,25,0,0,-1,0,0,-2,17355,5934,16637,4000,0,0,1000,24677,0,0,0,0,No
30000,Male,1,1,38,0,0,2,0,0,0,27429,29085,29282,29270,29078,28652,2403,1200,588,588,574,0,No
30000,Female,2,2,27,0,0,2,0,0,0,28392,31439,30394,29994,29834,15960,3500,0,0,0,0,0,No
200000,Male,2,2,33,0,0,0,0,0,2,80012,81703,83290,85085,89707,63787,2972,2952,3107,6056,0,3000,Yes
290000,Female,2,2,28,0,0,0,0,0,0,133789,137875,124871,118193,121283,124109,6300,6000,5000,5000,5000,5000,No
220000,Male,1,2,34,0,0,0,0,0,0,29549,28267,29708,25407,25109,23320,2000,3000,800,5000,5000,2000,No
180000,Male,1,2,28,0,0,0,0,0,-1,9853,18399,29973,42347,-53,10653,10732,22119,17012,0,10706,9659,No
500000,Male,3,1,38,0,0,0,0,0,0,74223,72419,64537,60228,59038,58738,3338,3022,2502,2250,2350,2200,No
210000,Male,2,1,39,-1,-1,-2,-2,-2,-2,7128,3605,4308,3713,5133,5749,3623,4315,3713,5133,5749,6762,No
100000,Female,1,2,24,3,2,2,2,0,0,100016,97562,104365,101783,101603,103457,0,8440,0,3873,7733,0,Yes
100000,Female,2,2,23,0,0,0,0,0,0,8002,7954,9777,10026,9657,9279,2000,2000,1000,504,1000,2000,No
130000,Female,2,2,25,2,2,0,0,0,0,138910,119948,135259,95956,97770,92206,0,18259,3456,3770,3706,3708,Yes
10000,Male,2,2,21,0,0,0,0,0,0,9042,10038,9784,9984,9780,0,1305,1000,200,196,0,0,Yes
240000,Male,1,1,37,0,0,0,0,0,0,191748,169943,137358,132792,135652,139389,7000,4883,4753,5000,6000,6000,No
20000,Female,3,1,53,0,0,0,-2,-2,-2,12237,12870,0,0,0,0,1000,0,0,0,0,0,No
20000,Female,1,1,38,-1,-1,-1,-2,-1,-1,1925,500,0,0,6360,11220,500,0,0,6360,11220,0,No
150000,Female,1,2,39,3,2,2,-1,-1,-2,99,99,0,1980,0,0,0,0,1980,0,0,0,No
230000,Male,2,1,36,-1,-1,2,2,2,0,3872,5376,3878,4824,2720,1526,2000,397,2720,0,1000,435,No
50000,Male,2,2,26,-1,0,0,0,0,0,49713,50581,46567,27211,28274,29005,2000,2000,1000,1500,1500,2000,No
300000,Female,2,1,35,0,0,0,-1,-1,-1,10911,18463,16022,10880,2558,2324,12042,6191,10892,2558,2332,4099,No
110000,Female,2,3,54,-1,-1,-1,-1,-1,2,316,316,632,150,632,166,316,632,150,632,0,0,No
230000,Female,1,2,33,-2,-2,-2,-2,-2,-2,4533,0,510,0,162,0,0,510,0,162,0,0,No
50000,Female,2,2,30,1,-1,0,0,0,0,0,10228,49243,49651,22569,15429,10228,40000,993,10100,8926,9748,No
70000,Female,2,2,24,0,0,0,0,0,0,66915,68852,69390,64457,66021,67267,3167,2521,2400,2600,2614,2376,No
360000,Female,1,1,27,-2,-2,-2,-2,-2,-2,0,0,7365,0,0,0,0,7365,0,0,0,8665,No
110000,Female,2,2,32,0,0,0,0,0,0,108159,106812,108464,108829,110557,106082,5400,5400,4100,4100,4100,4200,No
120000,Female,2,2,48,0,0,0,0,0,-1,116183,116394,113245,48888,40241,49923,5078,2657,978,805,52169,1600,No
200000,Female,1,1,45,-1,-1,-1,-1,-2,-1,15127,1890,3699,367,-1530,4812,1896,3712,379,1217,9652,16,Yes
260000,Female,5,1,46,-1,-1,-1,-1,-1,-2,9507,4405,0,2776,0,0,4405,0,2776,0,0,0,No
290000,Female,1,1,47,-1,-1,-1,-1,-1,-1,15485,12332,3979,7139,6448,1476,12369,4690,7160,6471,1476,6078,No
20000,Female,2,2,22,0,0,0,0,0,0,17503,12245,12974,14192,14096,7045,1273,1392,2000,389,1000,140,No
50000,Female,3,2,22,0,0,0,0,0,0,46687,47831,48764,47109,39415,39920,1896,1829,1924,1308,1480,1171,Yes
50000,Female,2,1,23,0,0,0,0,0,0,33713,34437,28709,28386,28361,28449,5012,3000,3548,2500,2000,2000,No
330000,Male,1,1,46,-1,-1,-1,-1,0,0,7401,4567,6242,24353,20219,23163,4567,6443,24353,10219,13163,5909,No
60000,Female,2,1,23,0,0,0,2,2,0,58844,43427,30408,30632,30021,30445,2000,4300,1000,0,2000,1500,No
180000,Female,2,1,25,0,0,0,0,0,0,134733,120775,112784,114794,105248,107130,9148,4030,4211,3798,4000,4327,No
80000,Female,1,2,28,1,2,2,2,2,2,53541,54694,55297,55788,57146,58351,2600,2100,2000,2400,2300,2315,No
450000,Female,1,2,32,1,-1,0,0,-2,-1,0,1042,4064,-8,-8,402,1042,3057,0,0,410,0,No
150000,Female,4,1,36,-2,-2,-2,-2,-2,-2,5253,0,0,0,0,0,0,0,0,0,0,0,No
280000,Female,2,2,28,1,-2,-1,0,0,-1,0,0,11905,8350,2428,4662,0,11905,200,49,4662,6278,No
180000,Male,3,2,47,0,0,0,0,2,0,67011,69935,72031,77597,72079,66310,4000,4000,7501,0,3001,10000,No
380000,Female,3,1,54,-1,-1,0,0,-1,-1,1630,65757,65201,39281,80561,19302,65757,1628,196,80962,19395,13452,No
150000,Male,2,1,45,-2,-2,-2,-2,-2,-2,390,390,390,390,285,-105,390,390,390,285,0,1668,No
280000,Female,1,2,52,-1,-1,-1,-1,-2,-2,886,0,930,0,0,0,0,930,0,0,0,0,No
160000,Female,2,2,34,-1,-1,-1,-1,-1,-1,18958,11842,7918,13780,12297,12752,24000,8000,13780,12300,12752,6000,No
330000,Female,1,2,34,0,0,0,0,0,0,261974,245882,228275,227974,185431,107493,15000,10008,10000,20000,25000,3500,No
210000,Female,2,1,49,1,-2,-2,-2,-2,-2,0,0,0,0,0,0,0,0,0,0,0,0,No
200000,Male,1,2,27,1,-1,-1,-1,-1,-1,-36,7203,5360,4481,10330,5599,7239,5395,4503,10381,5627,4935,No
340000,Female,5,1,27,0,0,0,0,0,0,281544,283173,282231,216946,216403,218209,11000,11031,8000,8000,8300,7500,No
200000,Male,1,2,34,-1,-1,-1,-1,-1,-2,959,451,-1,605,-5,-5,452,0,606,0,0,0,No
160000,Female,3,1,34,0,0,2,2,-2,-2,4763,4899,697,-1373,-1773,-1773,3009,0,1373,0,0,1040,No
500000,Female,2,2,48,-1,-1,-1,-1,-1,-1,77461,68781,58436,9536,8302,64460,68781,58436,9536,58302,64460,14000,No
50000,Male,2,1,43,0,0,0,0,0,0,28287,28924,29521,29876,30201,15611,1485,1472,1217,1347,558,550,No
170000,Female,2,2,23,-1,0,0,0,0,0,32192,32555,32292,32372,31202,31688,1608,2301,2379,2202,2688,2110,No
260000,Female,1,2,29,1,2,0,0,0,0,234922,227802,215320,177965,171201,164834,6,6918,5295,4805,5002,3005,No
360000,Male,2,1,49,1,-2,-2,-2,-2,-2,0,0,0,0,0,0,0,0,0,0,0,0,Yes
400000,Male,1,2,29,0,0,0,-1,-1,2,41057,11150,6298,138307,149548,148632,1300,1001,138307,16996,5010,96,No
380000,Female,1,2,32,-1,0,0,0,0,0,91806,100291,108245,109006,117195,121246,10000,10000,10000,10001,6000,38000,No
50000,Male,3,2,29,0,0,2,0,0,-1,7334,7344,5420,4104,1596,1594,2500,0,1596,0,1594,0,Yes
110000,Female,2,1,24,1,-1,0,0,0,0,-1256,65064,66102,54275,51791,52928,68500,3114,4016,2000,2000,2000,No
190000,Male,2,2,26,0,0,0,0,0,0,155260,136185,139013,140035,146365,148961,7416,6900,5100,10000,5500,6700,No
170000,Female,2,1,46,-1,-1,-1,-2,-1,-1,2741,1848,0,0,1542,3498,1848,0,0,1542,3498,8095,Yes
210000,Female,4,2,25,0,0,0,0,-2,-2,179248,21612,5259,-243,-243,-243,3151,2000,0,0,0,0,No
50000,Male,3,2,25,0,0,0,0,2,2,46277,47713,44006,29737,30615,29975,2500,2300,2500,1500,0,1000,No
20000,Female,3,1,45,2,0,0,0,0,0,14064,12451,11176,6934,11203,7737,3000,1006,144,10000,308,2000,Yes
80000,Female,2,1,26,0,0,0,0,0,-2,33319,32066,31875,18686,0,0,1700,1720,1002,0,0,0,Yes
500000,Female,1,2,39,-1,0,0,0,-2,-2,4417,5642,8689,-131,-131,-131,5467,5026,0,0,0,0,No
250000,Female,2,2,31,1,2,0,0,0,0,59878,58348,59530,60668,59786,130890,0,2150,2116,65,72460,5000,Yes
50000,Male,3,1,34,0,0,0,0,0,0,6808,6198,22456,19776,9433,7487,1318,19776,1096,572,645,0,No
300000,Male,2,1,38,0,0,0,2,2,2,181387,171685,181780,177363,189423,188567,8000,14500,0,15150,7700,0,No
50000,Male,2,2,34,2,2,0,0,0,-1,61220,56388,53813,22667,23488,20022,9,2061,0,821,21414,703,No
180000,Female,2,2,35,-2,-2,-2,-2,-2,-2,-117,2573,-77,-77,1823,227,2690,0,0,1900,230,0,No
50000,Female,5,1,28,0,0,0,0,0,-2,9014,9608,12025,16025,0,0,3000,3000,4000,0,0,0,No
190000,Female,2,1,40,0,0,2,0,0,0,184276,191540,192422,150300,92391,93119,15000,6000,6000,4000,4000,3300,No
200000,Female,2,2,32,-2,-2,-2,-1,0,0,940,174,1684,1581,2381,2381,174,1689,1581,800,0,0,No
140000,Female,2,2,26,0,0,0,0,2,0,141057,144306,141949,141345,136379,126211,7200,19000,10400,0,4931,9100,No
10000,Male,3,1,47,0,0,2,0,0,2,6817,9119,8826,8849,9567,9265,2588,0,318,862,0,502,Yes
180000,Female,5,1,54,0,0,0,0,0,0,88545,90403,92245,94082,96050,97963,3279,3343,3366,3483,3507,3628,No
170000,Female,3,2,29,-1,-1,-1,-2,-2,-2,14460,738,0,0,0,0,738,0,0,0,0,0,No
50000,Male,2,1,36,1,-2,-2,-2,-2,-1,0,0,0,0,0,2949,0,0,0,0,2322,0,No
200000,Male,2,2,32,-1,-1,-1,-1,-1,-1,9249,9362,11109,9471,11132,9633,9363,11119,9473,11140,9636,23635,No
170000,Female,2,1,42,-1,-1,-1,-1,-1,-1,1085,326,326,326,326,326,326,326,326,326,326,326,Yes
50000,Male,2,2,52,1,2,0,0,0,2,5893,5653,6747,7859,7464,7199,0,1200,1200,1200,0,1200,No
230000,Female,2,2,24,-1,-1,-2,-1,0,-1,2360,0,0,4135,814,2294,0,0,4135,0,2294,7368,No
500000,Female,2,2,36,0,0,0,0,-2,-1,21368,21094,12675,5803,5841,2227,4066,5004,28,2033,3130,94593,No
50000,Male,2,2,25,2,2,3,3,3,3,1050,1050,1050,1050,1050,1050,0,0,0,0,0,0,Yes
80000,Male,1,2,38,0,0,0,0,0,0,32562,23346,18361,10434,7387,3300,1482,1011,8,111,3509,0,No
360000,Male,3,2,34,1,-2,-2,-2,-2,-2,0,0,0,0,0,0,0,0,0,0,0,0,Yes
140000,Female,1,1,41,-1,2,-1,-1,0,-1,780,390,390,780,390,390,0,390,780,0,390,390,No
290000,Female,2,1,48,1,2,0,0,0,0,292907,285272,288543,209443,132211,133946,0,14000,9000,5000,5000,5000,Yes
50000,Male,2,1,41,0,0,0,0,0,0,48027,48725,29600,20150,19232,17143,3000,1600,2004,2000,1000,4000,Yes
10000,Female,2,3,38,0,0,0,-1,0,0,3213,2797,0,1660,660,660,1000,0,1660,0,0,0,No
80000,Male,2,2,27,2,-1,-1,0,0,0,1195,553,1074,35783,35488,36020,700,1074,35000,1300,1400,1300,No
20000,Male,3,2,22,0,0,0,0,0,0,18535,18541,18270,16992,19025,35744,5109,1600,2400,3800,739,2000,Yes
150000,Male,1,2,37,-2,-2,-2,-2,-2,-2,120,0,0,0,0,0,0,0,0,0,0,0,No
230000,Female,1,2,37,0,0,2,0,0,-2,9092,12509,12784,12584,0,0,3500,700,0,0,0,0,Yes
60000,Female,3,2,24,0,0,0,0,0,0,60491,61319,56550,43279,28289,28013,2560,1593,1348,1012,1016,1007,Yes
360000,Female,1,2,26,-1,-1,-1,-1,0,-1,724,125,416,190,190,66,125,418,190,0,66,151,No
30000,Male,2,1,33,0,0,0,0,0,0,23467,24195,25286,25807,26350,27409,1409,1500,942,959,1500,946,No
330000,Female,2,1,30,0,0,0,0,0,-1,155285,156122,11733,9620,0,4520,10000,10000,2000,0,4520,2500,No
20000,Female,1,2,24,-1,2,-1,0,0,-1,632,316,948,632,316,1096,0,948,0,0,1096,0,No
80000,Female,2,1,49,1,2,2,2,2,2,42053,40185,42887,31745,32211,25836,0,3500,0,4500,0,1500,No
90000,Female,5,2,23,0,0,0,0,0,0,40145,41194,42197,42726,43802,42761,2000,2000,1502,1737,1500,5050,Yes
20000,Female,2,2,23,0,0,0,0,0,0,16740,17451,18141,18239,18302,18337,1600,1600,1000,663,654,651,No
230000,Male,3,1,61,1,-2,-2,-2,-2,-2,0,0,0,0,0,0,0,0,0,0,0,0,Yes
160000,Male,2,2,28,-1,2,-1,-1,-2,-1,3498,3260,678,0,0,678,0,678,0,0,678,0,No
200000,Female,2,1,36,-1,-1,-1,-1,-1,-1,2500,0,5448,632,0,646,0,5448,632,0,646,0,No
20000,Male,2,2,27,0,-1,0,-1,-1,-2,1955,2530,1845,3169,240,930,2535,1205,3274,630,1080,0,No
170000,Male,1,1,35,0,0,0,0,0,0,51207,38528,34688,30542,61032,23711,5000,2000,3000,1000,6000,8753,No
180000,Female,2,1,26,0,0,0,0,0,0,3679,4711,3996,6007,3260,0,1105,1000,2011,503,0,0,No
50000,Female,2,1,29,0,0,0,0,0,0,98492,50095,49057,17426,17789,18003,2477,2409,769,792,659,631,No
360000,Female,1,1,40,-1,-1,-1,-1,0,-1,16540,1160,10600,51571,28310,14482,1160,10646,51571,0,14482,12874,No
230000,Female,2,2,28,-1,-1,-1,-2,-1,-1,875,375,-250,-125,609,362,1000,0,0,4000,3000,9000,No
80000,Female,1,2,28,0,0,2,2,2,2,75709,80033,78145,80584,81693,78470,6800,0,6000,3000,0,5100,Yes
60000,Male,1,2,31,2,2,2,2,2,2,61432,57751,59200,57558,52992,61325,0,4770,2250,0,50000,0,Yes
150000,Female,3,1,52,-1,-1,-1,-1,-1,-1,420,0,1672,453,2129,1414,0,1672,453,2129,1414,1961,No
120000,Female,3,1,52,0,0,0,0,0,0,117029,118439,118437,116456,116957,119366,5800,4500,4120,4388,4500,4350,No
430000,Female,1,1,43,-1,-1,-1,-1,-1,-1,20849,3662,7719,4437,2912,6368,3814,7759,4451,2915,6383,9025,No
360000,Male,3,1,32,0,0,0,0,0,0,89120,191329,92915,52341,51739,55079,105484,4500,2000,2100,4400,2934,No
200000,Female,2,1,60,-1,-1,-1,-1,-1,-1,396,396,461,396,546,396,396,461,396,546,396,396,No
150000,Female,2,1,36,0,0,0,0,-1,-1,70001,45813,44309,27428,2013,4724,2500,1200,2618,2013,4724,0,No
20000,Female,1,2,46,0,0,0,0,0,0,12146,7698,6005,6411,3125,3164,1273,1039,1000,123,101,48,No
20000,Male,1,2,23,0,0,0,0,0,0,5565,6841,7853,8565,9565,12065,1276,1288,1000,1000,2500,1000,No
50000,Male,2,2,24,1,3,2,0,-1,-1,52935,50946,22740,2314,1823,18839,0,0,0,1823,18839,641,Yes
260000,Female,2,2,27,0,0,0,0,0,-1,19713,22378,24836,32816,42816,8938,3000,3000,10000,10000,8938,2000,Yes
230000,Female,3,2,30,0,0,0,0,0,0,1873,2778,4734,6642,8520,9869,1500,2000,2000,2000,1500,2000,Yes
170000,Male,3,1,43,-1,-1,-1,-1,-2,-2,19247,1230,2910,0,0,0,1230,2910,0,0,0,0,No
180000,Male,1,2,28,-2,-2,-2,-2,-2,-1,-124,0,0,0,225,35173,1004,0,0,225,24815,10250,No
20000,Male,2,2,22,3,2,2,3,2,2,16014,15474,19739,19194,38414,19200,0,4900,0,800,800,500,Yes
260000,Male,3,1,50,2,0,-1,0,-1,-1,655,1182,1076,696,1012,530,1076,1076,0,1012,530,696,Yes
180000,Female,3,2,30,-1,-1,-1,-1,-1,-2,1730,6792,0,3180,2682,0,6792,0,3180,2682,0,5593,No
230000,Female,2,1,32,0,0,0,0,0,0,57259,46226,36089,34158,22872,22592,2500,3000,3000,1500,1500,2000,Yes
120000,Female,2,3,43,0,0,0,0,0,0,46889,47496,48307,49272,49016,43127,1856,1667,1632,1664,1880,1059,No
280000,Male,1,1,63,-2,-2,-2,-2,-2,-2,0,0,0,0,0,0,0,0,0,0,0,0,No
270000,Female,2,2,29,0,0,0,0,0,0,150185,141926,135741,126197,118340,110557,4988,7000,5000,5000,5000,5000,No
70000,Male,1,1,39,0,0,0,0,0,0,67474,68750,59186,48178,46197,48444,3100,7172,10000,1662,3000,1350,No
60000,Male,2,2,31,0,0,0,0,0,2,53234,54361,55395,56416,58792,56130,2580,2557,2500,4500,0,2000,No
180000,Male,2,2,28,0,0,0,0,0,0,78128,81976,83338,90031,93692,96100,5000,4000,8000,5000,4000,5500,No
50000,Female,1,2,25,0,0,-1,-1,-2,-2,14500,0,790,3696,6696,5724,0,790,3696,3000,5724,2271,No
60000,Female,2,2,48,-2,-2,-2,-1,0,0,53044,51158,29452,1696,38585,38884,1607,1675,1696,38000,1500,1400,No
50000,Male,2,2,48,3,2,0,0,0,0,12961,12029,11738,11011,9888,10076,507,1158,373,365,359,1111,Yes
80000,Female,2,1,56,1,-1,-1,-1,-1,-1,-2,697,-3,1186,-4,1633,699,0,1579,0,1637,4844,No
30000,Female,2,1,22,0,0,0,0,0,0,28622,28219,27764,27973,28576,12135,1700,1500,700,700,500,1000,No
90000,Female,1,2,26,0,0,0,0,0,0,32154,33521,34443,31223,31723,32505,1888,1810,1300,1152,1310,1197,No
130000,Female,2,1,33,0,-1,0,0,-1,-1,9768,8480,2420,0,682,0,8486,1001,0,682,0,0,No
200000,Male,1,1,38,-2,-2,-2,-2,-2,-2,2780,2645,-10,4115,1315,0,2658,0,4125,1315,0,0,No
20000,Female,2,2,23,0,0,0,0,2,2,11564,13063,14337,15596,15204,17149,2000,1500,1500,0,2200,0,Yes
300000,Male,3,1,31,-1,-1,-1,-1,-1,-1,1877,2466,0,462,0,3069,2500,0,462,0,3069,280,No
160000,Female,1,1,41,0,0,0,0,0,0,120528,100050,102324,104697,103202,94360,7000,4000,4000,4115,4000,3690,No
500000,Female,1,1,41,-1,-1,-2,-2,-1,-1,680,0,0,0,74731,0,0,0,0,74731,0,0,No
50000,Female,2,2,25,2,2,2,0,0,0,50863,50887,19345,19152,18953,19388,1600,0,1000,1000,900,900,Yes
20000,Male,1,2,25,0,0,0,0,0,0,20052,5328,18428,19709,19833,19376,1500,15000,2000,1000,900,1000,No
240000,Male,3,1,40,2,3,3,2,2,2,213732,217347,217329,211132,219202,223434,8500,5000,0,16000,8000,0,Yes
200000,Male,2,2,29,2,2,2,2,2,2,172325,174082,177684,180259,183704,186507,6000,8000,7000,6500,6000,5600,Yes
200000,Female,2,2,27,-1,-1,2,0,0,-1,184,2250,823,823,-658,1266,2250,0,0,0,1924,0,Yes
260000,Female,1,2,36,-1,-1,-1,-1,-1,-1,10425,12722,4948,13100,10854,7537,2297,7256,13100,10854,7537,3710,No
100000,Male,2,2,26,2,2,2,2,-2,-2,89296,101755,90684,23000,25000,0,14002,560,0,2000,0,53528,No
360000,Male,3,1,42,-1,-1,-1,0,-1,-1,25988,1815,22648,19433,16708,24047,1815,22674,95,16790,24283,17387,No
280000,Female,6,3,38,0,0,0,-1,-1,-1,286469,293875,296257,232,-94,143864,8024,8034,232,94,145935,5000,No
360000,Male,1,1,47,0,-1,0,0,0,-1,10221,8337,9696,14332,21446,9476,8536,5000,8500,10000,9476,7000,No
420000,Female,1,1,34,-1,0,0,-1,0,-1,440,1479,2940,3160,4160,883,1039,1500,3160,1000,883,28000,No
50000,Female,2,1,41,2,0,0,0,-1,0,33343,31392,27315,-60,28890,29168,1502,1000,0,30070,1180,1000,No
500000,Male,1,1,45,-2,-2,-2,-2,-2,-2,186610,130751,43890,38759,46834,28408,261524,43919,38787,46834,28408,63001,No
80000,Female,1,2,24,-1,2,-1,-1,-1,-1,1275,887,890,382,2786,2557,2,893,382,2794,2561,77004,No
80000,Female,2,2,23,2,3,2,2,0,0,84176,81516,80146,61392,60325,60469,0,2000,0,3091,2400,2000,No
20000,Female,2,2,50,0,0,0,0,0,0,13922,15433,15683,16050,17401,17573,3000,3000,1000,2000,1000,1000,No
460000,Female,1,2,27,0,0,0,0,0,0,81252,74766,79012,74349,77504,90032,5020,10027,3001,5004,15000,5039,No
240000,Male,1,2,33,0,0,0,0,-2,-2,47742,27044,24007,0,0,0,1898,1006,0,0,0,0,No
120000,Male,2,2,30,0,0,0,0,0,0,53456,53862,39505,45373,46641,47569,2058,1672,10000,2000,1704,1920,No
20000,Male,2,2,24,1,3,2,2,3,2,7719,7455,7187,8367,7945,7669,0,0,1300,0,0,1000,No
290000,Male,3,1,50,0,0,0,0,-1,0,62381,32320,22528,10502,82823,52624,1778,1565,212,82902,2008,1177,No
50000,Female,2,2,38,0,0,0,0,0,0,33801,27027,24459,23161,22282,20537,1433,1319,773,787,757,615,No
200000,Female,2,1,40,0,0,0,0,0,0,22065,23382,21522,8815,4280,0,2000,1128,4280,0,0,0,No
20000,Female,3,3,27,0,0,2,2,-1,-1,17973,20482,19693,11932,1280,0,2800,0,239,3380,0,0,No
100000,Male,1,1,43,0,0,0,0,0,0,43970,45756,46680,47926,49028,49561,2500,2000,2000,2001,2014,1605,No
260000,Female,1,2,36,0,0,0,0,0,0,107350,110114,112189,114503,117031,112857,4500,4000,4000,4200,8790,4200,No
20000,Female,2,2,27,4,3,2,0,0,0,21750,21127,20332,19932,19932,7080,0,0,0,0,0,0,No
10000,Female,2,2,22,0,0,0,0,0,2,5964,7145,8144,8861,10104,9803,1284,1283,1000,1535,0,1000,No
420000,Male,1,1,47,-2,-2,-2,-2,-2,-2,46179,82842,77628,52294,0,0,84459,79192,57145,0,0,0,No
130000,Female,3,2,27,0,0,0,0,0,0,29645,28193,30790,21200,21810,13629,2000,5000,5000,1000,4000,6587,No
150000,Female,1,2,25,0,0,0,0,0,0,36497,38190,39322,40260,41458,42251,2287,2071,1591,2000,1632,10000,No
30000,Female,2,2,25,0,0,0,0,0,0,7244,8265,9436,10123,10335,10691,1142,1313,1000,375,528,600,No
260000,Female,2,2,31,0,0,0,0,0,0,166071,137702,77683,163040,86008,88575,7000,3000,7152,8000,4000,4000,No
60000,Male,3,2,34,-1,-1,-1,-1,-1,-1,326,326,326,326,476,326,326,326,326,476,326,326,Yes
70000,Female,3,2,52,0,0,0,0,0,0,105991,67243,67533,28653,29253,26185,2777,1751,969,1004,938,1122,No
110000,Male,2,2,26,2,0,0,0,0,2,28290,30516,39584,43581,48458,17129,3000,10000,5000,6000,0,2000,No
180000,Male,2,2,37,-1,-1,0,0,0,-1,8788,40927,28306,31578,21195,11776,40970,1210,10015,10009,11783,110306,No
300000,Female,2,2,48,-2,-2,-2,-2,-2,-2,6301,0,2417,470,4690,0,4126,2417,470,4690,0,18774,No
260000,Female,1,1,38,-2,-1,-1,-2,-2,-2,622,3074,0,688,2605,377,3084,691,0,2613,378,693,No
50000,Female,2,1,41,2,2,2,0,0,0,36329,36711,28415,18459,16077,12428,3406,0,640,660,296,60,Yes
90000,Female,3,1,45,0,0,0,0,0,0,63115,33963,33807,2966,1223,0,1988,1900,59,24,0,0,No
20000,Female,2,2,24,1,2,0,0,2,0,6025,5786,10471,11542,11216,14834,0,5000,1550,0,4000,4026,Yes
240000,Male,1,2,27,0,0,0,0,-1,2,2961,4748,7013,7722,732,291,2000,2873,1000,882,0,0,No
440000,Female,2,2,40,0,0,0,0,0,0,98496,82803,79894,73984,137370,132889,10000,10000,10000,80000,7000,6000,No
60000,Female,2,1,37,5,4,4,3,2,2,60480,59966,58411,58868,55232,58430,1001,0,2001,0,4301,2000,No
380000,Male,2,1,31,-1,-1,-1,-1,-1,-1,6749,7917,9645,11865,13133,4702,7959,9683,11916,13191,4717,9354,No
30000,Female,3,1,44,2,2,2,2,2,2,19608,20696,20071,21432,21704,21205,1700,0,2000,760,0,2000,Yes
120000,Female,2,2,35,0,0,0,0,0,0,71708,72047,67080,68660,69411,2855,3200,3000,3700,3500,1000,68074,No
150000,Male,1,2,29,-2,-2,-2,-2,-2,-2,4583,6917,831,6469,5138,7810,6989,833,6488,5153,7833,7130,No
90000,Male,2,2,28,0,0,0,0,0,2,43314,44354,45372,46317,51292,50316,2037,2055,2000,5913,0,2100,No
180000,Female,2,1,34,0,0,-2,-1,0,0,25000,0,0,6398,15218,24901,0,0,6398,9000,10000,500,No
10000,Female,2,2,37,-1,0,0,0,0,-1,7841,7400,6770,5163,3575,390,1157,1000,103,72,400,0,No
20000,Male,2,2,24,2,2,0,0,2,0,15166,14638,15582,17809,17385,18437,0,1500,2500,0,1500,1500,Yes
80000,Female,3,1,41,2,2,2,2,2,2,57754,56258,60313,61129,62348,61193,0,5000,2400,2341,0,2439,Yes
610000,Male,2,1,30,0,0,0,0,0,0,50724,8723,6245,7089,8059,8666,2134,1210,2000,2000,1666,1500,No
180000,Female,3,2,27,1,-2,-2,-1,-1,-2,0,0,0,8081,0,0,0,0,8081,0,0,0,No
50000,Male,3,1,53,1,-1,-1,0,0,-1,0,484,929,474,0,1288,484,1000,0,0,1288,334,Yes
130000,Male,1,2,30,0,0,0,0,0,0,130705,132472,129576,129829,125382,124942,6500,4700,5000,4600,5200,4500,Yes
160000,Male,1,2,26,0,0,0,-1,-1,-1,135233,130038,79027,6666,6666,6666,5600,3715,6666,6666,6666,6666,No
200000,Male,1,2,29,0,0,0,2,2,2,137218,141808,151020,152040,164405,161525,6808,11620,5000,15000,0,4089,No
50000,Female,2,2,56,0,0,0,0,0,0,47060,48481,49505,17612,19461,18660,2180,2204,656,2159,678,851,No
30000,Female,2,1,46,1,2,2,2,2,2,27882,28937,30128,30548,31326,30688,1800,1980,1200,1400,0,800,Yes
140000,Male,2,1,29,0,0,0,0,0,0,130767,134946,130470,132038,131961,124256,6696,5000,4866,5300,5055,5000,No
160000,Male,2,1,45,1,2,2,2,2,2,11569,11092,12900,12396,13692,13323,0,2000,0,1500,0,2000,No
410000,Male,1,1,33,-1,-1,-1,-2,-1,-1,3244,8339,0,0,1759,2624,8339,0,0,1759,2624,0,No
320000,Female,1,2,30,0,0,-1,-1,-1,-1,8144,7824,7500,7500,7500,7500,7500,7500,7500,7500,7500,42562,No
50000,Female,2,1,36,0,0,0,0,0,0,47404,48786,49768,27838,84810,27785,2148,2130,1200,1012,2034,973,No
110000,Male,2,2,29,0,0,0,0,0,0,107221,109494,111954,111771,111703,111864,4000,4300,4164,4500,4200,5000,No
530000,Female,3,1,50,0,0,0,0,0,0,219884,223526,206593,275847,163157,164838,10000,10000,10000,7000,7000,5000,No
80000,Female,2,2,40,0,0,0,0,0,0,46982,38738,31923,25885,20195,19494,1728,1411,1009,605,2012,209,Yes
190000,Female,1,2,26,2,0,0,0,0,0,204297,106428,109736,111487,114878,118541,6355,6500,5000,5117,5644,4767,Yes
20000,Female,2,2,26,2,2,0,0,0,0,17368,16801,17789,17419,17628,18125,0,1281,771,640,790,761,No
90000,Male,2,1,39,0,0,0,0,2,2,27764,27690,27593,25833,25318,22684,1500,1500,1500,1500,0,1755,Yes
10000,Male,2,2,44,1,2,2,0,0,0,6898,7642,5381,3791,3791,0,1019,0,0,0,0,0,No
320000,Female,2,1,36,0,0,0,0,0,0,4062,5143,5988,6988,7988,0,1155,1000,1000,1000,0,2500,No
190000,Female,1,1,33,0,0,-1,-1,-1,-1,42740,46046,10725,1582,-46,4054,10000,11000,11336,0,4100,7500,No
380000,Male,1,1,39,-1,-1,-2,-1,-1,-2,6347,0,0,46350,0,0,0,0,46350,0,0,24000,Yes
180000,Male,2,2,30,0,0,0,0,0,0,145563,147348,143548,133408,136481,140008,10035,5096,5000,5200,6024,5015,No
360000,Female,1,2,33,-1,-1,-1,-2,-2,-2,898,11573,0,0,0,0,11573,0,0,0,0,5140,No
150000,Male,2,1,30,1,2,-1,-1,0,0,40496,3880,1377,4007,7742,11376,1000,5000,5960,5000,5000,1000,No
50000,Female,1,1,57,1,2,0,0,0,2,45608,44619,44856,32461,49916,29117,0,1600,871,30347,0,0,Yes
50000,Male,2,2,39,1,2,2,2,2,2,39966,37584,38423,37212,39319,36082,0,3000,0,3007,7,3119,No
50000,Male,3,1,51,0,0,0,0,0,0,42257,44243,64104,33406,34104,34869,3000,2500,1985,1163,1256,1316,No
340000,Female,2,2,30,0,0,0,0,-1,-1,47664,38192,39234,20960,360,360,2000,2000,3000,360,360,45385,No
320000,Male,1,2,26,-1,0,0,0,0,-2,111710,12484,13917,12125,0,0,1267,1700,243,0,0,220000,No
230000,Female,1,2,42,-1,-1,-1,-1,-1,2,326,326,326,1458,952,476,326,326,1458,952,0,326,No
120000,Female,1,2,31,-1,-1,-1,-1,-1,-1,643,586,3660,5754,5666,5666,586,3660,5754,5666,5666,6246,No
30000,Male,1,2,34,1,2,2,2,2,0,26921,27809,21658,22794,22289,22916,1700,0,1800,0,1000,1000,No
240000,Male,1,2,34,-1,-1,-1,-1,-1,-1,21027,27568,9166,6855,8089,9052,27994,9212,6949,8134,10043,28012,No
240000,Female,2,1,32,1,-2,-1,-1,-1,-1,0,0,493,-5,574,3509,0,493,0,579,3509,1198,No
210000,Male,1,2,30,0,0,2,0,0,0,99342,99506,100117,101212,101197,103175,4900,4100,3600,4500,4000,3900,No
20000,Male,3,2,24,1,2,0,0,0,0,17231,15897,16232,16555,16104,16055,0,1300,573,576,600,1900,No
20000,Female,2,1,42,0,0,0,0,0,0,16560,17278,18289,18653,19195,19580,1293,1304,668,843,853,790,Yes
110000,Female,1,2,25,1,2,-1,-1,0,0,4382,1972,1426,5660,5660,0,5,1426,5660,0,0,0,No
130000,Male,2,1,39,0,0,0,0,0,0,88014,88951,90672,89252,91118,95105,3245,3217,3177,3286,4200,2500,No
80000,Female,2,1,28,0,0,0,0,0,0,77857,80002,82020,73904,75558,77279,4000,4000,3000,3000,3000,3000,No
20000,Male,2,1,36,1,2,0,0,0,0,12564,12077,12779,13033,13308,13985,0,1212,466,485,900,1000,Yes
10000,Male,1,1,38,-1,-1,2,0,0,2,4711,9617,9307,9665,10470,10169,5000,0,500,1100,0,1000,Yes
280000,Female,2,2,29,0,0,0,0,0,0,140888,143746,55506,56741,57983,59185,5040,3000,2000,2000,2000,3000,No
220000,Male,1,2,29,2,2,2,2,2,2,124820,126740,121910,89608,53535,36312,6300,0,6000,2500,0,1500,Yes
260000,Male,2,1,42,3,3,2,2,0,0,215521,210695,213758,208821,213083,217340,0,8000,0,7800,7800,8300,Yes
30000,Male,2,1,40,1,2,0,0,-1,-1,15526,14923,10936,11436,1520,0,0,1000,500,1520,0,0,No
50000,Female,2,1,29,-2,-2,-1,-1,-1,-1,21523,1481,19766,19661,16740,13272,19505,20509,1513,1515,1539,20217,No
150000,Female,3,2,47,0,0,0,0,0,0,153720,150540,153103,152060,151470,151974,7000,7000,5200,5500,6300,5100,No
20000,Male,2,2,26,1,-1,-1,0,0,0,0,132,10067,10144,10400,0,132,10200,540,600,1000,0,No
280000,Male,1,1,42,0,-1,-1,0,0,0,18958,2640,182251,173922,160553,147124,2676,189570,6084,5798,4627,3589,No
300000,Female,1,2,43,1,-2,-2,-1,-1,-2,1352,2380,0,970,0,89,2380,0,970,0,89,0,No
230000,Male,2,1,31,0,0,2,0,-1,-1,60528,49036,31226,15568,10000,0,5000,0,5000,10000,0,10000,No
60000,Male,3,2,27,0,0,0,0,0,0,37170,36918,10163,10692,15307,19838,2000,3000,1000,5000,5000,1000,No
190000,Male,3,1,29,-2,-2,-2,-2,-2,-2,51632,9803,3427,924,-876,-969,1000,3524,929,869,7,1587,No
60000,Male,2,2,43,1,-2,-1,-1,-2,-2,0,0,780,0,0,0,0,780,0,0,0,0,No
100000,Female,2,2,25,2,0,0,0,0,0,88420,89705,91943,71201,69804,71088,3600,4000,2500,2700,2600,2600,Yes
30000,Female,2,1,45,0,0,0,0,0,0,17166,18578,20260,20626,21142,21790,2000,2000,1000,1000,1000,1500,No
200000,Female,2,2,30,6,5,4,3,2,0,71310,69676,67976,68468,67439,56163,0,0,2000,0,1925,1130,Yes
30000,Male,1,3,27,0,0,0,0,0,0,25107,26312,28102,29078,29201,24122,2000,3000,2000,1000,1500,1000,No
130000,Male,2,2,25,0,0,0,0,-1,0,126454,128179,75525,76862,6131,27117,4252,3000,1537,10000,21300,651,No
120000,Male,2,2,29,0,0,0,0,0,0,60098,50910,44943,37176,38245,28682,2000,1500,1500,1500,1500,1500,No
160000,Female,2,2,35,1,-2,-2,-1,-1,-2,-200,-200,0,6171,0,0,0,200,6171,0,0,0,No
20000,Female,2,2,23,0,0,0,0,0,-1,17772,19058,19681,19507,14656,756,1877,1500,500,0,756,23750,No
30000,Female,2,2,24,2,2,2,0,0,0,26133,28926,28167,28568,29019,30430,3526,0,1168,1060,1900,0,No
70000,Female,2,2,23,0,0,0,0,0,0,65026,29549,29705,29012,28355,16579,4000,1595,775,1000,600,2000,No
80000,Male,3,2,25,0,0,0,-1,0,0,78230,76277,36232,30200,30326,30290,2289,1005,31063,1094,1109,1013,No
80000,Female,2,2,23,0,0,0,-1,-1,0,6085,4728,5750,1361,1402,1911,1128,1150,1361,1402,1000,344,No
100000,Male,2,2,50,0,0,0,0,0,0,104466,96370,81293,66435,64975,66951,4000,3000,3000,3000,3000,3000,No
570000,Male,1,2,31,0,0,0,0,0,-1,26775,28753,48474,42377,41302,1666,15004,25000,1302,1000,1666,3778,No
170000,Male,1,1,45,2,-1,-1,-1,-1,-1,360,360,360,360,360,870,360,360,360,360,870,0,No
50000,Female,2,2,25,1,-1,-1,-1,-1,-1,0,870,590,3700,1999,7300,870,590,3700,1999,7300,17120,No
310000,Female,1,2,39,0,0,0,0,0,0,300500,265766,245458,249435,240521,246525,11027,10500,14000,10000,10000,10000,No
140000,Male,1,2,27,0,0,0,2,0,0,19484,20114,16606,9609,5429,9763,2000,10063,0,2000,5000,5000,Yes
200000,Female,2,2,29,0,0,2,0,0,0,69412,69878,64222,50518,44892,76088,4012,2008,3008,9056,36100,22500,No
300000,Female,2,2,26,0,-1,-1,-1,0,0,11342,9670,2615,10170,7200,7200,9670,2615,10170,0,0,908,Yes
300000,Female,1,2,26,0,0,0,0,0,0,296186,290906,275061,250488,250357,249990,20006,9000,10000,9000,10000,8000,No
140000,Male,2,2,55,0,0,0,0,0,0,162452,164055,141301,99115,101597,101290,5000,140000,4000,4000,4000,4000,No
560000,Male,1,1,47,-1,-1,-1,-1,-1,-1,10501,69458,23445,105199,47519,73537,69803,23560,109726,48237,74014,19443,No
230000,Female,3,1,31,0,0,0,0,0,0,184444,182933,178409,175091,171800,168476,7016,5500,5125,5031,4969,5071,No
200000,Male,1,1,36,0,0,2,2,2,0,2346,4802,4579,5840,5603,6352,2500,0,1500,0,1000,1000,Yes
220000,Male,1,2,29,0,0,0,0,0,0,216096,189566,183838,157898,164860,168294,10110,12000,5852,10000,6610,5836,No
60000,Male,3,2,25,0,0,0,0,0,0,59817,47872,38605,28184,28862,29161,3000,2000,1500,1500,1300,2000,No
390000,Female,2,1,43,2,2,2,0,0,0,78658,60152,40238,41366,37788,19025,4514,0,1528,0,1000,3574,Yes
280000,Female,1,2,39,-2,-2,-2,-2,-2,-2,1863,869,262,1203,4,320,872,262,1203,150,470,1000,No
80000,Male,1,1,60,0,0,0,0,-2,-2,53315,47740,50100,0,0,0,3300,6267,0,0,0,4189,No
360000,Male,2,1,34,0,0,0,0,0,0,31580,32618,33610,34281,34944,35498,1549,1541,1212,1200,1000,1000,No
20000,Female,2,2,21,0,0,0,0,0,0,18770,18410,18821,19307,19260,20028,1400,1200,1000,6000,1000,5000,No
500000,Female,2,1,31,-1,-1,-1,0,0,0,2181,5625,60201,45299,40940,16923,5700,60207,1000,838,4476,24236,No
90000,Female,1,2,23,-1,-1,-1,0,0,0,316,3066,3832,6194,5878,316,3066,3832,5878,0,0,3316,No
30000,Female,1,1,33,0,0,0,0,0,0,27729,28138,28285,28463,29303,29766,1500,1500,1500,1300,1100,1032,No
390000,Male,1,2,47,1,-1,-1,-2,-1,-1,0,3760,0,0,123,0,3760,0,0,123,0,0,No
360000,Male,1,1,32,1,-2,-2,-2,-2,-2,0,0,0,0,-5,-5,0,0,0,0,0,0,Yes
10000,Female,2,2,32,0,0,0,0,0,0,9463,9338,10073,10059,9760,10048,1165,1200,400,520,600,500,No
150000,Female,1,1,32,1,-2,-2,-2,-2,-2,0,0,0,0,0,0,0,0,0,0,0,0,No
40000,Female,2,2,27,0,0,0,0,0,0,29009,34183,35606,37018,37184,38066,9000,2000,2000,1349,1500,1500,No
50000,Female,2,1,41,0,0,0,0,0,0,46965,42713,33812,20483,19409,19318,1650,1317,698,693,1000,545,No
310000,Female,2,2,26,0,0,0,0,0,0,40604,42926,44209,45472,46739,47895,3000,2000,2000,2000,2000,1000,No
50000,Male,1,2,34,0,0,0,0,0,-2,43796,44423,29980,30000,0,0,2100,1200,1000,0,0,0,No
150000,Female,1,1,37,-1,-1,-1,0,0,-1,4787,1046,344,1291,1193,1914,1054,344,1193,0,3000,0,No
50000,Male,3,1,48,0,0,0,0,0,0,11839,13240,14015,14293,14763,14968,1600,1300,511,700,600,800,Yes
250000,Female,1,2,30,0,0,2,0,0,2,77245,84828,82228,83116,87990,86564,8722,0,3010,6249,0,3212,No
30000,Female,3,1,46,2,2,2,2,3,2,22352,23392,23908,24815,24133,25087,1700,1200,1600,0,1500,0,Yes
30000,Male,1,1,32,0,0,0,0,0,0,22541,19623,20606,20693,21134,22435,1338,1321,727,761,2500,1800,Yes
30000,Female,3,1,50,2,2,2,2,2,2,30615,28691,30474,27468,25813,25251,0,3017,12,3000,0,4000,Yes
20000,Female,2,1,44,8,7,6,5,4,3,16942,16721,16193,16445,15624,15096,0,0,780,0,0,0,Yes
30000,Female,1,2,24,0,0,0,0,0,0,17615,18338,19350,19734,20301,20812,1310,1322,706,885,1000,614,No
90000,Male,2,1,28,0,0,-2,-2,-2,-2,5580,0,0,0,0,0,0,0,0,0,0,776,No
30000,Male,2,2,24,0,0,0,-1,-1,2,25063,22275,0,517,25420,24863,1545,0,1517,25420,0,980,No
180000,Female,2,2,29,0,0,0,2,2,0,100534,102971,108232,108628,94416,178120,5364,8633,3600,0,3700,9603,No
70000,Female,2,2,26,0,0,0,0,0,-1,50680,51256,47394,7879,-1940,27545,2000,1500,0,0,30000,656,No
230000,Female,2,2,29,-2,-2,-2,-2,-1,2,0,0,0,0,1004,854,0,0,0,1004,0,5183,No
240000,Female,1,1,45,1,-2,-2,-2,-2,-2,0,0,0,0,0,0,0,0,0,0,0,0,No
190000,Female,3,1,41,-1,-1,-1,-1,-1,-1,2665,-35,3527,3869,4468,-12,0,3562,3869,4468,12,4550,No
80000,Female,1,1,29,-2,-2,-2,-2,-2,-2,4225,20000,11556,0,0,0,20000,11556,0,0,0,0,No
300000,Female,2,1,34,0,0,0,0,0,0,86116,83724,80721,79939,58586,14570,3894,2783,3575,1605,1520,0,No
340000,Male,2,1,31,0,0,0,0,0,0,63098,64417,65752,69639,80057,83713,2338,2406,5000,11610,5000,2971,Yes
200000,Male,2,1,28,-1,0,0,0,0,0,11445,12379,12187,7402,10827,11351,5013,3038,3007,5005,2056,2826,No
20000,Male,2,1,53,0,0,2,2,-2,-1,19646,20077,19462,0,0,150,3000,30,0,0,150,850,No
470000,Female,2,2,32,0,0,0,0,0,0,491428,488642,485382,360959,338592,123737,300000,15937,11891,120000,6380,250000,Yes
80000,Male,1,1,46,0,0,0,0,0,0,78861,77719,45961,29537,29758,30153,2435,1463,1039,1068,1267,1000,No
120000,Female,2,1,30,1,-2,-2,-2,-2,-2,0,0,0,0,0,0,0,0,0,0,0,0,No
180000,Male,1,2,27,0,0,0,0,0,0,29735,24414,18300,16908,37319,34978,19000,5000,10009,22000,20000,15000,No
400000,Male,2,1,42,0,0,0,0,0,0,286710,280752,284624,237176,211342,208432,11011,9816,8000,7824,8700,6500,No
150000,Male,3,1,43,0,0,0,0,0,0,150797,52509,50683,46602,40599,37192,3008,2014,1599,2014,2018,1041,No
640000,Female,3,2,34,0,0,0,0,0,-1,105423,133637,118372,33929,79807,19552,51644,30291,41,70128,19576,194014,No
500000,Male,1,1,32,1,1,1,1,0,0,48169,53197,63010,64178,64992,50722,20000,20012,10036,15000,10000,50000,No
70000,Female,1,2,26,1,2,2,2,2,2,28106,30447,29659,31767,31124,35511,3100,0,2600,0,5100,1400,Yes
100000,Female,1,2,24,-1,3,2,-1,-1,-1,1331,1326,652,326,326,476,0,0,326,326,476,326,No
80000,Female,3,1,42,-2,-2,-2,-2,-2,-2,0,0,0,0,0,0,0,0,0,0,0,0,No
120000,Female,2,1,30,0,0,0,0,0,0,84094,85804,86212,87003,88833,92348,3081,4001,3114,3232,5000,4000,No
210000,Female,1,2,31,0,0,0,0,0,0,40167,41518,43023,44005,45294,46387,2000,2500,2000,2000,2000,2000,No
50000,Female,1,2,25,-1,-1,2,-1,-1,-2,13572,17983,15590,10610,0,0,5000,200,10610,0,0,0,No
50000,Female,2,1,45,0,0,0,0,0,0,46188,14082,15021,7696,7872,8028,1261,1200,300,300,287,297,No
260000,Male,2,1,35,-2,-1,-1,-1,-2,-2,-48,4001,5975,0,0,0,4261,6000,0,0,0,0,No
20000,Male,2,2,22,1,-2,-2,-1,0,0,-50,-440,-830,780,780,0,0,0,2000,0,0,0,No
30000,Male,2,1,40,2,2,0,0,0,0,38001,34416,32515,28499,29133,29988,0,1634,796,865,1143,0,No
310000,Female,2,1,29,0,0,0,0,0,0,182202,162547,140911,111881,78759,78877,5118,3758,3901,2206,3089,3023,No
100000,Male,1,2,34,-1,-1,-1,-1,0,0,43128,6164,3775,22690,21288,9289,6200,3775,22690,0,0,62588,No
300000,Female,1,1,38,-2,-2,-2,-2,-2,-2,390,0,0,0,0,0,0,0,0,0,0,1100,No
30000,Male,3,1,47,0,0,2,0,0,-2,27609,30791,29913,30461,0,0,3630,0,1300,0,0,0,No
320000,Male,2,2,34,0,0,0,0,0,0,173742,167837,100407,88717,179,-336,8100,6000,7000,2,0,2003,No
120000,Female,1,2,32,0,0,0,0,0,0,81878,83429,77262,78783,75252,77090,3014,5000,5000,2726,4000,3000,No
80000,Male,2,2,24,0,0,0,0,0,2,26170,25215,26189,26801,28593,26020,1414,1388,1000,2180,0,929,Yes
20000,Male,3,1,50,2,2,2,0,0,0,15089,17037,17457,17868,18428,19120,2200,1000,1000,1000,1000,900,Yes
380000,Male,1,1,53,-2,-2,-2,-2,-2,-2,360,360,360,720,360,360,360,360,720,0,360,360,No
180000,Female,1,2,30,0,0,0,0,0,0,173094,131039,132269,144990,152632,155935,7000,4900,15000,10000,6000,6500,No
50000,Male,2,2,27,0,0,0,-2,-2,-2,26380,26439,-200,-200,-200,-200,1000,0,0,0,0,0,No
280000,Male,1,2,33,-2,-2,-2,-2,-2,-2,0,0,0,0,0,0,0,0,0,0,0,0,No
30000,Female,3,2,47,0,0,0,0,0,0,25262,24365,5160,6160,5780,4790,1518,1000,1000,0,1000,0,No
100000,Male,2,2,25,2,0,0,-2,-2,-1,97614,50976,-212,-212,-212,138,3000,0,0,0,500,500,Yes
30000,Male,1,2,45,0,0,0,0,-1,2,27990,27632,27992,16065,930,780,1850,4700,1000,930,0,0,No
160000,Female,2,2,30,0,0,0,0,0,0,124178,118255,111807,107418,90471,86363,4507,4000,3500,3300,3500,3000,No
210000,Male,1,1,42,-1,-1,-1,-1,-1,-1,2295,6072,8319,5330,1586,4920,6090,8369,5346,1590,4934,3568,No
420000,Female,2,2,36,-1,-1,-1,0,-1,-1,3581,16629,33433,28468,35669,23317,16647,33595,16000,36625,23317,23983,No
400000,Female,1,1,37,-2,-1,0,0,0,0,-151,27952,47213,121013,87332,106519,78130,20000,93000,30000,20000,12014,No
70000,Female,1,2,29,0,0,0,0,0,0,62870,63992,64720,66031,67459,69171,2134,1600,1587,1700,2000,1900,No
300000,Male,1,1,54,0,0,-2,-2,-2,-2,234589,0,0,0,0,0,0,0,0,0,0,0,No
120000,Female,1,2,27,-1,0,0,0,0,0,22027,51757,113157,106767,30237,-1280,35000,100000,0,0,0,2750,No
180000,Male,1,2,27,0,0,0,0,0,0,13895,14385,13190,17676,14792,11210,5000,3000,8700,1500,600,4000,No
100000,Male,1,1,44,0,0,0,0,0,0,37222,38628,39982,40914,42053,43151,2000,2000,1600,1800,1800,1700,No
220000,Female,2,1,32,-2,-2,-2,-2,-2,-1,183718,172250,175771,180794,184650,167856,6243,6376,7942,8270,170000,6002,Yes
220000,Female,2,1,43,-1,-1,-1,-1,-1,-1,316,316,316,956,1087,316,316,316,956,1087,316,4342,No
140000,Female,2,1,27,0,0,0,0,0,0,126771,132730,124689,105447,106704,97725,10000,5000,5000,5000,5000,5000,No
90000,Female,2,1,51,0,0,0,0,0,0,112577,105189,97048,88247,88564,90145,4000,3330,3087,3162,4496,4003,Yes
30000,Female,1,2,23,0,0,0,0,0,0,29292,28809,30005,30452,29197,29381,1804,2000,1200,1600,1211,1165,No
240000,Female,1,2,28,0,0,-1,-1,-1,-2,2276,3188,454,2500,0,0,1000,454,2500,0,0,0,No
110000,Female,1,1,37,0,0,2,2,0,0,106658,111694,112131,108106,109798,107372,10800,3808,0,4000,5000,5000,No
60000,Female,1,2,24,2,2,2,2,2,3,37356,41624,40655,43974,46625,45590,5200,0,4000,3500,0,0,Yes
20000,Male,2,2,26,1,5,4,3,2,0,13242,12762,12276,11790,11460,14090,0,0,0,0,3000,5000,Yes
180000,Male,2,1,53,0,0,0,0,0,0,173481,176308,179878,182005,175016,178293,7900,8000,7000,6565,6800,6100,Yes
130000,Female,2,2,26,0,0,0,0,0,0,84133,84458,62441,48175,29874,15525,2758,2741,2175,1874,1525,0,No
130000,Female,3,1,36,0,0,0,0,0,0,42553,43606,44577,45013,45695,46283,1740,1711,1587,1823,1956,1125,No
10000,Male,2,1,42,-1,2,0,0,2,2,9860,9169,9055,9908,9611,10059,0,1200,1000,0,1000,0,Yes
50000,Female,1,2,24,-2,-2,-2,-2,-2,-2,894,1020,0,0,0,0,1020,0,0,0,0,0,No
190000,Female,1,1,31,-1,3,2,-1,-1,-1,8121,6523,750,14724,919,-3899,0,0,14724,0,0,25000,No
60000,Male,2,2,36,0,0,0,0,0,0,59219,58852,54811,39960,40133,37607,3083,1857,1289,1615,1484,2500,No
20000,Male,1,2,25,1,2,2,0,0,0,17147,19557,18935,19005,17862,20393,3000,0,653,900,3000,27,Yes
80000,Female,2,2,42,2,2,2,2,2,2,73981,76489,77611,78683,80315,81887,9625,3000,2900,3000,3000,0,Yes
500000,Female,1,1,51,-1,-1,-1,0,0,0,5255,86992,37272,24445,77828,61029,86992,37272,0,65428,1221,21984,No
220000,Male,3,1,52,1,-2,-2,-2,-2,-2,-4300,-4300,-4620,-4620,-5820,-5820,0,0,0,0,0,0,No
230000,Female,2,1,36,-2,-2,-2,-2,-2,-2,3786,2894,1200,2735,3231,909,2914,1406,2735,3241,913,0,No
20000,Male,2,2,25,2,2,2,2,2,0,15522,16469,15907,17140,16724,18438,1500,0,1500,0,2000,1500,No
50000,Male,2,2,39,0,0,0,0,-1,-1,48803,48808,20131,19940,390,540,1487,1200,399,390,540,390,Yes
120000,Female,1,2,29,0,0,0,0,0,0,110488,107488,97021,86283,87345,81666,4000,5000,3000,3300,3010,3000,No
130000,Female,2,2,34,0,0,0,0,2,0,99593,100415,103618,107525,104042,100190,4050,5600,7800,0,3900,3100,Yes
230000,Female,1,2,26,2,-1,-1,-1,-1,0,363,363,363,372,1971,2566,363,363,372,1971,1000,865,No
350000,Male,1,2,32,0,0,0,0,0,0,92134,120340,142794,101923,103119,84834,30000,25000,5000,5000,4000,5000,No
300000,Female,1,2,38,-2,-2,-2,-2,-2,-2,13548,13097,3025,4128,1726,-587,2060,2004,2003,1726,692,116422,No
70000,Female,2,2,55,0,0,0,0,0,0,67572,58969,57625,45675,46236,46758,2124,2311,1622,1674,1677,1697,No
280000,Male,1,2,33,0,0,0,0,0,0,281604,283292,281327,189287,185398,184414,10000,10059,5201,5211,5500,5500,No
60000,Female,2,1,25,0,0,0,0,0,0,20636,21367,22334,22426,22240,25378,1369,1336,927,801,4000,5000,Yes
290000,Male,3,2,34,0,0,0,0,0,0,5451,6230,140802,143354,146225,148820,1200,135000,5200,5500,5500,5400,Yes
180000,Male,1,1,35,1,2,2,2,2,2,133424,134835,131176,139976,138325,146136,5000,0,11000,700,10300,0,Yes
340000,Female,1,2,43,1,-2,-2,-2,-2,-2,-212,-212,-212,-212,-212,-212,0,0,0,0,0,154,No
360000,Female,1,2,29,-2,-2,-2,-2,-2,-2,5041,7485,4480,3260,3884,4352,2500,7740,3260,3884,4352,4509,No
30000,Female,3,1,48,0,0,0,0,0,0,25615,26950,27899,29614,30127,29646,1751,1700,2500,1000,2000,4034,No
100000,Male,1,2,32,0,0,0,0,0,0,26127,26608,24689,25699,26809,25836,2000,2000,1700,1500,1500,1700,No
210000,Female,1,2,31,2,2,2,2,0,0,131297,128743,129104,125887,112439,104537,9735,4000,0,4000,3850,12203,Yes
180000,Female,2,1,36,0,0,0,0,0,0,111190,113912,116231,117803,120350,124190,6000,5700,5000,4600,6000,3500,No
60000,Female,3,3,48,0,0,2,2,-1,0,53116,55950,54439,-561,20115,20000,3689,0,0,20907,400,0,No
200000,Female,2,1,37,0,0,0,0,0,0,5766,6786,7796,8512,10205,11032,1274,1284,1000,2000,1000,574,No
610000,Female,2,1,39,0,0,0,0,0,0,145143,136334,103624,101044,106356,92459,5002,5000,4006,10000,7000,5000,No
50000,Male,2,2,29,0,0,0,0,0,0,47373,48076,23459,16175,17753,18302,2000,2083,2000,2000,1000,1000,No
80000,Female,6,2,25,0,0,0,-2,-1,0,6643,9400,0,0,11457,6709,3000,0,0,45568,3000,3001,No
210000,Male,1,2,38,0,0,0,0,0,0,103310,111472,79503,75528,72567,69502,107651,2861,2388,3000,3000,2500,No
50000,Male,1,2,56,1,2,0,0,0,0,52108,50445,42652,9965,9720,9951,52,2176,334,336,375,1000,No
360000,Male,1,1,58,-1,-1,-1,-1,-1,-1,5619,14822,43000,4650,12132,13953,15008,43065,4650,12132,13953,2200,No
10000,Male,1,2,22,0,0,-1,-1,-1,-1,2946,0,390,390,390,0,0,390,390,390,0,780,Yes
30000,Female,2,2,23,2,0,0,0,0,0,30558,30363,29077,30029,26366,28916,1500,1600,1500,1000,3000,0,Yes
360000,Male,0,2,30,0,0,-1,0,0,-1,40250,23022,12272,34345,36777,30,23000,12280,25007,25008,1767,3300,No
100000,Male,2,1,52,0,0,0,0,0,0,64358,64956,66816,36448,37481,37684,2416,3000,1500,2000,1360,1500,No
500000,Female,2,1,40,-1,-1,-1,-1,-1,-2,2231,-9,2312,2928,0,0,0,2321,2928,0,0,0,No
70000,Female,3,2,42,0,0,0,0,0,0,69470,70279,70207,30348,28320,28704,3085,2808,2455,1337,2000,882,No
200000,Female,1,1,38,-2,-2,-2,-1,2,-1,26344,0,0,320,170,2865,0,0,329,0,2865,801,No
230000,Female,5,2,45,0,0,0,0,0,0,144407,146277,149338,152555,155934,159332,5400,5500,5700,6000,6000,6000,No
200000,Male,2,2,36,-1,-1,-2,-1,-1,-1,2989,0,0,2989,9059,52248,0,0,2989,9059,52546,10380,No
110000,Male,2,1,38,2,2,2,0,0,2,96898,96071,93321,94034,99531,96614,4826,5,4000,7300,0,4000,Yes
260000,Female,1,2,33,0,0,0,0,0,0,6818,8040,11736,10190,18122,0,1340,4036,204,8122,0,200,No
50000,Female,3,3,55,-1,-1,-1,0,0,2,390,390,911,1080,930,390,390,911,559,390,0,390,No
50000,Male,2,2,44,0,0,0,0,0,0,49120,50823,49844,20239,20241,19921,2504,1590,701,803,1000,671,No
80000,Male,2,2,23,0,-1,2,-1,-1,-2,25992,904,68,232,-604,-440,1000,0,1000,0,1000,0,No
260000,Male,1,2,29,-1,-1,-1,-1,-1,-1,7168,4495,4032,2104,2650,3472,4497,4035,2111,2653,4054,5014,No
80000,Male,1,2,31,0,0,0,0,0,0,48783,42692,34593,38808,40942,40854,5000,3000,5000,5000,3000,2000,No
200000,Female,5,1,36,-1,-1,-1,-1,-1,-1,2353,2957,738,4152,2866,1414,3011,747,4164,2874,1418,2148,No
370000,Female,2,2,29,4,3,2,0,0,0,390509,382898,365461,304436,311426,275628,0,0,10019,11000,10000,10000,Yes
60000,Female,1,1,43,2,2,2,2,2,2,46806,47758,48669,49559,50608,51426,2000,2000,2000,2000,1806,2300,Yes
260000,Male,1,2,29,1,2,-1,-1,-1,-2,56536,23827,29423,37900,-3400,-4000,778,29423,10000,0,0,24450,No
30000,Male,2,2,35,3,2,2,0,0,0,13461,14179,13654,13979,15525,0,1228,0,553,1825,0,0,Yes
120000,Male,2,2,32,1,2,2,2,2,2,60316,61763,63154,64524,66345,68104,3000,3000,3000,3000,3000,0,Yes
130000,Female,3,2,39,0,0,0,2,0,0,133825,134495,133745,130814,130758,123468,7500,10000,0,4500,4500,4179,No
160000,Female,3,1,38,-2,-2,-2,-2,-2,-2,0,0,0,0,0,0,0,0,0,0,0,0,No
230000,Female,2,2,31,-1,-1,-1,-1,0,0,5070,4317,1421,10452,5978,62292,4317,1421,10452,700,57229,2500,No
300000,Female,1,2,26,0,0,-1,-1,0,-1,293554,291421,3760,3359,10670,2969,7877,5016,5008,10032,2977,11875,No
180000,Female,2,2,29,-2,-1,-1,-1,-1,-1,4000,6028,6028,3996,9062,3997,6028,6028,3996,9066,3997,6992,No
80000,Female,2,2,24,1,-2,-2,-1,-1,-1,0,159,0,110,-390,1104,159,0,110,390,1884,0,Yes
180000,Female,4,1,30,0,0,0,-1,-1,-1,107337,101268,101754,15147,2187,7382,3735,2231,15147,2187,7382,850,No
50000,Male,2,2,25,3,2,0,0,0,0,50516,22781,25064,12927,18691,19291,9,1210,1000,6000,1060,780,Yes
10000,Male,2,1,62,-2,-2,-2,-2,-2,-2,2778,1939,2038,1938,0,0,1939,2040,1938,0,0,0,No
50000,Male,2,2,46,-1,-1,-1,-1,0,0,1540,26060,0,2650,3320,2764,26060,0,3472,2320,1764,2841,No
90000,Female,1,1,31,1,2,-1,0,0,-1,8318,6111,33212,8978,1782,23173,39,33500,0,0,25000,0,No
30000,Female,3,2,29,2,0,0,2,2,2,23136,24205,28318,28755,29442,30003,1744,4857,1200,1300,1200,1100,Yes
150000,Female,2,1,38,0,0,0,0,0,0,140133,140414,141314,141000,142358,143358,6601,6501,5201,5501,5282,5200,No
590000,Male,1,1,63,0,0,0,-1,0,0,630458,646770,693131,324522,358774,369685,28000,61115,325000,40000,20000,51000,No
100000,Male,2,2,27,2,0,0,3,2,0,63004,66964,75856,74062,72756,76355,5000,10000,0,0,5000,5000,Yes
20000,Female,2,2,25,-2,-2,-2,-2,-2,-2,7666,6664,6598,6632,6666,6666,6664,6600,6700,6700,6666,6982,No
10000,Male,1,2,22,2,2,2,0,0,2,6883,9108,8813,10066,10017,9705,2500,0,1400,1100,0,500,Yes
300000,Male,1,2,26,2,2,2,0,0,2,273138,279307,273333,277270,284915,286837,12000,0,10000,12180,10000,10817,Yes
260000,Female,2,2,40,0,0,0,0,0,0,241565,244619,127074,14,124493,128463,13000,6500,0,124479,6000,6500,No
160000,Female,3,1,28,0,0,0,0,0,0,38660,38942,39787,40069,37647,38268,2500,1877,2000,3000,1400,5000,No
260000,Female,1,2,32,-2,-2,-2,-2,-2,-2,0,0,3210,0,0,2712,0,3210,0,0,2712,0,Yes
280000,Female,1,2,29,-1,-1,-1,-1,-1,-1,2187,1461,53603,976,20825,1159,1469,53871,981,20929,1164,0,No
260000,Female,1,2,35,1,-1,-1,-1,-1,-1,-15,16596,1935,5365,0,294,16611,1935,5365,0,294,741,No
50000,Female,2,3,49,0,0,0,0,0,2,45681,14657,9677,8826,10177,9865,1209,1300,350,1500,0,300,No
260000,Female,2,2,44,1,-2,-2,-2,-2,-2,0,0,0,0,0,0,0,0,0,0,0,0,Yes
60000,Female,2,2,24,2,2,2,0,0,2,60270,65005,63309,62369,64603,66584,5706,0,2250,5000,4800,0,Yes
130000,Female,2,1,26,0,0,0,0,0,0,24579,23741,11666,11806,11081,11396,1187,1500,616,500,500,485,No
140000,Female,1,2,31,0,0,0,0,0,0,112936,117021,107837,96546,95489,97347,6000,5000,3400,3617,3600,3700,No
20000,Male,3,2,39,2,0,0,0,0,0,18243,17557,19880,19471,16211,14365,1677,3000,590,687,524,235,Yes
220000,Male,1,2,28,0,0,0,0,0,0,127021,132595,102667,108998,117186,121062,28500,5000,9604,10000,6000,14000,No
500000,Male,1,2,37,-1,-1,-1,-1,-1,-1,4331,60446,30592,154167,13410,25426,60446,30594,150843,163881,25426,39526,Yes
50000,Male,3,3,59,0,0,0,0,0,0,50739,50142,18894,18512,16853,18401,1500,1500,1000,1000,2000,1000,No
210000,Female,1,2,28,-1,-1,-1,-1,0,0,262,3771,5474,69536,76188,72678,3771,5474,69536,10000,4000,2100,No
370000,Male,1,2,28,0,0,0,0,0,-1,87313,90345,37554,7628,1026,1422,5000,6000,2000,1000,1422,3600,No
200000,Male,2,2,27,1,2,2,2,2,2,112050,115353,112099,118764,120780,123710,6501,0,10000,4001,5000,0,No
260000,Male,1,1,51,1,-2,-2,-2,-2,-2,-200,-200,-200,6682,1718,1512,0,0,6882,1734,1512,0,No
50000,Female,1,2,23,-1,-1,-1,-1,-1,-1,15512,2552,13890,2545,15688,3088,2552,13914,2545,16508,3088,0,No
260000,Female,1,2,33,0,0,0,0,0,0,18460,20321,22643,20864,25604,28748,3000,3000,2000,5634,3748,1000,No
230000,Female,3,2,48,-1,-1,-1,-1,-1,-1,2781,12515,3090,1879,30467,4460,12540,3099,1884,30468,4473,5635,No
500000,Male,2,2,33,0,0,0,0,0,0,3311,4254,2234,5404,2375,10078,4019,2019,5025,2011,10046,3017,No
50000,Male,2,2,25,0,-1,2,0,0,0,1552,2452,1878,1482,326,-70,2452,0,0,0,0,3000,Yes
220000,Female,2,1,37,2,0,-1,-1,0,0,2345,2572,15,947,631,715,1007,16,1578,0,400,1,Yes
150000,Male,3,1,64,0,0,0,0,0,0,56852,58031,59202,60304,61650,0,2688,2730,2680,2850,0,0,No
180000,Female,1,2,35,-1,-1,-1,0,-1,-1,11123,7883,16477,13207,73813,34935,7936,18207,0,22479,34935,5382,No
80000,Female,2,1,40,0,0,-2,-2,-2,-2,82150,0,0,0,0,0,0,0,0,0,0,0,Yes
30000,Female,2,2,26,1,2,2,0,0,0,5231,6299,6052,6299,7190,7469,1300,0,500,1000,400,1500,Yes
180000,Female,2,2,31,0,0,0,0,0,0,176731,177490,178659,138243,138023,137923,6814,7756,4788,5100,5500,5100,No
70000,Male,3,1,64,0,0,0,0,0,0,62188,62848,56718,47191,45959,47635,3000,2200,1700,1700,2441,2000,No
640000,Female,1,1,50,-2,-2,-2,-2,-2,-2,6482,8853,22238,9877,10110,23910,8853,22243,9877,10110,24616,5952,No
60000,Female,1,2,28,1,-2,-2,-1,-1,0,0,0,0,619,39224,34881,0,0,619,39224,1500,1500,No
120000,Female,2,2,24,2,0,0,0,0,0,67714,51385,35160,13425,8517,6174,2102,1021,274,3001,1004,4005,Yes
280000,Female,1,2,27,-1,-1,-1,-1,-1,-1,36382,2000,400,0,1398,4626,2000,400,0,1398,4626,0,No
260000,Female,1,2,32,0,0,0,0,-1,-1,8161,10086,12985,0,560,0,2000,3000,0,560,0,0,No
50000,Male,2,3,34,0,0,0,0,0,0,48538,49580,47557,20914,19646,20332,3000,3006,1500,701,1000,1000,No
70000,Male,2,2,47,1,2,0,0,2,2,64586,62983,64885,68164,66948,71122,0,2950,4965,0,5289,0,No
470000,Male,1,1,40,2,0,0,0,0,0,241153,204223,151253,138087,109094,106004,10000,5214,4500,5000,4200,5000,Yes
320000,Female,1,1,41,-2,-2,-2,-2,-2,-2,56093,0,0,0,12974,0,0,0,0,12974,0,5616,No
50000,Female,3,2,23,0,0,0,0,0,0,49385,49527,29550,29894,30125,30192,1500,1467,1201,1236,1103,1042,No
140000,Female,2,2,29,0,0,0,0,0,0,43030,44335,45351,46317,55506,56609,2000,1755,1721,10000,2028,3000,No
450000,Female,1,2,45,1,-2,-2,-2,-1,-1,0,0,0,0,4595,198,0,0,0,4595,198,5095,No
500000,Male,2,1,49,-1,-1,-1,-1,-1,0,371,3523,483,12988,92539,94292,3540,485,13052,92539,3160,1910,No
230000,Male,1,1,38,-1,-1,-1,-1,-1,-1,1902,2161,1144,1346,1024,-4,2170,1149,1352,1029,0,654,No
50000,Male,2,2,24,1,3,3,2,2,0,53890,54084,52026,51899,50836,47828,2200,0,1800,105,2300,1600,No
300000,Male,2,1,31,-1,-1,-1,-1,-1,-1,12793,14185,12970,14786,12794,14180,14212,12985,14816,12808,14201,14109,No
100000,Female,3,1,36,2,2,2,2,2,2,92675,92857,80748,80708,75366,76590,3445,709,6077,2805,2906,0,No
30000,Male,2,2,27,0,0,0,0,0,0,29063,28601,28503,27525,27630,0,1908,1200,2,835,0,0,No
400000,Male,2,1,44,-1,-1,0,0,0,-1,6389,59407,26616,15333,9995,4175,59570,1105,10021,51,4735,1733,No
170000,Male,1,2,30,-1,2,2,-1,-1,-1,998,998,0,499,724,390,0,0,499,724,390,424,No
340000,Female,3,2,57,0,0,0,0,0,0,49467,50551,53490,104477,54351,25346,1880,3819,2073,5264,2571,53860,No
80000,Female,2,1,38,-1,-1,-1,-1,-1,-1,1894,316,316,514,316,1605,316,316,514,316,1605,316,Yes
20000,Female,1,2,24,-1,-1,-1,0,0,0,7795,4110,10269,5880,3330,4339,4112,10269,118,67,2000,2128,No
300000,Female,1,1,51,-1,-1,-1,-1,-2,-2,311,830,225,0,0,0,832,225,0,0,0,0,No
20000,Male,3,2,43,-1,0,0,-1,0,0,6085,6607,2800,11052,10522,9150,1045,1028,11052,311,183,0,Yes
50000,Male,1,1,40,0,0,0,0,0,0,50657,50529,49162,19969,19893,20282,2015,2190,809,3012,5795,2001,No
60000,Female,1,2,27,-1,-1,-1,-1,-1,2,3136,1286,1047,-239,1475,1289,1286,1047,0,3000,0,0,No
120000,Female,2,2,26,1,2,2,2,2,2,52623,51208,57538,56019,60135,61298,0,7200,0,5200,2300,0,No
20000,Male,3,2,59,2,2,2,0,0,0,5119,5546,6302,7193,8075,8938,1500,1000,1000,1000,1000,1000,No
240000,Female,2,1,40,-1,-1,-1,-1,-1,-1,326,326,326,326,326,326,326,326,326,326,326,326,No
420000,Female,1,2,36,-2,-2,-2,-2,-2,-2,0,3363,13581,1024,7853,5562,3363,13591,1026,7853,5562,990,No
180000,Female,1,2,28,1,-2,-2,-2,-2,-2,0,0,0,0,0,0,0,0,0,0,0,0,No
30000,Male,1,2,41,0,0,0,2,2,0,16098,17130,18621,19017,18571,19264,1597,2088,1000,0,1001,380,Yes
110000,Male,2,2,25,2,0,0,0,0,0,38449,38433,37038,38336,12907,13541,3000,1800,2000,600,1000,5000,No
90000,Male,1,2,33,-1,-1,-1,-1,-1,2,498,498,498,498,3482,2793,498,498,498,3482,0,483,No
220000,Male,1,1,41,-1,-1,0,-1,-1,-1,30262,37068,14271,9884,4090,6108,37092,10071,9884,4090,6108,19933,No
50000,Female,3,1,57,2,0,0,0,0,0,47349,46353,38081,16970,17695,18401,1892,2600,2000,1000,1000,1500,Yes
30000,Female,3,2,22,0,0,0,0,0,0,20741,21906,23183,13273,3027,3177,1500,1700,750,200,200,100,No
520000,Male,1,1,55,-1,-1,-1,-1,-1,-1,2292,5139,8290,35024,10881,7208,5227,8309,35026,10883,7310,4890,No
80000,Female,3,1,39,2,2,2,2,2,2,48401,49326,50207,51081,52118,51129,2000,2000,2000,2001,0,4100,No
20000,Male,3,2,58,0,0,-2,-2,-2,-2,12066,0,0,0,0,0,0,0,0,0,0,0,No
210000,Female,1,2,29,-1,-1,-1,-1,2,-1,27371,871,871,2042,1021,1666,871,871,2042,0,1666,316,No
100000,Female,2,2,28,0,0,0,0,0,0,101557,101518,97664,70995,70183,71068,5000,4000,2700,2500,2800,2600,No
320000,Female,1,1,33,1,-2,-2,-1,-1,-1,0,0,0,1248,1479,0,0,0,1248,1479,0,0,No
500000,Female,2,1,44,0,0,0,0,0,0,38034,39044,38458,39222,40043,40854,1632,1639,1403,1452,1475,1117,No
20000,Female,3,1,41,0,0,0,0,0,2,16208,16942,18255,18468,19715,19250,1300,1600,813,1700,0,831,No
10000,Male,2,1,59,0,0,0,0,0,0,6827,7849,8704,8877,9063,9318,1290,1145,318,329,406,186,No
310000,Male,3,1,43,-1,-1,-1,0,-1,-1,4323,650,10453,10115,600,1788,650,10453,202,1098,1788,200,No
200000,Female,1,2,37,-1,-1,-1,-1,0,-1,11211,12329,11846,25920,8035,8521,12329,11846,25924,161,8521,5538,No
180000,Male,3,2,29,-2,-2,-2,-2,-2,-1,4358,3160,2611,8710,5127,8758,3169,2618,8736,5142,8766,15040,No
50000,Male,2,1,32,0,0,0,0,0,0,37293,35441,26265,19526,13250,11250,1634,1420,391,300,500,0,No
150000,Female,2,2,41,-1,-1,-1,0,-1,-1,2371,40800,1995,285,4926,5523,40824,2340,0,4970,5527,903,No
500000,Female,1,1,45,0,0,0,0,0,0,93669,101892,76452,20965,50466,61566,10147,5331,10000,30000,12000,10000,No
230000,Male,2,2,31,0,0,0,0,0,0,14529,16597,18968,21435,27151,26815,5500,3000,4000,8000,4000,5000,Yes
20000,Male,2,2,38,0,0,0,0,0,0,19845,18245,17658,16576,13529,10387,1694,1368,547,504,347,6000,No
190000,Female,2,2,28,0,0,0,0,0,0,43072,43537,41016,40702,40676,27560,3768,3500,2500,4000,3000,3000,No
20000,Female,2,2,24,0,0,0,0,0,0,19043,20210,18091,19431,19478,17492,1500,1408,5000,1000,2000,5000,No
170000,Male,3,1,51,0,0,0,0,0,0,55396,56493,55594,50417,45347,46247,8000,6000,1709,1645,1653,1725,No
210000,Female,2,2,43,0,0,0,0,0,0,180962,181870,159975,138349,112371,111979,6601,5085,4087,4220,27704,73000,No
100000,Male,2,1,44,2,2,2,2,3,2,59586,60842,61749,65130,63816,65011,2800,2500,5000,0,2400,2400,Yes
260000,Female,2,1,42,0,0,0,0,0,2,50060,54213,49512,18657,33296,32622,5000,2655,800,15000,0,10000,No
200000,Female,2,2,25,0,0,0,0,0,0,22371,24569,28630,29962,30733,39192,2569,4500,1800,2000,9000,5000,No
90000,Male,2,3,40,0,0,0,0,-1,-1,106947,71111,25286,8773,3786,390,1965,5064,5007,3788,390,390,Yes
470000,Female,1,1,35,0,0,0,0,0,0,270005,262579,248080,232961,217802,202092,9500,9000,8086,14700,7000,9000,No
270000,Female,1,2,27,-1,0,0,0,0,2,153201,136157,115733,93359,55264,11292,5933,9851,4214,4300,0,1000,No
100000,Male,1,1,49,0,0,0,2,2,2,63977,64854,69258,67546,71938,73605,2500,6100,0,5500,3000,0,Yes
200000,Female,1,2,40,1,-2,-2,-1,-1,-1,-433,-433,-433,8567,17363,0,0,0,9000,17363,0,0,No
70000,Female,2,1,43,0,0,0,0,0,0,38173,38750,39493,39879,40314,40725,1957,1700,1408,1448,1456,1475,No
200000,Female,1,1,40,-1,-1,-1,-1,-1,-1,16204,7870,18041,4288,2270,467,7870,18090,4288,2270,467,18,No
50000,Female,2,1,31,0,0,0,0,0,0,52754,50393,25953,27350,19931,16845,3000,5000,3000,3002,3007,7000,No
90000,Female,2,1,24,0,0,0,0,0,0,28329,28980,29564,29710,29700,0,1800,1774,920,1102,4014,0,No
50000,Female,2,1,30,0,0,0,0,0,0,48139,49364,50558,23921,24423,25059,2299,2493,856,887,1043,922,No
240000,Female,1,1,37,-1,-1,-2,-2,-2,-2,317,0,0,0,0,0,0,0,0,0,0,0,No
140000,Male,1,2,35,-1,-1,-1,-1,-1,-1,325,537,4233,857,325,325,537,4233,857,325,325,954,No
120000,Male,1,1,52,2,2,2,2,3,2,112593,112623,115258,119620,118928,121619,3300,6000,7800,1500,4800,0,No
460000,Male,2,1,61,1,-1,-1,-1,-1,-1,0,8602,0,880,1018,99,8602,0,880,1018,99,1922,No
170000,Female,2,1,25,0,-1,0,0,-1,-1,1906,3970,3406,1703,495,6616,4000,2703,0,495,6616,495,No
500000,Female,1,1,39,0,0,0,0,0,-1,39823,61597,52210,27843,28926,11931,30006,23016,566,22323,11931,10683,No
210000,Female,1,2,26,1,-1,2,0,0,-2,-12,488,488,488,-260,-506,500,0,0,0,0,0,No
50000,Male,1,2,24,0,0,0,0,0,2,42509,43565,44530,40206,46538,47311,2041,2006,1632,7177,1701,0,No
200000,Female,2,1,42,-1,-1,-1,-1,-1,-1,326,645,586,600,485,0,645,586,600,485,0,0,No
20000,Female,1,2,26,-1,-1,-1,-1,-1,0,11030,5331,20985,6932,37345,28798,5331,20985,6932,37845,2000,11200,No
80000,Female,2,1,53,1,2,2,2,0,0,9715,9415,11254,10777,12096,13895,0,2000,0,1500,2000,0,No
430000,Male,2,1,32,1,-1,-1,-2,-2,-2,0,2500,0,0,0,0,2500,0,0,0,0,0,Yes
350000,Female,1,2,44,3,2,2,2,2,2,314607,322032,327193,333278,340791,348006,14000,12000,13000,13000,13000,12200,Yes
50000,Female,2,1,34,-1,-1,-1,-1,-1,-1,2738,8192,3595,900,6483,0,8199,3622,900,6483,0,0,No
210000,Female,3,1,55,0,0,0,0,0,0,217016,204418,204377,146575,144521,147938,8049,9000,6000,5500,5816,5500,Yes
20000,Male,2,2,51,-1,-1,-2,-1,-1,-2,780,0,-1500,780,0,0,0,0,2280,0,0,0,No
50000,Female,3,1,46,2,0,0,2,2,0,25706,25040,25376,23845,21691,20426,1434,2456,784,0,778,573,Yes
50000,Female,1,2,24,0,0,0,0,0,0,49982,49650,48321,30281,30380,28852,1963,1739,1033,1058,1041,1007,No
30000,Male,3,2,31,3,2,0,0,0,2,30588,26860,21165,21281,22938,22422,0,1646,762,2000,0,647,Yes
100000,Male,1,2,29,2,2,2,2,2,0,48186,48924,47837,51361,50417,51400,1800,0,4321,0,2400,0,Yes
360000,Male,2,2,28,0,0,0,0,0,0,35564,25173,10633,7217,7364,-7,2086,3017,144,147,0,763,No
50000,Female,2,3,30,2,2,0,0,0,0,40087,38281,34519,33965,33273,31960,0,1466,1282,1293,1257,3013,No
120000,Female,2,1,37,0,0,0,2,0,0,12006,13024,14795,14313,14762,14902,1171,1942,0,626,478,495,No
30000,Female,2,2,29,1,2,0,0,0,2,16493,15545,16557,16857,18121,18375,0,1275,575,1539,700,0,Yes
200000,Female,2,2,30,0,0,0,0,0,0,193300,191254,176720,164729,162097,154016,6860,5870,5009,5543,6037,5002,No
20000,Male,3,2,37,0,0,0,-1,-1,-2,19716,20518,16551,1700,0,0,1547,1350,1700,0,0,0,No
50000,Female,2,2,23,0,0,0,2,0,0,47020,48383,47231,20508,20584,19625,2139,2500,6,2000,2000,2000,Yes
70000,Female,1,2,25,0,0,0,0,0,0,8272,10128,11106,11443,10323,11150,2000,1163,500,376,1000,800,No
90000,Female,1,2,30,2,2,3,3,3,3,750,750,750,750,2450,2150,0,0,0,2000,0,0,No
150000,Male,2,1,37,2,2,2,2,2,2,106628,100750,86686,78497,67612,55050,7400,0,4800,1800,0,2100,Yes
90000,Male,2,2,38,0,0,0,0,0,0,112212,109495,48950,20253,18810,19496,5170,21287,1353,1000,1000,607,No
80000,Male,1,1,40,0,0,2,2,2,2,28054,31201,31594,30787,34513,34995,3600,1200,0,4246,1200,1500,Yes
100000,Male,1,2,32,1,2,2,0,0,0,95794,97390,94110,92823,68136,53170,4000,0,2000,2000,3000,0,No
200000,Female,2,1,41,-2,-2,-2,-1,0,0,-780,-783,909,2004,2008,0,0,1692,2004,4,54,0,No
140000,Female,2,2,31,3,3,2,2,2,2,124716,127047,128479,129869,132540,135201,5800,5000,5000,4900,5000,5000,Yes
50000,Female,3,3,43,0,0,0,0,0,0,31199,36067,24727,30182,27043,25995,12009,2111,11000,1000,6000,6001,No
60000,Female,2,1,42,0,0,0,0,0,0,61759,60399,38994,40338,40142,39904,2600,2000,2000,1614,1590,2000,No
130000,Male,1,1,40,0,0,0,0,0,-2,25375,26128,25327,25775,0,0,1500,1852,1300,0,0,0,No
320000,Female,2,1,43,0,0,0,0,0,0,181048,186444,188596,192145,195813,198648,8500,7000,6800,7000,6965,7500,No
120000,Female,3,1,42,-1,-1,-1,0,-1,0,2207,263,4531,1211,4015,2042,263,4531,0,4015,0,1007,No
450000,Female,2,2,35,1,2,0,0,0,0,347994,311267,365723,370496,374405,373155,0,90000,14011,14029,14052,14000,No
200000,Female,2,1,36,-1,0,0,0,0,0,136286,183615,184792,195062,195156,192436,50000,7000,15000,7500,7500,10000,Yes
410000,Female,2,1,29,-2,-2,-2,-1,-1,0,6764,6500,6764,1743,149153,145597,6500,6764,3542,161064,5072,4891,No
210000,Female,1,1,36,1,-2,-2,-2,-2,-2,0,0,0,0,0,0,0,0,0,0,0,0,Yes
130000,Male,3,1,38,1,-2,-2,-2,-2,-2,0,0,0,0,0,0,0,0,0,0,0,0,No
170000,Female,1,2,27,-2,-2,-2,-2,-1,2,6504,1046,0,0,910,382,1046,0,0,910,0,532,Yes
190000,Female,2,1,55,0,0,0,0,0,0,104344,106814,104047,88269,90264,88823,6003,5009,5750,3500,3500,3200,No
230000,Female,1,2,28,0,0,0,0,0,0,95956,87294,85336,81640,82462,80964,4231,4061,2846,2800,2909,2601,Yes
50000,Female,2,2,23,0,0,2,0,0,0,17313,20019,19399,19785,20465,20877,3000,0,709,1000,750,1000,Yes
220000,Female,2,2,41,0,0,0,0,0,0,32016,29052,23115,20354,7438,4887,2004,2009,5004,1000,1000,3000,Yes
320000,Female,1,2,32,2,0,0,0,0,0,313383,313136,317847,313990,312070,319672,12937,13036,10072,9600,11056,9964,No
160000,Female,2,1,27,0,0,0,-2,-2,-2,75652,44675,-183,-218,-218,-218,1020,0,0,0,0,0,Yes
460000,Female,1,2,34,1,-2,-2,-2,-2,-2,-258,-258,-258,1209,703,990,0,0,1467,703,990,3200,No
490000,Male,1,1,38,1,-2,-2,-1,0,0,380,380,380,15240,19656,24006,380,380,15240,5000,5000,7396,No
130000,Female,2,1,47,0,0,0,0,0,0,85317,86865,88760,35671,36977,38931,3813,4013,1274,1878,3116,0,No
170000,Male,2,2,41,0,0,0,0,0,0,162500,122372,66038,67934,69834,71668,4781,3000,3000,3000,3000,3000,No
150000,Female,2,2,24,0,0,0,0,0,0,108924,109705,108748,108116,108951,109901,4000,5500,4000,4100,4300,4000,No
180000,Female,1,2,33,-2,-2,-2,-2,-2,-2,1246,1845,471,471,248,335,1845,471,471,248,335,200,No
50000,Male,3,2,35,0,0,0,-1,-1,-1,41646,43257,31473,1473,1473,3873,4000,5300,1473,1473,3873,390,No
240000,Female,5,1,44,0,0,0,0,0,0,47315,34623,34347,36082,32957,18797,3000,3500,9700,4000,6300,3000,No
390000,Female,1,2,37,-1,-1,-1,-1,-1,-1,20666,20666,10000,20666,10000,10000,20666,10000,20666,10000,10000,10500,No
50000,Male,3,2,47,0,0,0,0,0,0,48593,48653,15433,15037,10527,10736,1278,1469,463,381,383,398,No
310000,Male,1,1,43,-2,-2,-2,-2,-2,-2,0,0,0,0,0,0,0,0,0,0,0,0,No
100000,Female,1,2,28,1,-1,-1,-2,-2,-2,290,930,977,0,0,0,1534,977,0,0,0,0,No
260000,Female,1,2,36,-1,-1,-2,-2,-2,-1,2992,0,0,0,0,150,0,0,0,0,150,310,No
310000,Male,2,2,27,-2,-2,-2,-2,-2,-1,68928,43431,61756,88416,59964,44873,43894,61816,39022,10041,15080,46146,No
270000,Male,1,2,40,0,0,0,0,0,0,193444,202284,199443,147121,162262,107338,15000,7000,10000,25000,15000,15000,No
250000,Female,1,1,30,-1,-1,-1,2,-1,-1,1923,-574,2533,1607,56694,58091,900,4500,0,57000,5000,0,Yes
130000,Female,2,1,31,0,0,0,0,0,0,32215,33690,34859,34051,32827,16702,2000,2000,2000,1000,2000,7131,No
220000,Male,1,1,35,0,0,0,0,0,0,21960,21860,25463,28036,34552,43827,2000,4000,3000,7000,11000,3000,No
60000,Female,2,2,48,0,0,0,0,0,0,86550,82592,77423,70653,22552,23708,3000,3000,3000,5000,3000,3000,No
120000,Male,1,2,29,-2,-2,-2,-2,-2,-2,119324,119255,120584,70990,0,0,5025,4023,3300,0,0,68010,No
30000,Female,2,1,35,-1,-1,2,0,0,0,11359,27657,26745,27345,25300,0,27657,0,1000,0,0,0,No
130000,Female,1,2,30,2,2,2,2,2,0,124651,128263,129669,131057,128857,131469,7100,5000,5000,0,4928,4574,Yes
100000,Female,2,1,35,-1,-1,-1,0,0,-1,29048,0,4069,37069,20233,22227,0,4069,33000,20000,22227,20000,No
200000,Female,1,2,26,0,-1,-1,-1,-1,-2,1290,599,0,253,0,0,599,0,253,0,0,0,No
260000,Female,2,1,47,0,0,0,0,0,0,164137,167734,171932,175152,180719,183138,10000,10000,9000,10000,7000,6000,No
390000,Male,1,1,45,2,2,0,0,0,0,185204,180455,131386,131879,115183,75131,0,6000,3500,5000,4500,3000,Yes
140000,Female,2,2,24,-2,-2,-2,-2,-2,-2,137037,127771,124714,73593,73344,78629,5053,3615,2573,2858,8000,2000,Yes
220000,Female,2,2,39,0,0,0,0,0,0,142186,141068,140391,140549,140303,140737,7000,7000,5006,6000,6312,6000,No
20000,Male,2,1,31,-1,-1,-1,-1,-1,-1,1572,1386,999,2640,1000,0,1386,1003,2640,1000,0,0,No
500000,Male,2,2,40,-1,-1,-1,-1,0,-1,33179,97882,48017,49403,40018,54109,99159,48276,49450,201,54379,9905,No
210000,Female,2,1,33,0,0,0,0,0,-1,8770,10972,22610,10161,5933,4164,6000,15042,5000,0,4164,816,Yes
340000,Female,2,2,39,0,0,0,0,0,0,308286,315601,318616,243586,248766,254056,13775,10631,8900,9200,9525,8600,No
130000,Male,2,1,44,2,0,0,0,0,2,16357,17287,19992,22329,23964,23428,1500,3000,3000,2000,0,1500,Yes
200000,Female,2,2,34,0,0,0,0,0,0,189279,195200,60278,58972,55731,99900,10000,5023,5000,5000,50000,4000,No
150000,Male,1,1,35,0,0,0,0,0,0,160292,153981,129725,103050,54447,46943,6100,5100,4200,1900,1600,1500,Yes
50000,Female,3,2,22,0,0,0,0,0,0,36926,52845,52148,32718,32096,30563,20007,3014,1309,5009,2008,4622,No
60000,Female,1,2,25,2,2,2,2,4,3,38050,39147,38223,43261,42009,41036,2000,0,6000,0,0,1400,Yes
60000,Male,1,2,27,-1,-1,-1,-1,0,-1,1386,5273,1586,5781,1188,1061,5273,30000,11776,0,1061,1239,No
150000,Female,3,1,29,0,0,0,0,0,0,118025,120493,123087,124843,127431,130008,4278,4500,3700,3716,3768,4000,No
180000,Male,1,1,38,2,2,2,2,2,2,47276,49256,50186,51102,52178,53213,3000,2000,2000,2000,2000,2100,Yes
50000,Male,2,2,22,0,0,0,0,0,0,55100,52440,47080,15718,13674,15145,2372,2149,1203,2000,1716,628,No
10000,Female,3,1,48,0,0,0,0,0,0,7863,8504,8162,6978,2278,0,1172,1000,186,0,0,0,No
100000,Female,2,2,24,0,0,0,0,0,0,94056,96272,97464,80034,80533,77479,3730,3033,2676,2796,2806,2379,No
50000,Male,3,1,51,0,0,0,0,0,0,48550,46267,46716,29744,30060,29449,2000,1400,984,1013,1006,939,No
30000,Male,2,1,39,0,0,0,0,2,0,19643,20721,21867,24291,23766,23696,1700,1800,3100,0,565,98,Yes
100000,Female,2,2,30,2,2,2,2,2,2,96638,98491,99983,100555,103300,101471,4300,4000,3100,4500,0,3845,Yes
290000,Male,2,1,37,-2,-2,-2,-2,-2,-2,199911,204462,208769,213085,211829,96532,8001,8001,8037,10074,5010,179228,No
140000,Female,2,1,42,0,-1,-1,0,0,0,3726,2826,1646,4650,5764,7116,2846,1646,4500,3000,3000,1838,No
380000,Male,1,2,27,-1,2,-1,-1,-1,-1,2501,1138,966,1258,1121,1362,0,966,1500,1121,1362,1472,No
230000,Female,3,1,54,-1,-1,-1,-1,-1,-1,1227,784,1854,396,1950,1099,784,1854,396,1950,1099,2040,No
210000,Female,1,1,34,0,0,0,0,0,0,74261,75602,76062,76287,76971,77737,3500,3300,3000,3000,3000,3000,No
150000,Female,2,1,37,0,0,0,0,0,-2,144744,147891,116541,114511,0,0,4610,2336,2290,0,0,0,No
70000,Female,3,1,27,2,2,2,2,2,2,27241,30416,29628,32350,33218,32532,3628,0,3218,1532,0,2257,Yes
80000,Female,2,2,24,0,0,0,-2,-2,-2,9591,1726,0,0,0,0,1000,0,0,0,0,0,No
50000,Male,2,2,30,0,0,0,0,0,0,49259,47114,83908,18801,16494,19191,2500,3320,2000,1000,3000,1000,No
180000,Female,2,2,30,0,0,0,0,0,0,63182,64274,55112,56394,57577,58564,2166,2002,2200,2242,2100,2330,No
150000,Female,1,2,35,-2,-2,-2,-2,-2,-2,9164,14011,7715,8295,7301,4388,14021,7723,8295,7301,4388,1600,No
60000,Male,1,2,24,0,0,0,0,0,0,20873,22228,22691,22816,26587,22917,2000,1246,720,4780,1700,4000,No
90000,Female,2,1,26,2,0,0,0,0,0,89947,91929,88433,88010,87814,87831,5000,4300,3500,3500,3700,3100,No
20000,Male,2,1,43,0,0,0,0,0,0,14102,14870,16116,16436,16781,17112,1300,1500,588,610,611,788,No
320000,Female,1,2,32,-2,-2,-2,-2,-2,-2,-1,-1,-1,-1,0,-400,0,0,0,1,400,6083,Yes
90000,Female,3,1,68,-2,-2,-2,-2,-1,-1,2000,1000,1000,1000,1052,69237,0,1000,1000,1052,71062,3000,No
500000,Male,2,2,36,1,-2,-1,0,0,0,226,8546,121867,116089,114293,118081,9125,126768,3468,4050,15099,5015,No
210000,Male,1,1,37,-1,-1,-1,-1,-1,-1,3094,565,1188,2667,546,578,565,1188,2667,546,578,2769,No
30000,Male,2,2,29,2,0,0,-2,-2,-2,28603,28785,0,0,0,0,1000,0,0,0,0,0,Yes
20000,Male,2,1,51,0,0,-2,-2,-2,-2,10400,0,0,0,0,0,0,0,0,0,0,0,Yes
360000,Female,3,1,39,-1,-1,-1,-1,-1,-2,4964,177,2011,1116,0,0,177,2011,1116,0,0,0,No
80000,Female,3,1,28,0,0,0,0,0,-2,36847,38847,35017,36175,0,0,2000,2000,2000,0,0,0,No
20000,Male,2,1,36,2,2,2,2,2,2,25274,25026,23073,22857,21143,21482,1700,0,1653,0,1940,0,No
150000,Female,3,1,55,-2,-2,-2,-2,-2,-2,1194,2095,2154,2900,2512,3514,2101,2160,3046,2519,3625,0,No
340000,Male,3,1,29,0,0,0,0,0,0,332123,327362,324322,316472,317349,314212,14000,12000,12000,12000,12000,12000,No
500000,Male,2,1,61,1,-2,-2,-2,-2,-2,0,0,0,0,0,0,0,0,0,0,0,0,Yes
100000,Female,3,1,33,0,0,2,0,0,2,32526,37106,36260,36995,39355,39982,5396,0,1285,2916,1368,0,No
160000,Male,2,1,62,-2,-2,-2,-2,-2,-2,0,0,0,0,0,0,0,0,0,0,0,0,No
300000,Female,1,1,42,-1,-1,-1,-1,-1,-1,400,0,14583,2506,2996,370,0,14583,2513,2996,370,1986,No
240000,Male,1,2,34,0,-1,2,-1,0,0,18825,12675,2880,13267,10036,24731,12880,0,13267,2000,15000,0,No
60000,Female,2,1,30,2,0,0,0,0,0,60558,59361,60167,58078,59198,60677,3500,3000,1000,2000,2000,1000,Yes
20000,Female,2,2,21,0,0,0,-2,-2,-2,13717,9058,0,0,0,0,1005,0,0,0,0,0,No
20000,Male,2,1,47,-1,-1,-1,-2,-2,-2,390,780,0,0,0,0,780,0,0,0,0,0,No
240000,Female,1,1,35,-1,-1,0,-1,0,-1,5770,10412,4578,5928,5619,13227,10420,1150,5928,3619,13227,7764,No
20000,Male,2,2,25,1,2,2,2,2,0,19242,20339,19707,20899,20450,20197,1700,0,1800,0,1000,900,No
290000,Male,2,1,33,0,0,0,0,0,0,190547,173438,154966,131245,130861,120312,7158,5816,5000,5000,5000,4000,No
120000,Female,1,2,33,0,0,0,0,0,0,53087,54805,55308,56407,57753,60130,2572,2009,2020,2256,3500,1739,No
20000,Male,2,1,42,0,0,0,0,0,0,18317,18455,19399,19962,14938,3039,1500,1400,1009,307,1200,0,No
60000,Female,2,1,49,1,2,2,2,0,0,17013,18440,18841,18241,18946,20634,2000,1000,0,1000,2000,0,Yes
150000,Female,2,2,26,0,0,0,0,0,2,10693,13188,19902,23068,26184,25615,3000,7000,3500,3500,0,3500,Yes
500000,Male,1,1,57,-1,-1,-1,-1,-1,-1,4560,600,0,51697,37511,1685,600,0,51697,37511,1685,414,No
120000,Female,2,2,24,0,0,0,0,0,-1,34670,35606,27065,25948,11884,3107,2033,1200,0,0,3107,8542,Yes
80000,Female,2,1,35,-1,-1,-1,-1,-1,0,7961,15290,1806,-1203,14107,8575,20004,1806,0,20000,0,6955,No
100000,Female,3,1,39,0,0,0,0,0,0,39667,40704,41718,41536,42243,42929,1649,1663,1471,1360,1212,4472,No
20000,Male,1,1,53,0,0,0,0,0,0,13605,14629,15640,15950,16130,17011,1249,1260,570,436,1150,1000,No
200000,Female,2,1,33,0,0,0,0,0,0,23762,25944,26988,25237,22131,13774,4000,2000,600,3000,4000,100,No
80000,Male,1,1,39,0,0,0,2,0,0,61708,65080,68835,41462,36589,39985,5000,5169,21,3000,4000,57,No
80000,Male,1,2,33,0,0,0,0,0,2,75985,79918,70203,67934,75781,73848,12036,10010,3000,9400,0,8000,No
150000,Male,1,2,26,0,0,0,2,0,0,29712,28045,31732,26989,33624,29786,3200,6300,0,10000,2000,2000,No
50000,Male,2,1,50,0,0,0,0,0,0,47721,48993,50280,18762,18290,19165,2037,2324,1000,1000,1165,1596,No
370000,Female,1,2,28,-1,-1,-1,-1,-1,-1,577,27895,-4247,4347,5562,0,63895,0,8694,5562,0,3500,No
130000,Female,2,2,25,0,0,0,0,3,2,107594,109896,112064,130239,127980,130305,4023,4030,20000,0,4500,0,Yes
450000,Female,1,1,41,-1,0,0,2,-1,-1,2663,3146,3246,1623,1623,1694,2146,1623,0,1623,1694,2795,No
200000,Female,2,1,44,-1,2,-1,-1,0,0,500,500,61807,7849,14978,46333,0,61807,7849,10000,35000,10000,No
130000,Male,1,2,30,0,0,2,0,0,0,90864,104418,100455,38632,35826,36730,16000,0,1500,1395,1500,1511,No
230000,Female,5,2,23,0,0,0,0,0,0,55197,53593,53470,137734,135386,14718,2712,1551,95022,3015,3003,153001,No
90000,Female,1,2,29,0,0,0,0,0,0,9124,10220,12044,27847,8251,26501,10000,10016,25000,8000,26000,12000,No
30000,Male,3,1,53,-1,-1,-1,-1,-1,-1,263,14833,5242,19705,10417,9736,14849,5250,19711,10417,9979,5108,No
140000,Male,1,2,32,-1,-1,2,2,2,-1,9556,6434,5413,5841,5215,8671,3000,0,5000,0,8671,7000,No
30000,Female,2,1,56,2,2,2,2,3,2,26008,27091,27648,29297,28544,29125,1800,1300,2400,0,1200,2500,Yes
80000,Female,3,1,46,2,0,0,0,0,2,77490,80204,79650,81338,81438,80959,5000,4000,4003,13000,3515,0,Yes
60000,Female,3,1,47,0,0,0,0,0,0,59098,23100,17708,10148,9284,2241,1392,1000,203,186,347,17971,Yes
290000,Female,1,2,32,-2,-2,-2,-2,-1,0,0,5743,8809,0,7241,10289,5743,5000,0,7241,5000,5000,No
20000,Male,1,2,28,0,0,0,0,0,0,7032,14244,14065,16161,11106,12500,12500,3000,4000,2000,2000,5000,No
80000,Female,3,1,65,0,0,0,0,0,0,80260,82116,80299,81416,81617,81607,3750,3520,3069,3271,3262,3237,No
360000,Female,1,1,34,-2,-1,-1,-1,0,0,4259,1374,846,14998,14998,679,1376,852,14998,0,683,4902,No
30000,Female,1,2,44,1,2,0,-1,0,0,39347,34702,34822,15722,16467,17537,1200,1000,18000,1000,1500,1000,No
140000,Female,2,1,37,-1,-1,-1,-1,-1,-1,330,330,330,330,330,947,330,330,330,330,947,2389,No
150000,Male,1,2,33,0,0,0,0,0,0,78038,63176,52807,34199,32061,23682,5000,10116,5000,6000,3000,7000,No
130000,Male,1,1,45,0,0,0,0,0,0,58180,59134,61156,62377,63832,65099,2886,2908,2129,2354,2366,2291,No
410000,Male,1,1,34,-1,0,0,0,0,-1,109256,15134,5063,1019,14585,5370,15000,4867,803,14436,5396,875,Yes
70000,Female,1,2,28,0,0,0,0,0,0,48910,50171,51238,52196,53747,47695,2050,2100,2000,2000,2100,1500,Yes
180000,Male,2,1,45,0,0,0,0,0,0,119109,119166,121661,122244,119536,109210,6000,6000,5000,4200,3862,3887,No
30000,Female,2,2,36,-1,-1,-1,0,0,-1,390,390,780,390,0,780,390,780,0,0,780,0,No
20000,Male,1,2,38,0,0,0,0,2,0,16787,17912,18706,20086,19632,20160,1700,1400,1684,0,1000,850,No
30000,Male,2,2,24,0,0,-2,-1,-1,-2,12800,0,0,90,-40,-3000,0,0,90,0,0,10400,No
20000,Female,2,2,53,0,0,0,0,0,0,8847,10202,11227,11145,11381,12191,1500,1500,400,416,1002,0,No
280000,Male,1,2,27,-1,-1,0,0,0,-1,6564,1333,21064,19969,578,35152,1334,21003,428,12,35152,892,No
50000,Female,2,1,28,0,0,0,0,0,0,14262,16024,17744,19440,23089,24695,2000,2000,2000,4000,2000,2000,Yes
360000,Male,1,1,34,1,-2,-2,-2,-1,-1,-130,-130,-130,-130,25619,-395,0,0,0,25749,0,0,Yes
190000,Female,3,1,41,2,0,0,2,0,0,185738,187764,100526,94909,94804,94007,7762,7700,0,3545,3386,3575,Yes
180000,Female,1,1,36,-2,-2,-2,-2,-2,-2,2846,2092,4629,3007,5827,1118,2092,4631,3007,5827,1200,1030,No
60000,Female,1,2,24,0,0,0,0,0,0,48890,43651,34358,34986,35770,36622,2000,1800,1500,1500,1600,1500,No
320000,Female,2,1,47,-1,-1,2,-1,2,-1,10159,37758,15591,39240,28424,25120,38075,0,39424,0,25120,35375,No
10000,Male,3,2,33,-1,-1,-1,-1,-1,-1,1655,1473,390,390,540,150,1473,390,390,540,150,3780,Yes
200000,Female,2,1,52,-1,-1,2,-1,-1,2,316,632,316,782,782,316,632,0,782,316,0,632,Yes
50000,Male,2,2,24,0,0,0,0,0,0,9923,5088,5625,4428,5092,5685,1200,2065,1000,2070,2000,10327,No
180000,Female,1,2,25,-2,-2,-2,-2,-2,-2,0,0,0,0,0,0,0,0,0,0,0,0,No
20000,Male,2,2,24,2,2,2,2,4,3,15586,16649,16090,20648,19759,19160,1609,0,5148,0,0,0,Yes
300000,Female,2,1,28,2,0,0,0,0,0,296665,300861,263571,252197,226555,206642,11500,9000,8000,7000,7500,6006,No
90000,Female,1,2,28,-1,-1,-2,-2,-2,-2,350,0,0,0,0,0,0,0,0,0,0,0,Yes
160000,Female,2,2,23,-1,2,0,0,0,-1,116212,88542,68311,48875,37261,4267,0,2483,900,20000,4267,24659,Yes
20000,Male,2,2,39,0,0,0,0,0,0,14154,15179,16191,16512,16858,17193,1258,1270,591,612,615,637,No
150000,Female,2,2,28,-1,-1,-1,-1,-1,-1,8200,2500,7500,11478,7080,1651,2500,7500,11478,7080,1651,43600,No
60000,Male,3,3,43,0,0,0,0,0,0,70367,66657,63553,59633,55689,52778,2415,3000,2125,2007,3000,1758,No
210000,Female,1,1,54,0,0,0,0,0,-1,16355,18063,18077,14113,7049,2026,3000,2000,3000,150,2026,1026,No
150000,Male,2,2,27,0,0,0,0,0,0,134492,138107,89238,49677,97028,99214,6000,7000,2200,48500,3600,3500,No
60000,Female,2,2,24,0,0,0,0,0,0,58143,60221,50135,19553,11896,15241,3044,1123,7553,474,3586,305,Yes
210000,Female,2,1,35,0,0,-1,-1,-1,0,25806,5861,1666,1010,300,300,1035,1666,1010,300,0,4817,No
210000,Male,2,2,28,-2,-2,-2,-2,-2,-2,198724,200500,0,0,0,0,4500,0,0,0,0,0,No
360000,Female,3,1,31,-1,-1,-1,-1,-1,-1,28835,14596,10705,3400,6410,5479,14596,10705,3400,6410,5479,4120,No
10000,Male,1,2,25,0,0,2,3,2,0,6005,8891,9389,9111,8837,8135,3000,800,0,0,500,500,No
140000,Female,1,2,32,0,0,0,0,2,2,142043,0,137909,138999,137275,136141,7000,0,5000,9100,3400,0,No
100000,Female,1,2,33,1,2,0,0,0,0,55066,53612,54720,55808,56976,58108,0,2000,1998,2068,2079,2155,No
50000,Male,2,2,23,-1,-1,-1,0,0,-1,836,836,1616,780,390,540,836,1616,0,0,540,390,Yes
360000,Female,3,2,42,-2,-2,-2,-2,-2,-2,0,0,0,0,0,0,0,0,0,0,0,0,Yes
360000,Male,2,1,42,1,-2,-2,-2,-2,-2,0,0,0,0,0,0,0,0,0,0,0,0,No
20000,Male,2,2,36,2,2,2,0,0,0,10360,13336,13307,13633,15054,16505,3467,486,545,1639,1700,1504,No
260000,Female,1,1,42,0,-1,-1,0,-1,-1,8606,3856,12996,8788,15104,16764,3856,13000,0,15104,16764,9118,No
100000,Female,1,2,38,2,2,2,2,2,2,37160,39750,40298,40835,41529,42697,3500,1500,1500,1500,2000,1500,Yes
340000,Female,2,2,39,-2,-2,-1,-1,0,0,56412,45990,84050,172925,140040,95230,10034,50024,100108,4933,10114,2014,No
50000,Female,1,2,31,1,2,0,0,2,2,1129,1111,3186,6527,3328,33166,0,3000,3341,0,30000,0,Yes
180000,Female,2,1,32,0,0,0,0,-2,-2,8135,12621,17987,-99,-99,-99,5000,15000,0,0,0,13550,No
360000,Female,1,2,33,-1,-1,-1,0,0,-1,1616,3700,6562,3730,420,699,3700,6562,0,0,699,6041,No
150000,Female,1,1,44,1,2,2,-1,-1,2,27270,24600,0,10195,24232,22000,0,0,10195,24232,0,0,Yes
150000,Male,1,1,50,0,0,0,0,0,0,101639,91674,135883,95806,97648,99737,3820,50001,3569,3529,3697,5229,No
420000,Female,3,2,35,0,0,0,0,0,0,63715,62201,56125,49114,47563,45829,3002,2200,1700,1800,1700,1500,No
500000,Male,1,2,34,0,0,0,0,0,0,324503,324262,323101,296962,84615,267596,15633,19725,13091,5066,195829,20225,No
150000,Female,2,2,30,0,0,-2,-2,-2,-2,65591,0,0,0,0,0,0,0,0,0,0,0,No
50000,Male,3,1,54,0,0,0,3,2,2,34301,35450,39455,38564,37842,40342,1700,4630,0,0,3105,0,Yes
110000,Female,2,2,24,1,2,2,0,0,-1,68068,70276,68044,34059,20284,31179,3900,0,10452,6475,51179,7760,No
150000,Female,2,1,38,-2,-2,-2,-2,-2,-2,1106,2199,2997,735,1104,0,1208,1006,50000,1104,0,0,No
150000,Female,3,1,34,0,0,-1,-1,-1,-1,19130,10000,8000,0,10000,0,1000,8000,2000,10000,0,0,No
50000,Female,2,2,39,0,0,-2,-2,-2,-2,20650,0,0,0,0,0,0,0,0,0,0,3000,No
150000,Male,1,1,41,2,2,2,0,0,2,113358,124745,121249,124237,132252,134925,14779,0,5000,10000,5000,0,Yes
20000,Male,2,1,37,0,0,0,0,0,0,18419,18710,18929,14900,10400,0,1373,1384,615,600,0,0,No
340000,Female,1,2,35,-1,-1,-1,-1,-1,-1,317,3074,3002,2613,1806,1989,3074,3002,2613,1806,1989,3370,No
430000,Male,1,1,40,-1,-1,-1,-1,-1,-1,6112,10548,31401,417588,3414,4761,10590,31448,417588,3414,4761,15331,No
90000,Female,3,1,49,0,0,0,0,0,-1,10242,10930,10549,9421,6851,2133,2006,2012,3022,2020,2139,2006,No
10000,Female,1,2,26,0,-1,-1,0,0,0,9459,231,3364,6129,9009,9188,231,5000,3000,3000,329,340,No
100000,Male,1,2,32,-1,-1,-2,-2,-2,-2,4270,0,0,0,0,0,0,0,0,0,0,0,No
130000,Female,2,2,43,-1,-1,-1,-1,0,-1,2048,2529,11929,5722,3076,5250,2529,11929,5722,0,5250,3526,No
180000,Female,2,1,37,0,0,0,0,0,0,78089,75159,76602,76896,78588,77770,3333,3310,2900,3040,3500,2300,No
50000,Male,2,3,51,0,0,0,0,0,0,79502,65237,64426,18430,18020,17991,4000,1565,641,648,654,649,No
80000,Female,2,1,30,0,0,0,0,0,0,64596,64871,61000,48300,47300,3500,4424,1600,0,1500,1500,1500,No
30000,Female,3,2,33,1,2,2,0,0,2,24457,25474,26241,25388,26377,27794,1716,1500,911,1400,2000,0,Yes
150000,Female,1,2,30,-1,-1,-1,0,0,-1,7015,0,6700,6700,7427,13583,0,6700,0,727,13583,4973,No
90000,Female,2,2,23,2,3,3,2,2,2,82623,86621,84369,82117,84395,85739,5900,0,0,3600,2900,3500,Yes
80000,Female,2,3,30,0,0,0,0,0,0,11976,10010,10982,11325,11569,10303,1185,1157,500,400,500,5000,No
700000,Male,1,2,35,-1,0,-1,0,0,0,8277,18282,130130,105055,70896,41509,17599,130370,3381,145,4639,12235,No
30000,Female,2,2,22,0,0,0,0,0,-2,27447,28623,28700,29300,0,0,1923,1000,600,0,0,0,Yes
90000,Female,1,1,28,-1,0,0,0,0,0,12759,10941,10420,14420,9855,9097,5000,6000,4000,5000,3500,5000,Yes
200000,Male,2,2,44,-1,-1,-1,-1,-1,-1,310,2226,1230,3393,1340,3416,2306,1234,3510,1344,3426,6324,No
230000,Male,2,1,50,0,0,0,0,0,0,94314,96269,56058,57174,58371,59561,4082,1990,2003,2074,2115,2094,Yes
100000,Male,1,2,54,0,0,0,0,0,0,99932,42389,41842,40291,40556,40534,1712,1639,1418,1618,1529,1414,No
360000,Female,1,2,28,0,0,0,0,0,0,152072,151168,153306,144485,145601,140336,5708,6059,5009,5021,5027,100017,No
500000,Male,1,1,43,1,-2,-2,-2,-2,-2,0,0,0,0,0,0,0,0,0,0,0,0,Yes
240000,Female,2,2,42,-1,-1,-1,-1,-1,-1,3328,164327,10690,4772,1294,2147,164820,11728,7738,1297,2153,2073,No
360000,Male,1,2,28,0,0,0,0,0,0,78398,86955,127146,103273,91933,108163,25126,60259,27208,31262,90114,30463,No
360000,Male,2,1,30,2,2,2,2,2,-2,2500,2500,2500,2500,0,0,0,0,0,0,0,0,Yes
320000,Male,1,1,43,0,0,0,0,0,0,110032,110045,112393,111541,114934,118228,4028,4000,5000,5000,5000,5000,No
50000,Female,2,1,40,0,0,0,0,-1,-1,21696,8987,9604,9800,500,0,1383,1000,196,500,0,0,No
140000,Female,2,2,31,0,0,0,0,0,0,50822,52468,52238,53368,56488,58542,2473,2000,2000,4000,3000,2000,No
360000,Female,2,1,30,0,0,-1,-1,-1,-1,6419,5290,1330,2255,4164,0,1067,1341,2255,4164,0,211,No
180000,Female,1,2,27,-1,-1,-1,-1,-1,-1,641,1812,5307,28004,957,0,1812,5347,28004,957,0,455,Yes
330000,Female,1,1,40,-2,-2,-2,-1,-1,0,2573,1800,-910,-1878,252686,72401,1800,0,594,256662,3000,4944,No
360000,Female,1,1,27,-2,-2,-2,-2,-2,-2,2459,944,2037,989,2885,989,955,2043,992,2903,992,3153,No
150000,Female,1,2,27,2,2,2,2,0,0,15475,18212,18617,18020,18726,19414,3000,1000,0,1000,1000,1000,Yes
220000,Female,3,2,29,0,0,0,0,0,0,14246,15601,17140,14131,15424,17345,2601,2140,2131,3424,2345,3385,No
260000,Male,3,2,31,0,0,0,0,0,0,257920,256117,232981,202190,202800,202490,10036,8185,6715,7033,6728,6882,No
30000,Female,3,1,54,0,0,0,0,2,2,17708,18734,19442,20741,21162,20671,1615,1323,1622,900,0,765,No
580000,Male,1,2,31,-1,-1,-1,-1,-1,-1,2507,2174,6527,1818,2227,2666,2190,6558,1825,2236,2678,1707,No
50000,Male,2,2,25,0,-1,-1,-1,-1,-1,1582,300,591,441,741,441,300,591,441,741,441,291,No
230000,Female,1,1,36,-1,-1,2,-1,-1,-1,878,9567,3074,3660,3790,6006,9574,0,3660,3790,6006,5647,Yes
20000,Male,2,1,39,2,0,0,0,0,0,20264,20328,19299,19928,20204,20398,1500,1500,900,700,1480,0,Yes
110000,Male,3,1,35,2,0,0,0,2,2,67591,69773,71886,76767,78462,79890,3200,3200,6000,3000,2800,3200,Yes
240000,Female,1,2,28,0,0,0,0,0,0,168068,168685,94520,14422,12552,20550,6042,3558,1000,600,10550,9000,No
50000,Female,2,1,34,0,0,0,0,0,0,49940,50761,49009,14275,17251,15077,2128,1344,505,5585,556,563,No
20000,Female,1,3,51,-1,-1,-1,-1,-1,-1,3680,0,543,780,2500,0,0,543,780,2500,0,0,No
100000,Female,3,2,50,0,0,2,0,0,0,84027,88734,86369,89994,89681,89849,7500,0,5001,3390,4000,10000,No
500000,Male,2,1,34,-2,-2,-2,-2,-2,-1,13010,5016,-32,6443,0,265,5041,0,6475,0,265,5099,No
170000,Female,1,1,40,-1,-1,-1,-1,-1,-1,511,997,2446,720,236,210,1001,2446,720,236,210,52,No
150000,Female,2,2,23,0,0,0,0,0,0,7795,13821,6640,5831,10514,5432,7000,1000,1070,6000,2432,116,No
30000,Male,2,1,48,0,0,0,0,0,0,46780,38099,38600,29400,30000,0,1899,1400,1188,600,0,0,No
80000,Male,2,2,41,2,0,0,0,0,0,80140,80627,80668,49233,48737,48280,3253,3211,1691,1721,1800,1576,Yes
340000,Female,3,1,49,-2,-1,-1,-1,-2,-2,20452,18816,24010,5320,16612,21373,18832,24099,5320,16612,21373,44729,No
210000,Female,2,2,30,0,0,2,2,2,0,89670,94043,85022,90779,84209,70162,7500,103,10000,0,3000,2000,No
30000,Female,1,2,23,0,0,0,0,0,0,28239,29974,29841,27592,17569,4059,2500,1011,301,37,17,0,No
230000,Male,1,2,27,-1,-1,-1,-1,-1,-1,3257,1816,1816,1806,764,3368,1816,1816,1806,774,3368,1027,No
20000,Male,2,2,23,0,0,0,0,0,0,18497,15172,17488,17923,16838,18535,1900,2900,1000,800,2000,1000,No
70000,Female,3,1,26,0,0,0,0,0,0,71147,72227,71078,50777,50841,50682,3800,3200,1950,2000,1828,2200,No
310000,Female,1,1,66,0,0,0,0,0,0,259874,236662,220421,224801,229520,234145,8874,7984,8029,8324,8435,8552,Yes
80000,Male,2,2,36,0,0,0,0,0,0,19211,20237,21268,23903,24367,24964,1337,1368,3003,1000,1000,2000,Yes
150000,Female,2,2,27,0,0,0,0,0,0,146778,139111,134382,134593,91112,68482,6554,10000,4749,3304,2285,700,No
20000,Male,3,1,49,0,0,0,0,-1,-1,13881,12170,13237,10790,390,780,1218,1285,608,390,780,0,No
220000,Female,2,1,54,-1,-1,0,-1,-1,2,264,1138,3874,264,3105,2074,1138,3000,264,3105,0,264,No
150000,Female,1,2,30,0,0,0,0,0,0,150426,151052,143488,142419,145100,153229,5520,5200,5100,5300,10900,0,No
530000,Male,1,2,30,0,0,0,0,0,0,214022,393664,235392,232640,239004,236657,20000,10000,10000,10000,9000,10500,No
150000,Female,1,2,29,-1,-1,-1,0,0,0,2356,16836,1094,6382,5288,5288,16836,2000,5288,0,0,0,Yes
420000,Female,2,1,30,0,0,-1,0,0,-1,83640,63751,153092,111922,88709,36484,1275,156564,0,0,36484,69380,No
80000,Female,2,1,31,-2,-2,-2,-2,-2,-2,0,0,0,0,0,0,0,0,0,0,0,0,No
100000,Female,2,1,37,-1,0,0,0,0,0,87055,84712,76202,72368,71384,70346,3000,3403,2656,2500,2600,3000,No
30000,Female,2,2,27,2,2,2,2,2,2,15191,16144,16383,16518,16907,17279,1500,800,700,800,800,800,Yes
50000,Male,2,1,37,0,0,0,0,-2,-2,23607,24921,25775,0,0,0,2000,1800,0,0,0,0,No
330000,Female,1,2,39,-1,-1,-1,-2,-1,-1,1972,1586,0,0,1588,0,1586,0,0,1588,0,0,Yes
50000,Female,2,1,34,0,0,0,0,0,0,95380,48764,50711,50389,49030,50045,2140,3082,1760,1926,1980,1750,No
180000,Male,2,2,38,-1,-1,2,0,0,0,54198,54173,52687,52096,51508,50867,4400,0,2000,2000,2000,3000,Yes
130000,Female,2,1,27,2,0,0,2,0,0,54921,55055,54804,52439,52609,52739,2000,6844,0,2071,2115,1640,No
130000,Female,2,2,31,1,2,2,0,0,0,120890,122275,109903,80909,71679,66169,5200,47,3000,2800,2713,2000,No
260000,Female,1,2,30,0,0,0,0,0,0,89538,82621,78236,49417,21226,23174,4000,2092,1333,769,2300,0,No
50000,Female,2,2,51,0,0,0,0,0,0,57595,54503,51217,47919,44593,38475,1996,1804,1664,1560,1370,1335,No
320000,Female,2,1,29,0,0,0,0,0,0,145907,150336,110569,106095,92573,89650,30236,5004,4086,5033,5020,3006,No
70000,Female,2,1,37,0,0,0,0,0,0,49775,50600,47585,48493,49559,51079,2000,2500,2000,2000,2500,2050,Yes
180000,Female,1,1,47,-1,-1,-1,-1,0,-1,807,4246,2727,5507,1382,538,4246,2727,5507,0,538,304,No
80000,Male,2,1,23,-2,-2,-2,-2,-2,-2,795,1698,798,-2,748,708,1703,800,0,750,810,1310,No
10000,Female,3,1,49,0,0,0,0,0,0,6904,7841,9635,17622,8991,0,1206,2000,176,360,0,0,No
50000,Female,3,2,55,0,0,0,0,0,0,45698,49270,48186,20127,18988,19942,6000,2044,3150,1000,3000,905,No
130000,Female,3,2,25,-1,-1,-1,-1,-1,-1,250,174,1214,1125,139,0,174,1214,1125,139,0,391,No
180000,Female,1,1,35,-1,-1,-2,-2,-2,-2,1651,0,0,0,0,0,0,0,0,0,0,295,No
100000,Female,2,1,41,0,0,0,0,0,0,107224,107126,101859,79519,74368,58481,7000,3533,2673,3500,4303,3023,No
30000,Female,3,1,31,3,2,2,2,2,2,23368,24688,24988,24288,26098,25530,2000,1000,0,2200,0,1100,Yes
430000,Male,1,2,28,0,0,0,0,0,0,406995,438832,312608,341552,345532,339050,40000,30000,35000,30000,20019,40000,No
200000,Female,2,1,37,-1,2,-1,-1,-1,-1,2681,1273,2192,430,430,6136,0,2192,430,430,6136,2923,Yes
360000,Male,2,1,43,1,-2,-2,-2,-2,-2,0,0,0,0,0,0,0,0,0,0,0,0,Yes
80000,Female,1,2,32,-1,-1,-1,-1,-1,-1,1147,1147,1147,1147,1100,5053,1147,1147,1147,1100,5100,18500,No
40000,Female,1,2,26,2,2,2,2,2,0,27255,26532,29089,28522,28914,29482,0,3000,200,1000,1200,1300,Yes
80000,Female,2,2,29,0,0,0,0,0,0,12393,14187,13263,11045,10259,5773,2022,1308,506,1516,1000,1000,No
250000,Female,2,2,24,-1,-1,-1,0,0,-1,956,1339,2617,1817,975,1141,1339,2617,0,0,1141,1720,Yes
70000,Male,2,1,43,0,0,-1,-1,-1,0,16186,3680,4540,39994,6844,12308,2000,4540,39994,6850,10000,13000,No
20000,Female,1,1,34,0,0,0,0,0,0,14676,15721,19335,20029,20473,19860,1286,3900,1000,900,900,600,Yes
160000,Female,4,1,39,1,-2,-2,-2,-2,-2,-18,-18,-18,-18,-18,-18,0,0,0,0,0,0,No
50000,Female,2,2,34,-2,-2,-2,-2,-2,-2,588,592,390,390,280,720,592,390,390,280,913,390,No
30000,Female,3,1,41,2,2,2,3,2,2,26042,27127,28762,29485,28878,30699,1800,2378,1496,0,2462,0,Yes
80000,Male,2,1,48,0,0,0,0,0,-1,46495,8241,11000,16000,0,54070,3000,3000,5000,0,54070,5247,No
20000,Male,2,1,52,0,0,0,0,0,0,15768,16792,18105,18157,18538,19200,1285,1598,650,674,971,580,No
50000,Female,5,1,32,0,0,0,0,0,0,10335,9538,6793,13864,5243,5391,1200,1024,163,146,2000,1000,No
50000,Male,1,2,26,1,-2,-2,-2,-2,-2,0,0,0,0,0,0,0,0,0,0,0,0,No
230000,Female,1,1,36,-1,-1,-1,-1,-1,-1,2078,380,2100,530,2282,1390,380,2100,530,2282,1390,380,No
10000,Female,2,2,23,1,-2,-2,-2,-2,-2,-1000,-1000,-1000,-1000,-1000,-1000,0,0,0,0,0,1000,Yes
20000,Male,2,1,42,0,0,2,0,0,2,16070,19107,18506,18802,20199,19394,3300,0,900,1700,0,253,No
110000,Male,2,2,34,2,0,0,0,0,2,108180,107597,89775,47139,47259,46348,5000,3000,2020,5000,0,3000,No
200000,Female,1,2,29,-1,-1,-1,-1,-1,-1,5624,2519,2519,2519,13137,566,2519,2519,2519,13137,566,416,No
20000,Male,2,1,59,1,-1,0,0,-1,-1,-1213,30322,20033,19871,15410,18969,52082,15800,2000,20085,39070,25000,No
280000,Female,2,2,31,1,-2,-2,-2,-1,-1,0,0,0,0,5360,251,0,0,0,5360,251,5360,No
140000,Female,2,1,45,0,0,0,0,-1,-1,106974,109061,7262,7410,1545,0,4924,1000,148,1545,0,0,No
60000,Female,1,2,25,0,0,0,2,2,2,24066,24786,27050,26317,28200,28762,1414,2678,0,2310,1173,0,No
50000,Male,2,1,51,0,-1,-1,0,0,0,113247,108550,118310,9904,9905,9974,3000,10510,4000,500,1000,2000,No
200000,Female,1,1,34,-2,-2,-2,-2,-2,-2,0,0,0,0,0,35979,0,0,0,0,35979,6191,No
180000,Female,1,1,38,1,2,0,0,0,0,114413,111165,117004,119542,122452,130293,0,10000,6000,5000,10000,6500,No
150000,Male,1,2,32,0,0,2,2,2,0,52582,57496,55705,57210,57084,13194,6395,0,2100,222,1000,650,Yes
130000,Female,1,2,32,0,0,0,0,0,0,126080,129104,130745,127344,127809,119976,7000,8000,5000,4500,4500,5000,No
120000,Male,3,2,50,-1,-1,-1,-1,-2,-2,390,0,780,0,0,0,0,780,0,0,0,0,Yes
210000,Female,2,1,30,-2,-2,-2,-2,-2,-2,0,0,0,0,0,0,0,0,0,0,0,0,No
30000,Male,2,2,28,-1,-1,-1,-1,-1,-1,29617,4096,2058,540,13056,1690,4096,2064,540,13056,1690,16964,No
170000,Female,1,2,25,-1,-1,-1,-1,-1,-1,12218,5500,100,1608,1800,897,5507,100,1608,1800,897,1443,Yes
360000,Female,1,2,32,-1,-1,-1,0,0,0,13819,2148,34766,14138,14690,19792,2148,34766,2005,2190,7300,20296,No
130000,Male,1,2,37,0,0,0,0,0,0,116093,100296,95053,96146,98310,95726,3647,4198,3490,3800,3920,3447,Yes
30000,Female,1,2,24,2,2,2,0,0,0,12324,15628,15069,15868,16657,13998,4500,0,1000,1000,668,203,Yes
160000,Female,2,1,31,-2,-2,-2,-2,-2,-2,239,0,0,0,1446,426,0,0,0,1446,426,0,No
30000,Female,2,1,43,-1,0,0,0,0,0,25166,26195,27209,27924,30204,30000,1437,1451,1166,2900,600,0,No
10000,Female,2,2,22,1,-1,-1,-2,-2,-2,0,1000,0,0,0,0,1000,0,0,0,0,0,Yes
50000,Female,2,2,38,0,0,-1,0,0,-1,2410,0,4494,3034,2327,5892,0,4494,61,47,5892,164,No
80000,Male,2,1,40,0,0,0,-1,-1,-1,23833,17815,15140,140,3090,180,5000,5000,5000,3100,1000,5000,No
260000,Female,1,1,49,1,-2,-2,-1,0,0,0,0,0,1180,1180,0,0,0,1180,0,0,0,No
170000,Male,3,2,26,2,0,0,0,0,0,74453,66087,60649,61408,59390,57037,5020,3003,3009,2013,3041,3000,Yes
30000,Female,3,2,25,0,0,0,0,0,0,20983,22636,24417,27020,28107,28727,2000,2500,3000,1500,1056,544,No
50000,Female,3,2,51,0,0,0,0,0,0,25577,26352,16846,17562,18275,18711,1269,1284,1000,1000,740,1000,No
120000,Male,3,1,40,0,0,0,0,0,0,88185,91748,94242,88828,97643,79371,5000,4251,6000,10000,3019,13154,No
240000,Female,2,1,31,2,0,0,0,0,0,71876,72382,72155,72543,73011,73484,3100,2400,2367,2435,2500,3000,Yes
180000,Male,1,2,41,0,-1,-1,-1,0,0,16366,18339,2766,97996,55156,36213,18339,2766,97996,1861,1196,3000,No
60000,Female,3,2,26,0,0,0,0,0,0,38726,39764,41084,41741,42461,43457,1663,1983,1640,1542,1703,1758,No
150000,Female,3,2,32,0,0,0,0,0,0,113932,87187,81491,77078,66927,50881,2500,3000,2000,5000,5055,5000,Yes
360000,Female,2,2,26,1,-2,-2,-2,-2,-2,0,0,0,0,0,0,0,0,0,0,0,0,No
350000,Female,1,2,32,-2,-2,-2,-2,-2,-2,0,0,0,0,0,0,0,0,0,0,0,0,Yes
30000,Female,1,1,43,-1,-1,-1,-2,-2,-2,390,780,0,0,0,0,780,0,0,0,0,0,No
120000,Female,1,2,29,0,0,0,0,0,0,121805,120933,120629,116316,117358,118560,4600,4300,4200,4219,4500,7600,No
330000,Male,1,1,43,1,-2,-2,-2,-2,-2,0,0,0,0,0,0,0,0,0,0,0,0,Yes
500000,Male,2,2,44,-2,-2,-1,0,0,-2,26697,26319,79424,77920,55625,30092,1131,150042,4790,3236,866,630,No
100000,Female,2,1,34,0,0,0,0,0,0,102724,100186,102604,101856,101105,101071,4600,5000,4000,4000,4200,3800,No
80000,Female,2,1,37,1,2,-1,-1,-1,-1,2626,2410,3237,2760,914,0,0,3237,2760,914,0,0,No
260000,Female,2,2,30,0,0,0,0,0,0,34405,52512,52263,52261,52140,52615,20000,1826,1971,2000,2500,2000,No
500000,Male,2,1,41,0,0,0,0,0,0,171565,184782,152365,139757,153348,127391,20241,20154,20019,20151,20037,21,No
90000,Male,1,2,52,0,0,0,0,0,0,91656,87106,48730,27535,27751,29923,5110,2000,3000,1000,3000,3000,No
360000,Female,2,1,38,-1,-1,-1,-1,-1,-1,1604,238,2402,3580,183,1995,239,2414,3597,183,2005,3635,No
360000,Male,3,2,34,-1,-1,-1,-1,-1,-1,3821,1937,944,1219,2216,1440,1937,944,1219,2216,2000,648,No
100000,Female,2,2,25,0,0,0,-1,-1,-1,8791,4910,0,674,0,980,1000,0,674,0,980,4413,No
200000,Male,2,2,36,0,0,0,0,0,0,190120,194533,194175,189457,187050,187082,9000,9000,8000,10000,8000,7000,Yes
490000,Female,2,2,52,0,0,0,0,0,0,191937,194347,202400,46634,47622,50844,7133,11365,1700,1740,4026,2060,No
230000,Female,2,1,35,0,0,0,0,0,0,76050,76921,65452,61129,55199,55380,3000,4000,3000,3000,2000,3000,No
170000,Female,2,2,28,0,0,0,0,0,0,169531,174799,179868,177952,176160,175304,8000,8000,7000,7000,8000,9000,No
60000,Female,3,1,63,0,0,0,0,0,0,56285,56894,57006,28198,23888,24083,5000,2156,3017,2009,3000,3000,No
90000,Female,2,1,33,0,0,2,0,0,0,26772,70398,56266,47804,44230,48144,56388,112,1779,1786,5414,2418,No
20000,Male,2,2,30,2,2,2,0,0,0,20586,20568,20185,20016,20044,20172,1300,700,700,1700,1600,700,Yes
500000,Female,1,1,36,1,-2,-2,-2,-2,-2,0,0,0,0,0,200,0,0,0,0,200,159200,No
30000,Female,2,1,42,0,0,0,0,0,0,9801,10535,11552,11933,12092,17884,1200,1200,573,500,6000,1200,Yes
170000,Male,2,2,31,-1,-1,-1,-1,0,-1,2908,3408,2908,9283,2908,2908,3408,2908,9283,0,2908,7163,No
50000,Male,2,2,39,0,0,0,0,0,0,48493,49073,50370,29862,29275,29535,2109,2406,1278,1036,1115,947,No
110000,Male,2,2,28,2,2,2,2,0,0,111541,113676,114223,110876,107710,90071,5400,4000,0,4000,3700,4000,Yes
20000,Female,1,2,23,0,0,2,0,0,0,11672,8584,8279,8444,8621,8868,2424,0,284,294,371,500,No
70000,Female,3,2,26,0,0,0,0,0,0,28995,30131,31610,37209,40749,40541,1600,2000,7000,5000,1500,1500,No
310000,Female,2,1,42,-2,-2,-2,-2,-2,-1,-606,44878,19950,79227,20097,25594,45484,20033,79520,94,25910,10933,No
30000,Male,2,2,28,2,2,2,2,0,0,35991,35751,34639,32493,32001,33064,2000,1200,0,1500,3100,0,Yes
30000,Female,2,1,27,0,0,2,2,2,2,21632,24267,24572,24872,25427,25860,3300,1000,1000,1100,1000,1100,Yes
100000,Female,1,1,36,0,0,0,-2,-2,-2,51713,25272,0,0,0,0,1000,0,0,0,0,0,No
200000,Female,3,1,40,0,0,0,0,0,2,158809,150904,144302,137700,135443,128229,5380,5141,5032,9400,4400,0,No
20000,Male,2,1,36,1,2,2,2,2,0,19006,18418,20465,20381,18446,18598,0,2690,900,0,1000,1000,Yes
30000,Male,2,1,33,0,0,0,0,0,0,23900,25507,26489,27017,56186,29146,2000,1418,946,1437,3000,0,No
50000,Female,3,1,42,0,0,0,0,0,0,13436,14460,15472,15778,16109,16427,1246,1258,564,585,586,608,No
330000,Male,1,2,32,0,0,0,0,0,0,162657,151305,138277,141453,112633,121242,5500,4723,5500,4000,10700,4500,No
80000,Female,3,2,53,-2,-2,-2,-2,-2,-2,5687,0,0,19230,0,0,0,0,19230,0,0,0,No
50000,Female,1,1,34,-1,-1,-1,-1,-1,-1,2531,14504,22553,14900,6758,3727,14608,22730,14911,6758,3727,2440,No
150000,Female,1,2,33,-1,0,0,-2,-2,-2,10544,11982,-18,-18,-18,-18,2000,0,0,0,0,0,No
210000,Female,2,1,30,1,-1,-1,0,0,-1,0,241,4651,4746,3938,3479,241,4651,95,301,3479,1000,No
30000,Female,2,1,30,3,2,2,-2,-2,-2,30583,29901,0,0,0,0,389,0,0,0,0,0,No
60000,Female,1,2,32,1,2,-1,-1,-1,-1,31634,5720,18026,0,279,-101,0,18026,0,279,0,56839,No
20000,Female,2,1,29,-1,-1,-1,-1,0,0,1473,390,390,870,480,780,390,390,870,0,300,1500,No
30000,Female,2,2,23,2,2,2,0,0,2,21034,27321,26589,27050,29446,28825,7000,0,1200,3000,0,2000,Yes
120000,Male,2,1,60,2,2,2,2,2,2,27497,27960,28996,29321,29803,30511,1200,1800,1100,1100,1350,1500,Yes
80000,Female,2,1,37,1,2,0,0,0,0,79900,64815,52806,57028,59456,55623,21,1819,5000,4000,4000,1894,Yes
360000,Female,1,1,35,-2,-2,-2,-2,-2,-2,0,0,0,0,0,0,0,0,0,0,0,0,Yes
150000,Male,2,1,36,-1,-1,-1,0,0,-1,6750,15227,17610,19467,3173,1534,15227,17610,10055,0,1534,0,No
10000,Female,3,2,51,0,0,0,0,0,0,53095,54562,5428,7928,6091,0,2134,1000,2500,122,0,0,No
230000,Female,3,1,30,0,-1,0,0,0,0,134272,238601,135099,133431,53103,49586,107000,3826,5000,5000,2000,3000,No
380000,Female,3,2,31,-1,-1,-1,-1,-1,-1,3859,9194,15157,11147,12483,13680,9240,15233,11202,12493,13748,18061,No
350000,Female,1,2,48,-2,-2,-2,-2,-2,-2,0,7900,7620,790,0,0,7900,0,790,0,0,1948,No
130000,Female,2,2,23,0,0,0,0,0,0,113900,109062,105252,103969,104254,99525,5000,6000,10000,10000,5000,9000,No
490000,Female,1,2,29,-2,-1,-1,0,0,0,4301,16230,28800,27870,27540,27630,16388,28800,0,0,6136,3080,No
150000,Female,2,2,28,0,-1,0,-1,-1,-2,12272,4447,5228,1623,0,0,4447,1000,1623,0,0,0,No
340000,Female,2,2,38,-2,-2,-2,-2,-2,-2,0,780,0,0,0,0,780,0,0,0,0,0,Yes
80000,Female,1,2,52,1,-2,-2,-2,-2,-2,0,0,0,0,0,0,0,0,0,0,0,0,No
230000,Female,1,2,36,-2,-2,-2,-2,-2,-2,0,0,0,1279,0,2794,0,0,1279,0,2794,0,No
160000,Male,2,2,37,0,0,0,0,0,0,119165,118392,117553,113256,112678,111924,6008,6011,3606,3803,4003,3311,No
300000,Female,2,1,33,-1,-1,-1,-1,-2,-1,1326,0,256,0,0,126,0,256,0,0,126,0,No
400000,Female,2,1,24,0,0,0,0,0,0,176294,190256,89128,39276,23440,59922,44776,1502,2026,1015,52100,5101,No
320000,Male,2,1,45,-1,-1,-1,-1,-1,-1,1471,5184,4144,6290,977,-23,5318,4160,6296,977,23,0,No
310000,Male,1,2,36,-2,-2,-2,-2,-2,-1,17611,24122,26242,21026,18121,7842,10000,4000,0,0,7842,24003,No
270000,Female,2,1,32,-2,-2,-1,0,0,-2,3979,511,10069,9214,199,0,511,10069,186,199,0,0,No
280000,Female,3,1,53,0,0,2,0,0,0,4405,7322,7043,8932,9654,10774,3000,0,2000,1000,2000,2000,No
330000,Male,1,2,31,0,0,-1,-1,0,0,163406,137664,3381,40635,40490,38431,7558,5000,42054,3000,2000,1100,No
50000,Male,2,2,49,0,0,0,2,2,2,7282,8307,9709,9404,10254,9940,1300,1700,0,1000,0,200,No
180000,Female,3,2,27,-1,-1,-1,-1,-1,-1,3898,0,715,4079,0,213,0,715,6942,0,213,0,No
270000,Male,1,2,28,4,4,3,2,2,2,237881,232799,227597,230751,235931,240595,0,0,8400,9000,8700,9000,Yes
70000,Male,1,2,36,2,2,2,2,2,2,50016,48941,51809,50675,54839,53803,0,4000,0,5000,0,4000,Yes
290000,Male,1,2,27,0,0,0,0,0,0,246284,218441,176099,170282,166869,173273,10000,8000,6500,7000,10000,10000,No
350000,Female,1,2,41,-2,-2,-2,-2,-2,-2,0,3813,1298,500,2398,0,3813,1298,500,2398,0,1902,No
210000,Male,2,1,54,2,-1,-1,-1,-1,-1,471,176,195,485,210,3483,176,195,485,0,4466,417,No
110000,Male,2,2,47,2,2,2,2,2,2,53016,56532,57502,58460,59876,58761,5000,2500,2500,2500,0,5000,Yes
300000,Male,2,1,32,-1,-1,-1,-1,-1,-2,2884,1706,2960,579,0,0,1706,2964,579,0,0,2937,Yes
140000,Female,2,2,38,0,0,0,0,0,2,141453,132415,130305,79775,74462,74954,8000,3100,3000,5417,0,500,No
80000,Male,1,2,27,0,0,2,0,0,0,77111,81555,72868,55780,53523,54679,6384,0,2100,2100,2200,2200,No
360000,Female,2,1,42,-1,-1,-1,-1,-2,-2,44380,968,990,390,390,3103,968,990,390,390,3103,0,No
210000,Female,2,2,33,0,0,0,0,0,0,19951,21620,23251,24358,25805,27168,2000,2000,1500,2000,1800,1500,No
50000,Male,2,2,22,-1,2,2,2,0,0,19875,19273,21133,19121,19663,20235,0,2500,0,1000,1050,600,Yes
80000,Female,1,2,28,1,-2,-2,-2,-1,-1,0,0,0,0,2284,-786,0,0,0,2284,0,0,Yes
130000,Female,3,2,27,0,0,0,0,0,0,49780,51200,88209,53958,50577,41585,2300,50577,2000,2000,1488,1542,No
80000,Female,3,2,34,-2,-2,-2,-2,-2,-2,585,-395,-2241,0,0,0,395,1846,8759,0,0,0,No
330000,Female,2,1,37,-2,-2,-2,-2,-2,-2,2148,0,3080,3119,0,7255,0,3080,3119,0,7255,9060,No
80000,Female,2,2,23,2,2,2,0,0,2,20661,22515,23339,23654,25119,24567,2500,1500,1000,2000,0,1058,No
280000,Female,1,1,51,-1,-1,-1,-1,-1,-1,11223,15225,4951,2408,8360,6202,15262,4951,2408,8360,6202,200,No
200000,Male,3,1,44,0,0,0,0,0,0,69106,70393,73220,74419,76078,77822,3000,4000,3000,3000,3000,3000,No
120000,Female,1,2,26,-1,-1,-1,-1,-1,-1,2897,481,721,444,710,1920,485,721,444,710,1920,0,No
50000,Male,2,2,31,1,2,0,0,0,0,18190,12521,14308,14769,15925,15441,0,2000,1000,1542,764,3000,No
300000,Male,1,1,58,1,2,2,2,2,2,158230,160242,156171,165556,169250,172804,6000,0,12000,6500,6500,6500,Yes
20000,Male,2,2,30,0,-1,0,0,0,0,12755,832,2800,1231,1052,0,832,1000,900,500,0,0,No
50000,Male,2,2,46,0,0,0,0,0,0,47772,46935,33937,19277,14563,17293,2000,1221,595,1000,3500,2000,Yes
500000,Female,2,2,44,0,0,0,0,0,0,77257,73089,81210,88888,107072,115264,10000,10000,10000,20000,10000,0,No
70000,Female,3,2,29,-1,-1,2,0,0,0,24336,25510,24726,25377,24818,14978,3010,0,875,600,1000,600,No
120000,Female,2,2,27,0,0,0,0,0,2,36175,37062,32916,30947,22974,19539,3000,2000,1500,2000,0,8000,No
340000,Male,2,1,48,0,0,0,0,0,0,73627,75052,76022,76402,75356,76237,3870,3819,2823,2876,2853,2863,No
240000,Male,1,2,33,0,0,0,0,0,0,239009,243242,242128,216017,199069,202358,15018,35521,20003,7009,15018,20100,No
50000,Female,2,1,37,0,0,0,0,0,2,28522,29906,34057,34611,38359,37592,1849,5000,1417,4488,0,1540,No
210000,Female,2,1,48,-1,-1,-1,-1,-1,0,11876,11876,11876,11876,18954,11876,11876,11876,11876,18954,5000,11876,No
30000,Male,2,2,30,2,2,2,2,2,2,20732,21451,20808,21761,22762,23139,1347,0,1300,1500,900,0,Yes
80000,Female,2,2,22,0,0,0,0,0,0,76737,70614,68502,27160,27712,29245,3500,10092,966,2000,2000,1037,No
50000,Male,3,1,42,0,0,0,0,0,0,50708,44610,44043,28557,27903,29164,1872,1566,983,1027,3000,999,No
220000,Female,3,1,25,0,0,0,0,0,0,93674,123673,92036,93935,94607,93903,3500,4846,3000,3000,3000,10000,No
40000,Male,2,1,37,1,2,0,0,0,0,12127,11647,13138,14903,17664,19371,0,2000,2000,3000,2000,2000,No
280000,Male,1,2,26,0,0,0,0,2,2,245969,251120,254735,270486,276026,271408,10600,9300,20000,10000,0,11000,No
90000,Female,2,1,31,-1,-1,-2,-2,-2,-2,350,0,0,0,0,0,0,0,0,0,0,0,No
180000,Female,2,2,39,0,0,0,0,0,0,166915,117351,115402,105844,98396,101390,6000,7030,8000,5396,5390,5006,No
50000,Male,2,2,30,0,0,0,0,0,0,32781,31702,26829,18948,18830,19358,1489,1326,642,2000,824,1000,Yes
320000,Male,2,2,27,0,0,0,0,0,0,144648,150320,151365,154025,157082,160217,8000,6000,5671,5700,5741,9900,No
70000,Male,2,1,38,0,0,0,0,0,0,52121,53235,52015,38985,36097,36995,1965,1995,1336,1430,1500,1292,No
260000,Female,1,2,36,1,2,2,2,2,2,2111,545,2332,1277,1996,1020,0,2007,0,1020,0,923,Yes
360000,Male,1,1,38,0,0,0,0,0,0,277523,117239,121284,93951,58200,52585,4013,90054,9011,3007,2592,1013,No
100000,Female,2,2,38,0,0,0,0,0,0,89842,82669,70018,57847,43618,38715,4025,2511,1523,1292,1236,627,No
100000,Female,1,1,32,-1,-1,-1,-1,-1,0,380,380,380,380,425,1045,380,380,380,425,1000,0,Yes
140000,Female,2,1,39,0,0,0,0,0,0,133641,136663,137110,139761,137215,133572,7000,6010,6000,5400,5000,5200,No
90000,Female,2,2,28,1,2,2,2,0,0,83480,89264,89896,86706,87385,88351,8000,3000,0,3000,5000,5000,No
220000,Male,1,2,25,-1,-1,0,0,0,0,-1855,84332,85897,90106,94129,101037,88444,4000,5000,5000,8000,5000,No
260000,Female,1,2,34,-2,-2,-2,-2,-2,-2,5237,0,0,0,3982,0,0,0,0,3982,0,0,No
260000,Female,1,1,42,-1,-1,-1,-2,-2,-2,78,984,0,0,0,0,984,0,0,0,0,0,No
20000,Male,1,2,24,-1,-1,-1,0,0,-2,4720,0,20200,20000,0,0,0,20200,0,0,0,0,No
70000,Female,2,2,23,0,0,0,0,0,0,57034,58224,59158,60675,62047,65298,2700,2500,2500,2500,4300,3000,No
170000,Female,2,1,36,2,2,2,2,2,2,15031,16784,17711,17131,18197,18748,2500,1500,0,1500,1000,0,Yes
30000,Female,2,2,22,0,0,0,0,0,0,30719,30123,30112,26763,22303,24397,1900,1626,1267,766,10000,919,No
200000,Male,2,2,68,0,0,0,0,0,0,203533,204149,179350,152525,152765,152680,8870,7578,5700,5882,5799,5888,No
50000,Female,2,2,39,0,0,0,0,0,0,16729,17772,18419,18786,19187,17175,1620,1267,634,665,668,1000,No
50000,Male,2,2,30,1,-2,-2,-2,-2,-2,0,0,0,0,0,0,0,0,0,0,0,0,No
470000,Female,2,1,35,0,0,0,0,0,0,64875,57920,59307,61500,59563,57368,2505,3000,3016,2200,3000,1600,No
50000,Male,2,2,26,2,-1,-1,-1,-1,-1,291,291,291,291,291,0,291,291,291,291,0,873,No
360000,Female,2,1,56,0,0,0,0,0,0,500090,477461,455591,430313,406010,377820,15900,16489,14128,13210,10442,9500,No
20000,Female,2,3,46,1,-2,-1,0,0,-1,0,0,390,390,390,150,0,390,0,0,150,390,No
140000,Female,1,2,26,-1,-1,-1,-1,-1,-1,6208,2136,6573,0,770,0,2136,6573,0,770,0,0,No
10000,Female,3,1,47,0,0,0,0,0,0,2855,3871,4883,5053,5275,0,1069,1081,251,375,0,0,Yes
200000,Female,2,1,46,-1,-1,-1,0,0,0,722,9086,9213,7360,11560,21808,9086,9219,147,4200,11808,4067,No
390000,Female,2,1,39,-1,-1,-1,-1,-1,0,827,827,827,1036,15209,15156,827,827,1036,15000,1000,1000,No
90000,Female,2,2,25,0,0,0,0,0,0,78651,79972,81415,81878,83206,85350,3600,3805,3100,3200,4100,2500,Yes
130000,Female,1,2,27,1,-1,0,0,-1,-1,0,1483,2450,0,1089,2249,1483,1000,0,1089,2249,2184,No
120000,Female,2,2,33,1,-1,2,-1,3,2,0,974,194,1758,1450,520,974,0,1954,0,0,950,Yes
160000,Female,2,1,35,-1,-1,-2,-2,-1,-1,549,0,0,0,1893,0,0,0,0,1893,0,177,No
70000,Female,2,2,24,2,2,-1,2,2,2,71339,69515,59878,58318,61865,63695,6,62343,0,4500,3000,2500,No
80000,Male,3,1,60,0,0,0,0,0,0,68085,70604,26890,27450,27634,28216,10000,1500,1000,1100,1041,1500,No
250000,Female,2,2,36,0,0,0,0,0,0,62131,63238,51547,48483,49553,49683,2741,1741,1824,1942,2100,1366,No
50000,Female,2,2,49,0,0,0,0,0,0,12272,7980,7959,8978,7357,7841,2005,2000,1019,3007,3008,5015,No
30000,Female,3,2,23,0,0,0,0,-1,-1,2277,3158,4080,5080,150,178,1078,1000,1000,150,178,300,No
50000,Male,3,1,51,2,0,0,0,0,0,55028,50184,50391,19867,20154,18732,3000,1600,1000,1000,1000,1000,Yes
80000,Female,2,2,24,-1,-1,2,0,0,0,2152,3832,3587,3332,3400,-300,2245,0,267,68,0,0,Yes
130000,Male,2,1,47,0,0,0,0,0,-2,109640,109699,91200,45400,0,0,8436,2270,0,0,0,0,No
50000,Male,3,2,23,0,0,0,0,0,0,47033,43512,32287,34156,14618,3648,1707,1318,496,1076,708,20027,No
200000,Male,2,1,39,1,-2,-2,-2,-1,2,-390,-390,-390,-391,710,321,0,0,0,1101,1,13988,No
140000,Male,3,1,33,0,0,0,0,0,0,140795,93199,64487,53220,50051,45859,3609,2039,3014,2514,1656,1005,No
30000,Female,1,2,23,0,0,0,0,0,0,18397,19789,21450,22391,23029,23745,2000,2000,1300,1000,1100,2000,No
20000,Female,1,2,25,1,2,2,2,2,2,11729,12236,17994,17412,18422,18768,1000,6000,0,1600,800,800,No
70000,Male,2,2,29,0,0,0,0,2,2,18312,19516,20685,22142,23340,22817,1500,1500,1800,1700,0,1300,No
20000,Female,3,3,48,0,0,0,0,0,0,19590,19120,18932,18749,18620,18668,1308,1593,800,700,741,531,No
410000,Male,1,1,42,0,0,0,0,0,0,27559,29866,32233,34450,36954,39251,3000,2800,3000,3000,3000,2000,No
250000,Male,1,1,41,-1,-1,-1,-1,-1,-1,390,390,390,1130,1683,2587,390,390,1130,1683,2587,0,Yes
140000,Female,2,2,27,2,0,0,0,0,0,136308,137077,138919,138035,138857,138894,5150,7750,5000,5379,5200,4850,Yes
90000,Female,1,2,26,0,0,0,0,0,0,17704,14478,17681,15240,19364,18828,5005,5145,1801,5024,8007,5046,No
340000,Male,1,1,38,-1,-1,-1,-1,-1,-1,325,325,325,580,9664,29200,325,325,580,9664,29200,5260,No
230000,Female,2,1,28,-1,-1,-1,-1,-1,-1,1190,1716,0,1012,0,753,1716,0,1012,0,753,7600,No
80000,Male,3,2,33,0,0,2,2,2,2,30013,33514,34662,35784,37065,36320,4000,2000,2000,2000,0,3600,No
50000,Female,2,2,42,0,0,0,0,0,0,51521,46015,15057,19825,4264,3690,1451,13609,13327,250,1000,700,Yes
60000,Female,2,1,35,0,0,0,0,0,0,60505,60820,54853,39112,39714,38850,2300,2000,1500,1500,1600,1400,No
50000,Female,2,2,24,0,0,0,0,2,0,8587,9941,10950,11519,11191,11903,1500,1481,1050,0,903,333,No
210000,Female,2,2,28,0,0,0,0,0,0,145643,133339,137000,55855,58370,59537,4741,5778,1955,3370,1913,1998,No
140000,Female,1,2,27,0,0,0,0,0,0,135249,138577,141555,110852,113639,95052,5500,5700,4200,4700,3800,4000,No
20000,Male,3,2,32,0,0,0,0,2,2,4338,5355,6369,6891,6635,7287,1092,1106,628,0,762,0,No
230000,Male,1,2,32,-2,-2,-2,-2,-2,-2,2785,3943,3126,3126,500,500,1223,1000,0,0,0,0,No
210000,Male,2,2,27,0,0,0,0,0,0,30365,29858,30713,27644,26236,26312,1606,2000,1200,1200,1000,1000,No
20000,Male,2,2,34,0,0,0,0,0,0,36773,17288,16212,17567,16089,20743,3210,2000,1600,871,5214,300,No
50000,Female,2,2,24,0,0,0,0,0,2,45537,46601,47276,48224,48760,48382,2100,1760,1707,2602,1000,1640,No
30000,Male,3,2,49,0,-1,-1,0,-1,-1,15966,240,17433,16865,29220,11400,262,20416,852,29220,728,0,No
50000,Female,2,2,36,0,0,0,0,0,0,37329,32540,26601,27358,28017,28593,1500,1500,1200,1100,1042,1009,Yes
150000,Female,1,1,30,1,2,-1,0,-1,2,44820,14657,20950,3601,696,696,0,20962,1,696,0,50348,No
160000,Male,2,1,57,-1,2,2,-1,-1,-1,2008,280,-110,187,197,307,0,0,687,400,500,700,No
90000,Female,3,1,42,0,0,0,0,0,0,14376,15374,11195,8948,9143,6003,1278,1086,581,273,227,162,No
150000,Male,2,1,39,-1,-1,-1,-1,-1,-1,10086,32353,13181,2010,7790,0,32400,13181,2020,7790,0,0,No
200000,Male,3,2,36,-2,-2,-2,-2,-2,-2,45810,0,0,0,0,0,0,0,0,0,0,40714,Yes
170000,Male,1,1,40,0,0,0,0,0,0,171841,171014,168142,169821,173014,163570,7540,7540,6301,6517,6035,6435,No
100000,Female,2,1,38,0,0,0,0,0,2,84883,86616,88207,89428,95895,93092,4000,4500,3500,8000,4000,0,No
20000,Male,3,1,39,0,0,0,0,0,0,16946,14960,12772,12630,12524,11179,1529,1161,409,444,405,163,No
30000,Male,1,2,24,0,0,0,0,0,0,27576,27089,27986,28580,28649,29147,1500,1500,1050,1100,1000,2000,No
200000,Male,1,2,32,0,0,0,-2,-2,-2,42325,32061,0,0,0,0,2000,0,0,0,0,0,No
180000,Male,2,1,46,-1,-1,-1,-1,-1,-1,390,390,390,0,390,930,390,390,0,390,930,135,No
160000,Female,2,1,44,1,-1,0,0,0,-2,0,5621,6468,6600,0,0,5621,1000,132,0,0,0,No
80000,Female,2,2,31,1,2,0,0,2,2,54207,52775,53906,60099,61402,60272,0,2000,7100,2400,0,4600,No
70000,Female,1,1,36,2,0,0,0,0,0,81719,85389,86287,65287,35345,9360,5000,3000,2000,3000,5000,0,No
80000,Male,3,2,44,2,0,0,0,-2,-2,78950,79788,70319,0,0,0,2815,1858,0,0,0,0,Yes
50000,Male,2,2,45,0,0,0,0,0,0,48406,49880,47206,19189,19008,19687,2286,1302,678,695,1000,687,Yes
140000,Female,2,1,58,2,2,2,2,2,2,70428,71902,72924,72335,75508,77116,3200,2800,1200,4500,3000,0,Yes
90000,Female,2,1,50,0,0,-1,-1,-1,-1,76025,55440,11227,4000,5000,10327,10374,16926,4000,6000,10327,0,No
120000,Female,1,2,27,-1,-1,-2,-2,-2,-2,19333,0,0,0,0,0,0,0,0,0,0,0,No
80000,Female,2,2,33,-2,-2,-1,-1,0,0,47867,31925,731,55541,56703,57833,1925,731,56000,2055,2070,4447,No
20000,Male,2,2,43,4,3,2,0,0,0,34213,30100,25871,21970,18669,19669,0,0,0,0,1000,53301,Yes
20000,Male,1,2,28,1,2,-1,0,0,0,10631,1512,20400,20000,20000,0,0,20400,0,0,0,0,No
440000,Female,2,2,34,-2,-2,-2,-2,-2,-2,0,200,751,2674,317,565,200,751,2700,320,570,0,No
310000,Female,2,1,28,0,0,0,0,0,0,106540,110211,208505,150380,38551,42901,5000,100000,7000,10000,5000,5000,No
80000,Female,2,2,25,-2,-2,-2,-2,-2,-1,0,0,0,0,0,442,0,0,0,0,442,1102,No
200000,Male,1,2,28,-2,-1,2,0,0,2,95065,112893,110059,34125,36031,31885,20000,0,34000,2500,0,50000,No
300000,Female,2,1,34,1,2,0,0,0,-1,6451,4828,6858,8048,1701,2920,0,4004,2000,0,2920,2282,Yes
140000,Female,2,1,35,0,0,0,0,0,-1,10215,14293,13035,5753,2296,1398,4293,1004,115,46,1398,6837,No
230000,Female,2,1,43,-1,-1,-1,-1,-1,-1,3451,5560,1180,8563,5180,2524,5587,1186,8605,5201,2532,4759,No
40000,Female,5,1,48,0,0,0,0,0,0,37896,40262,40370,39970,39970,0,3292,1400,0,0,0,0,No
20000,Female,3,1,23,0,0,0,0,2,2,20030,18808,17080,18293,18752,19195,1600,1300,1500,900,900,787,No
90000,Female,2,2,26,0,0,0,0,0,0,43310,40275,37800,37323,34396,34938,2500,3000,3000,2000,3000,3000,No
50000,Female,3,2,41,2,2,2,2,2,2,24064,24981,25473,25857,26298,25725,1600,1200,1100,1000,0,1948,Yes
60000,Female,2,3,64,2,0,0,0,0,0,24541,25838,27022,28357,28992,24505,2000,2000,2000,1000,1000,2000,Yes
240000,Male,3,1,48,0,0,0,0,0,0,111990,125109,129014,131864,134744,138504,15000,6000,5000,5000,6000,6000,No
400000,Female,2,2,40,1,-2,-2,-2,-2,-2,0,0,0,0,0,0,0,0,0,0,0,0,No
280000,Female,1,1,37,1,-2,-2,-1,-1,-1,0,0,0,539,94,3582,0,0,539,0,3582,392,No
390000,Female,2,2,28,-1,-1,-1,-1,-1,-1,1421,1286,2123,2219,1205,3343,1294,2133,2230,1209,3365,2151,No
340000,Female,1,1,46,-1,-1,-1,-1,-1,-1,9435,40670,14007,11922,84739,11132,40670,24330,11943,84739,11132,46039,No
10000,Male,2,2,47,-1,-1,-1,-1,-1,0,219,9110,9797,-10433,9767,9067,10400,1000,0,20200,200,0,Yes
110000,Male,2,1,35,0,0,0,0,0,0,48131,73221,74341,50184,51412,49448,32123,3000,1800,2041,2069,3000,Yes
130000,Female,2,1,25,0,0,0,0,0,0,119703,122967,125101,54560,52681,44529,5200,5301,3000,2000,5000,13801,No
230000,Male,2,1,45,2,2,2,2,0,0,221691,226696,223872,98219,100276,102263,10000,3600,0,3628,3643,3929,No
290000,Female,2,1,39,0,0,0,0,2,2,296002,284025,278422,283034,284430,294131,12000,11600,12628,8000,16600,4000,Yes
50000,Male,1,2,29,0,0,0,0,0,0,16645,18368,20053,20721,21234,22881,2000,2000,1000,1000,2000,0,No
120000,Female,1,2,27,-2,-2,-2,-2,-2,-2,13394,17356,6826,36830,6280,150,17456,6826,36837,6280,150,504,No
240000,Female,1,1,36,-1,-1,-1,0,-1,-1,7058,4786,6853,5673,7588,2737,4789,6853,113,7588,2737,0,Yes
360000,Female,1,2,32,0,0,0,0,0,0,166848,149903,138091,138123,140324,108772,7294,6135,4504,4669,4060,3475,No
110000,Female,3,2,31,0,0,0,0,0,0,77595,78322,66068,61486,60695,58147,3700,2212,2100,2200,2200,1910,No
60000,Female,3,2,23,0,0,0,0,-1,0,23268,16603,8651,500,29468,30201,1215,1001,502,29468,1201,1000,No
130000,Male,1,2,33,1,-2,-2,-1,0,0,0,0,0,8495,6480,0,0,0,8495,0,0,0,Yes
250000,Female,1,1,31,-1,-1,-1,-1,-1,-2,315,-72,7304,95,0,0,0,7376,0,0,0,0,No
410000,Male,3,2,38,-1,-1,-1,-1,-1,-1,4822,232,2255,2546,2650,6286,233,2266,2558,2663,6303,12,No
130000,Female,3,2,53,0,0,0,0,0,0,100184,99001,88214,90167,90682,92672,4700,3200,3403,3300,3500,3300,No
200000,Male,1,2,38,0,0,0,2,2,2,180486,183076,195535,190960,202139,194326,7000,15500,0,14184,0,6700,No
60000,Female,1,2,25,2,2,0,0,0,0,37287,36412,37280,35321,36099,36724,0,1800,1414,1500,1377,1402,No
20000,Male,1,2,25,-2,-2,-2,-2,-2,-2,85,1347,3969,1855,3569,3823,1377,4122,1865,3611,3823,19386,No
380000,Female,2,1,50,0,0,0,0,2,2,294100,313346,299786,307801,288820,266266,30125,11600,20009,11000,0,40000,No
80000,Male,3,1,47,0,0,0,0,-1,0,78415,80093,74598,34712,40452,39762,3369,1688,694,44492,1455,1365,Yes
160000,Male,2,2,31,0,0,0,0,0,0,24645,24956,25819,25754,25898,25925,1420,1699,1050,1104,1041,1000,No
50000,Male,2,1,34,0,0,0,0,0,0,24249,25952,29915,30215,5964,2800,2100,5000,1000,0,56,0,No
130000,Male,2,2,30,0,0,0,0,2,2,95799,97858,100534,105347,103550,109733,4500,5200,8000,0,8100,0,No
180000,Male,1,2,33,0,0,2,0,0,0,33331,35311,31648,23461,20671,17122,5317,23,208,10,51,0,No
130000,Female,2,1,43,0,0,0,0,0,0,129099,130522,106158,97685,80733,82883,5008,6003,4000,3000,4870,3000,No
50000,Male,1,1,35,0,0,0,0,0,0,50482,50267,44880,45122,49518,50389,6749,5000,8000,5000,10000,2000,No
150000,Female,2,1,30,1,2,0,0,0,0,36472,33947,35518,30564,21849,25168,0,5035,5000,900,10000,7000,Yes
20000,Female,1,2,23,0,0,0,0,0,0,19082,19286,19637,18826,19522,21775,1321,1400,1000,1000,2583,0,No
360000,Female,1,1,33,1,-2,-2,-2,-2,-2,0,0,0,0,0,0,0,0,0,0,0,0,Yes
180000,Female,1,1,31,1,-2,-2,-1,-1,-2,0,0,0,2537,0,0,0,0,2537,0,0,0,No
280000,Male,2,1,37,0,0,0,0,0,0,196807,193629,195583,189545,184042,183287,7005,10023,7047,7023,7012,7017,No
210000,Male,2,1,41,1,2,0,0,0,0,149343,145319,86335,69670,59502,119494,0,5000,3600,2000,2000,5000,No
240000,Male,1,2,30,1,-2,-2,-2,-2,-2,0,0,0,0,0,0,0,0,0,0,0,0,Yes
200000,Female,1,1,49,-1,-1,-2,-2,-2,-2,4739,-61,-61,-61,-61,-61,0,0,0,0,0,0,No
180000,Female,1,1,35,0,0,0,0,0,0,47603,48705,50140,60607,67976,20412,5705,3003,10607,7976,5412,2460,No
190000,Male,3,1,44,1,-1,2,0,0,0,-1600,2400,2184,2184,2184,0,4000,0,0,0,0,0,No
50000,Female,3,1,53,-1,-1,-1,-1,-1,-1,4794,3848,4682,4521,4165,4809,4000,5000,5000,4200,4810,4763,No
80000,Female,5,1,23,-1,-1,-1,0,0,0,5000,0,31432,24455,26920,0,0,31432,3000,3000,0,0,No
50000,Male,2,2,23,2,2,0,0,0,0,32589,32583,21197,7666,4768,5685,1000,2000,1000,1000,1000,1000,Yes
130000,Male,1,2,29,0,0,-2,-2,-2,-2,102640,-10,-10,-10,-10,-10,0,0,0,0,0,0,No
30000,Female,2,1,52,2,2,2,2,2,2,18499,20391,20758,21118,21632,22129,2500,1000,1000,1000,1000,0,Yes
30000,Female,1,2,28,0,0,0,0,0,-1,36541,17625,26243,25829,-175,664,5000,11000,3000,2000,1500,0,No
50000,Male,2,2,24,0,0,2,2,0,0,20378,23346,23670,22994,23473,23932,3300,1000,0,1000,1000,962,Yes
360000,Female,1,1,41,0,0,0,0,0,0,100608,95511,96288,100251,99983,122578,4000,6000,5000,4000,80000,5000,No
80000,Female,2,2,24,2,0,0,0,0,0,45647,45248,33696,40092,40946,41588,2039,2000,7000,1482,2501,3082,Yes
460000,Male,1,2,33,0,0,0,0,0,0,161054,164509,168730,172072,154177,157246,6050,7000,6000,5593,5630,6089,No
50000,Male,2,2,22,0,0,0,-1,-1,0,49334,48237,49496,10353,4337,15017,5000,2510,10371,16533,11017,698,Yes
370000,Female,2,2,28,0,0,0,0,0,0,87248,82477,71825,69872,63656,46555,2896,2097,2000,1818,1044,28034,No
20000,Female,2,1,42,3,2,2,2,2,2,18464,19465,19649,19978,20512,20831,1600,800,950,1000,800,0,Yes
50000,Female,1,2,24,0,0,0,0,0,0,50537,44686,38493,33769,34211,34944,2554,1900,1355,1300,1300,1500,No
80000,Male,2,1,54,0,0,0,0,0,0,26730,24568,27979,22460,22743,22988,1500,3901,1001,1001,1001,1901,No
170000,Female,1,1,31,1,-2,-2,-2,-2,-2,0,0,0,0,0,0,0,0,0,0,0,0,No
400000,Male,1,1,54,-2,-2,-2,-2,-2,-2,1348,21411,-25,4895,48976,15319,21532,0,4920,49221,15395,0,No
500000,Female,2,1,41,0,0,0,0,0,0,131720,103746,91805,76152,62783,44422,3900,3200,2766,2100,1703,1092,No
250000,Male,3,1,44,-1,-1,-1,-1,-1,-1,6826,3900,4482,43546,38051,576,3924,4482,43676,38166,576,2389,Yes
80000,Female,2,2,22,0,0,0,0,0,0,80491,64868,51936,30165,30145,30085,2327,1687,1052,1076,1121,1237,No
90000,Female,2,3,40,1,2,0,0,0,2,89762,90395,87428,61778,68248,66997,3000,2773,2402,7660,0,2711,No
120000,Male,3,2,44,4,3,2,0,0,0,149229,138487,127516,124530,120937,67711,0,0,6000,5067,1548,120862,Yes
310000,Male,2,1,44,0,0,0,0,0,0,3947,5987,7739,8843,12204,14520,2500,2000,2000,3500,2500,1500,No
20000,Male,2,2,22,0,0,-2,-2,-1,-1,13540,397,998,734,1698,500,406,1101,736,1799,601,0,No
60000,Female,2,2,29,-1,2,2,-1,2,2,4603,4186,0,1887,1543,3972,0,0,1887,0,3557,0,No
460000,Female,1,2,29,0,0,0,0,0,0,170894,160223,160894,165246,169983,173330,7018,7000,7002,8007,8038,6052,No
220000,Male,2,1,40,-1,-1,-1,-1,-1,-1,2300,1000,11289,4887,3083,9401,1000,11289,4887,3083,10020,6473,No
220000,Male,1,2,32,0,0,0,0,0,0,203689,204943,172926,104747,180458,182435,10000,8000,6000,107000,13000,8000,Yes
20000,Male,2,2,33,1,2,0,0,0,-2,17439,16872,17483,9152,0,0,0,1000,183,0,0,0,No
80000,Male,3,1,38,-1,-1,2,0,-1,2,6270,14412,12540,1261,2705,1261,19421,0,0,2705,0,1261,Yes
220000,Male,1,2,31,-1,-1,-1,-1,-1,-1,7521,4023,5878,6452,5157,4159,4028,5892,6463,5163,4169,3733,No
20000,Male,2,2,23,0,0,0,0,0,0,10478,11193,12207,14402,16399,20929,1193,1207,2402,2399,5000,0,No
100000,Female,2,2,26,0,0,0,0,0,0,46891,48134,49331,50508,51543,52685,2000,2000,2000,2000,2000,2000,No
230000,Female,1,2,31,0,0,0,0,0,0,81734,82238,80623,90997,62063,62003,3687,4539,2220,3214,2407,2061,No
20000,Male,2,2,24,0,-1,-1,-1,-1,-1,2522,390,0,780,0,780,390,0,780,0,780,0,No
160000,Male,1,2,29,-1,-1,-1,0,-1,-1,390,4238,780,390,390,540,4238,780,0,390,540,780,No
70000,Female,2,1,27,1,2,0,0,2,2,48098,47922,51806,55625,57072,58269,881,4700,4700,2500,2300,2300,Yes
240000,Female,2,2,37,0,0,0,0,0,0,280110,281104,286048,369693,243198,243498,10000,15002,9000,10000,8600,8500,No
100000,Male,2,2,25,-1,-1,-1,0,0,0,1285,2530,23496,23263,23176,23542,2530,23496,1500,1500,2000,1500,No
50000,Male,2,2,42,0,0,0,0,0,0,5268,5896,6645,7009,6869,7268,1107,1246,1000,500,1000,390,No
80000,Female,3,1,44,-1,-1,-1,-2,-2,-2,5730,5837,0,0,0,0,5837,0,0,0,0,0,No
130000,Male,1,2,28,2,2,2,-2,-2,-2,114144,102650,0,0,0,0,0,0,0,0,0,0,Yes
30000,Female,2,2,23,1,2,0,0,2,2,27171,27429,26571,28128,27548,29536,1000,1800,2300,0,2600,0,No
360000,Female,2,1,46,1,-2,-2,-2,-2,-2,0,0,0,0,0,0,0,0,0,0,0,0,Yes
280000,Male,2,1,34,0,0,0,0,0,0,126305,128888,123909,124078,124489,114110,4728,4700,4210,4455,4109,4000,Yes
70000,Female,2,1,28,0,0,0,0,0,0,45738,36105,27484,28526,30053,30379,4016,2000,2000,2000,2000,2000,Yes
100000,Male,2,2,32,0,0,0,0,0,0,43788,44843,45814,46727,46798,46799,1759,1730,1643,1696,1685,1653,No
50000,Male,2,2,27,0,0,0,-1,2,0,50679,45126,37800,51457,50463,41758,2033,1900,51457,0,1642,1538,Yes
150000,Female,2,2,26,-2,-2,-2,-2,-2,-2,221,0,0,0,0,0,0,0,0,0,0,0,No
20000,Male,2,2,46,-1,-1,-1,0,0,-2,780,0,1170,780,0,0,0,1170,0,0,0,0,Yes
100000,Male,3,3,48,2,-1,0,0,0,0,10514,8408,5250,9360,4098,800,13008,1119,7110,110,102,0,Yes
50000,Male,3,2,49,0,0,0,0,0,0,34461,35582,40610,11292,3266,10012,2000,6000,2000,2200,10000,2100,No
200000,Male,1,1,49,2,2,2,2,2,2,2500,2500,2500,2500,2500,2500,0,0,0,0,0,0,Yes
250000,Female,2,2,26,0,0,0,0,0,-1,46467,17787,18852,24097,19152,1547,1500,1500,5645,500,1547,0,No
140000,Female,1,1,32,1,-2,-2,-2,-2,-2,0,0,0,0,0,0,0,0,0,0,0,0,No
320000,Female,2,1,44,-1,-1,-1,-1,0,-1,396,396,396,792,396,396,396,396,792,0,396,396,No
20000,Female,2,1,22,2,2,2,2,2,2,20439,20564,20479,19415,20540,20903,1602,900,0,1800,850,0,Yes
80000,Female,2,2,26,0,0,0,0,0,0,46738,48237,49642,52052,40505,41471,3001,3000,3000,3000,1637,2928,No
300000,Female,2,2,36,1,-2,-1,-1,-1,-1,0,0,200,0,16418,88632,0,200,0,16418,88632,1913,No
500000,Female,1,1,38,0,0,0,2,-1,-1,54787,72780,48785,16025,19120,11461,20015,1670,0,19120,11461,18038,No
130000,Female,4,2,47,2,-1,-1,0,-1,-1,1478,1501,2598,1299,1299,1299,1501,2598,0,1299,1299,1299,No
40000,Male,2,1,25,0,0,0,0,0,2,37540,38611,39508,38674,38410,37661,1976,1873,1300,2824,0,2000,No
20000,Female,2,2,22,0,0,0,0,-2,-1,19194,19840,7627,0,0,19191,1129,1002,0,0,19191,0,No
200000,Female,1,2,42,-1,-1,-1,-1,-1,-1,1347,208,1582,3607,894,301,208,1677,3607,894,301,2457,Yes
50000,Female,2,2,31,2,2,2,2,2,2,30619,31634,32317,32787,33416,34116,1800,1500,1300,1300,1400,1500,Yes
130000,Female,2,1,36,0,0,0,0,0,0,26244,27068,28383,29018,29671,-2000,1550,1769,1404,1493,0,4720,No
100000,Female,2,1,33,-2,-2,-2,-2,-2,-1,5576,792,0,1889,2458,10175,792,0,1889,2458,10175,122,No
160000,Male,1,2,29,-1,-1,-1,-1,-1,0,554,-78,622,-10,326,326,0,700,0,652,0,0,No
50000,Male,3,2,26,0,0,0,0,0,-1,24132,20109,19932,19762,10708,20148,1902,1200,30,1031,20201,605,No
50000,Male,3,2,29,0,0,0,0,0,0,47863,48261,19258,19268,19040,19555,2000,2000,1000,1000,1000,1000,No
70000,Female,3,1,40,0,0,0,0,0,0,65198,65674,58599,49179,49080,49705,2924,1924,1726,1763,2136,1384,No
270000,Male,2,1,53,2,2,2,2,2,2,211630,209812,219829,214795,228084,232680,3000,15000,0,17000,8500,0,Yes
210000,Female,2,1,48,-2,-2,-2,-2,-2,-2,140,140,140,60,120,-20,140,140,60,200,0,0,No
70000,Female,2,1,43,0,0,0,0,0,-1,66083,67681,40849,2917,1473,917,3017,2025,58,29,917,40442,No
160000,Female,1,2,31,-1,-1,-1,-1,0,-1,3555,7340,0,7634,7350,7938,7340,0,7634,0,7938,3993,No
30000,Female,2,1,27,0,0,0,0,0,0,4527,7427,11013,16013,16340,3396,3000,6000,5000,327,3396,1680,No
250000,Male,1,2,29,-1,-1,-1,-1,-1,0,12044,3260,4037,1184,5107,1893,3276,4057,1196,5123,6,2539,No
10000,Female,3,1,51,1,2,0,0,2,2,2731,2541,3499,4441,4233,5566,0,1000,1000,0,2000,1170,No
50000,Male,2,2,27,1,2,2,2,2,2,17654,17082,20088,19483,19742,19275,0,3300,0,1560,0,881,No
120000,Male,3,1,38,-1,-1,-1,-1,0,-1,3465,5543,5463,10912,5228,9769,5558,5479,10929,24,9769,18,No
50000,Male,2,2,28,0,0,0,0,0,0,49417,48104,49348,28433,53718,27084,1966,2210,1946,983,1950,946,No
250000,Male,1,2,36,0,0,0,0,0,0,143200,146391,91714,88397,90312,92456,7000,3500,3100,3200,3500,3500,No
20000,Male,2,2,48,-1,-1,2,0,0,-2,390,1170,780,780,0,0,1170,0,0,0,0,0,Yes
70000,Female,2,2,25,0,0,0,0,0,0,19508,19633,19685,18887,19073,20208,2000,2000,1000,2000,3003,3007,No
50000,Male,2,2,46,-1,-1,0,0,0,0,2635,27299,21206,20127,19049,19730,27921,1262,656,655,2433,1000,No
110000,Male,2,2,41,0,0,0,0,0,0,120767,133593,125852,118254,120537,112021,24800,4400,4300,4205,4500,4304,No
100000,Female,1,2,32,1,2,0,0,-1,0,7130,6873,8101,8235,34087,34749,0,1500,565,36252,1500,2500,No
20000,Male,2,1,31,-2,-2,-2,-2,-1,-1,-66,-66,460,-201,1600,0,0,526,201,1801,0,0,No
140000,Male,2,1,29,1,2,2,2,2,2,73302,74539,75724,73909,78305,76888,3000,3000,0,5763,0,6100,Yes
140000,Male,2,1,34,-1,-1,-1,-1,-1,-1,711,711,711,10976,711,711,711,711,10976,711,711,291,Yes
250000,Female,1,1,39,0,0,0,0,0,0,196409,182372,191040,199400,206988,167607,6023,15000,10011,11214,5315,3180,No
180000,Female,2,2,30,0,0,0,0,0,0,43779,44213,44561,45130,47790,48222,1751,1712,1894,4000,1837,1711,No
130000,Male,2,2,26,0,0,0,-2,-2,-2,55348,55400,0,0,0,0,1650,0,0,0,0,0,No
200000,Male,1,2,27,-2,-2,-2,-2,-2,-2,2436,3458,758,-2,750,26903,5963,760,0,752,26983,599,No
100000,Female,1,2,26,0,0,2,2,2,0,64086,68836,69704,70566,69311,70844,6005,2600,2600,0,2685,2800,No
290000,Female,3,2,27,0,0,0,-1,-1,-1,63584,28972,10772,22463,164570,9672,2000,1399,22468,164791,9672,18889,No
110000,Male,1,1,46,0,0,0,0,0,0,106111,108698,105666,57940,59247,59594,5015,4081,2101,2202,2204,2100,No
30000,Female,2,2,27,2,2,5,5,4,3,1200,1200,1200,1200,600,300,0,0,0,0,0,0,No
150000,Female,3,2,23,0,0,0,0,0,0,6319,8190,6686,7686,4526,65839,2000,1000,1000,0,63300,11632,No
150000,Female,2,2,34,-1,-1,-1,-1,-1,-1,1467,698,4102,713,810,5438,701,4137,719,817,5467,9587,No
120000,Female,1,2,25,1,-2,-2,-2,-2,-2,0,0,0,0,0,0,0,0,0,0,0,0,Yes
130000,Male,2,1,39,0,-1,-1,-1,-1,-1,10896,390,390,390,390,390,390,390,390,390,390,390,No
30000,Male,2,2,24,1,2,2,2,0,0,27262,26545,28590,27831,28433,30257,0,2800,0,1050,2300,0,Yes
100000,Male,1,1,25,-1,0,0,0,-2,-2,91842,40308,41800,0,0,0,1809,2301,0,0,0,0,No
30000,Female,1,2,27,0,0,0,0,0,2,20234,20476,21991,22544,24061,23428,2000,3000,2000,2000,1000,0,Yes
90000,Female,2,1,28,0,0,0,0,0,0,45537,43173,36230,28068,20229,20650,3000,2500,2000,2000,1100,0,No
160000,Female,2,1,25,4,3,2,0,0,0,103398,100925,97701,99434,99527,16331,0,0,2321,432,546,550,No
260000,Male,1,1,51,-1,-1,-1,-1,-1,-2,771,1593,419,529,0,4090,1596,437,529,0,4090,98,No
50000,Male,1,2,28,2,0,0,0,0,0,48508,45951,44013,28094,29138,30625,2500,2000,1200,1500,2000,1500,Yes
260000,Male,3,2,27,0,0,0,0,0,0,132755,137049,137558,140455,144032,146615,6417,5000,5184,6000,5026,4005,No
220000,Female,1,2,35,-1,-1,-1,-1,-1,-1,7443,5572,5572,5572,5774,3264,5600,5600,5600,5802,3279,5613,No
20000,Female,2,2,22,0,0,0,0,0,0,19248,20054,19133,19397,19702,20506,2000,1300,678,706,2037,0,No
300000,Female,1,2,25,1,5,4,3,2,3,315632,309330,302869,306395,311256,305413,0,0,10000,10000,0,0,Yes
250000,Female,1,2,31,1,-2,-2,-2,-2,-2,-129,-129,-329,-329,-329,-529,0,200,0,0,200,86,No
200000,Male,2,2,30,-1,-1,-1,-1,-1,-1,416,416,416,416,416,0,416,416,416,416,0,832,No
20000,Female,2,2,21,0,0,2,0,0,0,13660,15056,15400,12900,19500,0,2000,1000,0,6600,0,0,No
50000,Male,2,2,25,3,3,2,2,2,0,26798,27274,27529,28280,27691,28278,1200,1000,1500,0,1200,1200,Yes
100000,Female,3,2,28,0,-1,-1,0,0,0,7220,13677,49773,61244,31410,20529,13695,49813,50054,33,10028,100000,No
170000,Male,2,1,37,0,0,0,0,0,0,164240,167116,165432,120084,123439,107682,8019,6196,4300,5000,4006,4007,No
120000,Male,1,1,37,0,0,0,0,0,0,68329,72212,79334,80531,80944,78771,5000,9000,3000,3100,3000,3000,No
50000,Male,2,2,26,0,0,0,0,2,0,37862,17545,18537,19941,19500,18921,1304,1296,1700,2,800,1000,No
260000,Female,1,2,28,0,0,0,0,0,0,63504,66283,67341,54725,36117,35144,4000,3002,2000,2000,2464,1000,No
60000,Female,2,2,44,0,0,0,-1,-1,-2,57657,54173,67300,590,0,0,3400,1650,1180,0,0,400,No
120000,Female,2,2,28,-1,2,2,-2,-2,-2,200,200,0,0,0,0,0,0,0,0,0,0,Yes
220000,Female,3,1,47,-1,-1,-1,-1,-1,-1,38412,50367,64735,22792,184483,62140,50451,64775,22794,184483,62140,48080,No
90000,Female,2,1,45,0,0,0,0,-1,0,63049,71245,70819,20301,87497,86938,10000,1612,0,87497,10000,20000,No
310000,Female,1,1,25,0,0,0,0,0,0,184538,153625,142810,125869,107986,83461,5019,3872,3147,2912,5109,1604,No
140000,Female,2,2,42,0,0,0,0,0,0,24984,26010,27026,27714,28139,28697,1434,1450,1138,1021,1026,1061,No
80000,Female,2,2,24,2,2,2,2,2,2,23787,23124,26700,27064,27685,27091,0,4300,1100,1200,0,2500,Yes
500000,Female,1,1,36,0,0,0,0,0,0,251931,301458,234316,199360,163408,186618,101458,10009,20071,20000,35565,18000,No
130000,Male,2,2,29,0,0,0,0,0,0,130708,132080,130128,101794,101826,101763,6658,5146,4000,4000,3866,3435,No
240000,Female,2,1,44,0,0,0,2,0,0,220439,224653,238637,232995,206167,210100,9657,19253,0,7641,7522,7949,No
50000,Female,2,2,24,2,2,7,7,7,7,2400,2400,2400,2400,2400,2400,0,0,0,0,0,0,Yes
180000,Female,1,1,42,1,-1,-1,-2,-2,-2,0,1290,0,0,1200,0,1290,0,0,1200,0,0,No
240000,Male,2,2,33,-1,-1,-1,0,-1,-1,1863,15172,8930,7324,10506,10625,15172,8930,0,10526,10625,11982,Yes
180000,Male,2,1,30,0,0,0,0,0,0,135001,135199,134817,52629,51543,52781,6100,6000,1900,1680,1900,3888,No
130000,Male,2,2,33,0,0,0,0,0,0,114984,118641,119286,121377,123655,125917,5800,4400,4350,4500,4600,5000,No
50000,Female,1,2,24,0,0,0,-2,-2,-2,12806,13490,0,0,0,0,7522,0,0,0,0,0,Yes
500000,Male,1,2,34,-1,-1,-1,2,0,-1,154085,4373,65539,62450,36039,2300,4373,62450,0,500,2300,211192,No
200000,Male,2,1,29,0,0,0,0,0,2,168374,172158,175701,181235,192713,189449,8000,7900,10000,14400,0,6700,No
220000,Female,1,2,29,-2,-2,-2,-2,-2,-2,19030,14287,8183,21189,7838,321,14287,8194,22000,7838,321,21317,No
70000,Male,2,1,33,0,0,2,0,0,0,21670,24401,23716,24124,24684,25222,3400,0,1100,1100,1100,1103,No
440000,Male,1,1,31,-1,0,0,0,0,-1,21359,18905,16540,13247,7577,1652,5023,3024,1043,3037,1660,365,No
50000,Female,2,2,23,0,0,0,0,0,0,30941,30730,29908,28809,27905,13835,1751,1402,776,773,522,430,No
80000,Female,3,1,44,-1,-1,-1,-1,-1,-1,485,10735,2954,24243,7043,13531,10735,2957,24277,7046,13671,3206,No
170000,Female,2,1,27,0,0,0,0,0,0,164214,165825,167008,131544,125652,127224,8001,7077,5000,5000,5000,5000,No
160000,Male,1,2,41,-1,-1,-1,-1,-1,-1,396,396,396,0,688,396,396,396,0,688,500,0,Yes
280000,Male,1,2,29,-1,2,-1,-1,-1,0,7712,1171,1599,436,47613,31987,0,2013,436,47613,1472,2275,Yes
40000,Female,2,1,47,2,2,2,2,0,0,31121,30343,34021,33177,33870,34537,0,4514,0,1378,1382,1427,Yes
80000,Female,3,1,53,0,0,0,0,0,0,66002,68679,70906,71474,72936,63912,5000,5000,3000,3000,3000,3000,No
210000,Female,2,1,40,-1,-1,-1,-1,-1,-1,12555,560,5287,2000,900,406,560,5287,2000,900,406,900,No
60000,Female,2,1,29,2,2,2,2,2,2,56252,57760,58250,56352,57930,16563,3000,2100,0,2801,0,3619,Yes
20000,Female,2,1,40,0,0,0,0,0,0,14492,15304,16035,16517,16781,17142,1349,1080,562,500,456,218,Yes
230000,Female,2,2,36,1,-2,-2,-2,-1,-1,2404,681,4048,0,5092,7452,687,4053,0,5092,7464,2485,No
90000,Female,1,1,50,0,0,0,0,0,0,58979,64004,65298,65233,66717,67562,6000,3000,2300,2500,3000,2500,No
170000,Female,1,1,35,-1,-1,-1,-1,-1,-1,736,316,1970,1132,1132,1397,1289,1970,1132,1132,1397,1397,No
70000,Female,2,2,22,0,0,0,0,0,0,57889,33868,33390,26457,27165,27562,1592,1497,947,1134,1000,1021,No
50000,Male,2,2,29,0,0,2,2,2,0,24043,26806,26077,27898,27315,27709,3165,0,2257,0,1000,2000,No
140000,Female,1,1,48,-2,-2,-2,-2,-1,-1,5349,2210,5472,0,544,0,2216,5472,0,544,0,0,No
50000,Female,3,2,55,0,0,0,0,0,0,47860,47294,45136,29378,29750,30327,1936,3654,1038,1222,1217,946,No
170000,Female,2,1,49,2,2,0,0,0,0,164210,159883,126712,87369,76552,78277,0,6400,3600,3000,3000,3100,Yes
180000,Female,1,2,27,0,0,0,0,0,0,95757,98098,101255,101341,98419,85259,3880,5114,3238,3401,2980,3000,No
80000,Female,1,2,29,-1,-1,-1,-1,-1,-1,928,4844,3305,3287,630,2436,4844,3326,3287,630,2436,1882,No
450000,Female,1,2,37,-1,0,0,0,0,0,71985,85047,74354,57628,57381,14870,15000,1879,20000,20000,5000,50893,No
400000,Male,1,2,29,-1,-1,-1,-1,0,-1,6748,7777,20192,17337,5396,516,7777,20192,17337,0,516,53871,No
400000,Female,2,2,35,-1,2,-1,-1,-1,2,1908,952,333,4928,8235,3317,0,333,4928,8235,0,1708,No
60000,Male,3,2,25,0,0,0,0,0,0,57530,59869,59942,28934,27461,28504,3869,2742,1200,1461,1504,1683,No
110000,Male,1,2,25,0,0,0,0,0,0,51139,53797,56394,58341,60242,62234,3500,3500,3500,3000,3000,3000,No
140000,Male,1,2,37,0,-1,0,0,0,0,3351,64555,63796,55234,52959,50617,64555,2898,1890,2000,2000,1900,Yes
20000,Male,2,1,24,0,0,0,0,0,0,10085,11416,12520,12714,13059,13193,1500,1600,700,700,500,1000,Yes
50000,Male,1,2,30,0,0,0,2,2,2,60762,58791,59529,55405,55904,52160,2300,4400,0,4000,0,4000,Yes
30000,Female,3,2,53,0,0,0,0,2,0,21101,21831,23457,24972,24432,25126,1374,2000,1908,0,1100,1000,No
210000,Female,2,2,26,0,0,0,0,0,0,193345,160508,156422,146954,137937,134581,8000,6005,5200,5500,5000,5500,No
50000,Male,2,2,36,2,2,2,2,2,2,32899,34076,34522,33668,35323,36588,2000,1300,0,2200,2000,1500,Yes
120000,Female,3,1,50,0,0,0,0,0,0,119231,120651,73115,64398,42588,42863,3825,2276,1909,1510,1663,1445,No
200000,Female,1,2,29,-1,-1,-1,-1,-2,-1,8972,0,65,0,0,5162,0,65,0,0,5162,0,Yes
180000,Female,2,1,35,-1,-1,-1,-1,-2,-1,1866,590,360,0,0,414,590,360,0,0,414,0,No
440000,Female,2,1,47,1,-1,-1,-1,-1,-1,-6,1160,1807,-11,2220,165,1166,1891,0,2231,165,1573,Yes
150000,Female,2,2,22,0,0,0,-1,0,0,7600,8749,10652,32330,15681,6173,1300,3652,33866,410,200,776,No
130000,Male,1,1,70,1,-2,-2,-2,-2,-2,0,0,0,0,0,0,0,0,0,0,0,0,Yes
180000,Female,2,2,28,1,2,-1,-1,-1,0,7445,1706,1600,0,22357,21541,0,1600,0,22357,1500,785,Yes
80000,Female,2,2,24,0,0,0,0,0,0,77139,78690,57259,56939,59066,60008,3010,2100,2000,3000,2500,2100,No
170000,Female,1,2,29,-2,-2,-2,-1,0,0,0,0,0,10232,9677,0,0,0,10232,194,0,0,No
150000,Female,1,2,25,-1,0,-1,-1,-1,-2,18836,5312,740,10,0,0,2000,740,1410,0,0,0,No
240000,Male,2,2,35,0,0,0,0,0,0,179662,180787,181379,170318,128076,64634,7003,8000,8000,2500,2400,2600,No
140000,Male,2,2,24,0,0,0,2,2,2,125080,127751,136996,140813,142170,144587,4688,11421,7580,5000,4913,0,Yes
20000,Female,2,1,36,0,0,0,0,0,0,9845,5419,6098,6840,8560,13410,3000,2000,1000,2000,5000,0,No
240000,Female,1,1,38,-1,-1,-1,0,0,-1,8213,20000,44384,28734,13200,43791,20000,44384,750,2000,81800,1050,No
30000,Female,2,1,45,0,0,0,0,0,0,30226,31237,13511,13781,14070,14350,1676,1223,493,511,514,532,No
50000,Female,2,2,29,2,2,2,0,0,2,5804,6855,6599,6577,7120,6857,1300,0,236,650,0,810,Yes
20000,Female,2,1,37,0,0,2,0,0,0,17450,20358,19722,19616,19228,19878,3200,0,830,750,1000,282,Yes
20000,Female,2,1,50,7,6,5,4,3,2,22858,22246,21623,21000,20388,19915,0,0,0,0,0,994,Yes
310000,Female,2,1,48,-2,-2,-2,-2,-2,-2,0,0,0,0,0,0,0,0,0,0,0,0,No
200000,Male,2,2,39,0,0,-1,0,0,2,13124,11774,6328,4714,42184,39576,1058,6336,10,39585,39,1087,No
330000,Male,3,2,48,1,-1,-1,-1,-1,-1,0,571,0,11942,300,-200,571,0,11942,300,0,0,No
100000,Female,3,1,53,0,0,0,0,0,0,99768,100098,75296,73774,75603,77807,3919,3010,3000,6000,3500,3000,No
50000,Female,3,2,35,0,0,0,0,0,0,33507,32401,7087,7227,7378,7527,1108,1118,258,267,271,1147,No
120000,Male,2,2,30,0,0,0,0,0,0,77413,70630,61181,52187,49327,41096,5000,3000,2000,2000,1500,1500,No
160000,Male,1,1,42,0,0,0,0,0,3,69896,71971,73996,75065,82472,80984,3810,3831,2900,8800,0,0,No
170000,Male,1,1,62,0,0,0,0,-1,-1,12980,12724,11888,10802,1477,1302,1550,1000,216,1477,1302,1302,No
50000,Female,3,0,27,2,0,-1,-1,-2,-2,49929,49667,780,0,0,0,1750,780,0,0,0,0,No
30000,Female,2,2,23,-1,-1,-1,-2,-2,-2,390,780,0,0,0,0,780,0,0,0,0,0,No
150000,Male,1,2,29,0,0,0,0,0,0,146330,147720,148748,104123,132321,37683,4979,3592,2556,2300,1427,1000,No
320000,Female,2,2,33,-1,-1,-1,-1,-1,-1,16003,1933,8835,3728,764,5468,1939,8835,3751,764,5468,749,No
50000,Female,2,1,58,1,2,2,2,2,2,32113,31319,33688,32849,34950,35658,0,3200,0,2795,1431,0,No
20000,Male,2,2,25,4,5,4,3,2,0,20014,19432,18840,18248,17816,18021,0,0,0,0,636,1200,Yes
50000,Male,2,1,34,0,0,0,0,0,0,45398,37433,30609,30432,30254,30088,2008,2000,1500,1501,2105,2219,No
160000,Male,3,1,46,-1,-1,-1,-1,-1,-1,1672,766,762,762,762,762,766,762,762,762,762,762,No
20000,Female,2,2,34,0,0,0,0,0,0,19727,20330,20199,19609,19957,2361,2000,1200,0,348,0,420,No
130000,Male,2,1,27,0,0,-1,0,0,0,53119,48994,17285,12448,12855,11795,3106,22511,600,1005,1004,1006,Yes
150000,Female,2,2,24,1,-1,-1,-2,-2,-2,0,10437,4044,594,0,0,10437,4156,600,0,0,9240,No
20000,Female,2,2,23,0,0,0,0,0,0,16622,18913,15868,16188,14891,3044,3015,5086,5000,3202,5000,694,No
20000,Male,3,1,45,0,0,2,2,2,2,10574,13097,12595,13157,12803,13851,3010,0,1070,0,1260,0,Yes
70000,Female,3,1,56,0,0,-2,-2,-2,-1,16976,0,0,0,0,1000,5000,0,0,0,1000,1770,No
50000,Male,1,2,26,-1,0,0,0,0,0,18017,18561,19204,19588,20024,18694,1629,1272,656,706,954,700,No
320000,Female,2,2,30,-1,-1,-1,-1,0,0,3720,4206,15610,10556,11863,5619,4206,15610,10556,8000,5600,2604,No
50000,Male,3,2,34,-1,2,2,-2,-2,-2,780,780,0,0,0,0,0,0,0,0,0,0,No
200000,Female,3,2,33,-2,-2,-2,-2,-2,-2,0,0,0,0,1246,-3,0,0,0,1246,0,1266,No
250000,Female,2,1,29,-2,-2,-2,-2,-2,-2,0,256,258,258,258,258,256,258,258,258,258,258,No
70000,Female,1,2,25,0,0,0,0,0,0,66738,68601,65615,66429,67858,69723,3005,3000,2500,2500,3000,1400,Yes
400000,Male,1,2,32,0,0,0,0,0,2,21930,20489,20734,16476,17857,14656,5028,5030,2012,4014,37,2013,No
130000,Female,1,2,33,-1,0,0,0,-1,-1,2629,9995,7267,2518,16202,2505,9900,4300,2000,16202,2505,2348,No
110000,Female,1,1,40,0,0,2,0,0,0,52691,55000,52277,52055,52437,55560,5000,0,2000,3000,5000,2000,No
150000,Male,1,2,38,1,2,2,2,0,0,139005,135350,148041,143259,142519,142162,0,15000,0,5099,5472,5000,No
360000,Female,1,2,32,-1,-1,-1,-1,0,-1,42524,53303,3924,43900,88865,12104,53563,3924,43900,50000,12104,960,No
50000,Male,1,1,54,0,0,0,0,0,0,48768,49419,17303,17647,18016,18375,2173,1287,631,653,658,832,No
60000,Female,2,2,24,2,2,2,2,2,2,27583,26860,28601,29819,30192,31045,0,2500,2000,1000,1500,0,Yes
200000,Female,2,2,27,-2,-2,-2,-2,-2,-2,264,264,264,264,264,264,264,264,264,264,264,0,No
180000,Female,1,2,43,-2,-2,-2,-2,-2,-2,0,0,0,5436,100,9330,0,0,5436,100,9330,0,No
50000,Male,3,2,52,0,0,0,0,0,0,48946,98823,50031,20413,18336,18405,2047,3167,682,662,1000,1000,No
80000,Female,3,1,38,-1,-1,-1,0,0,-2,330,0,330,330,0,0,0,660,0,0,0,0,No
270000,Female,3,1,30,-1,-1,-2,-2,-1,-1,3842,3934,0,0,3353,764,3934,0,0,3353,764,35532,No
100000,Female,2,2,23,-1,-1,-1,-1,-1,-1,694,650,687,620,0,627,656,687,620,0,627,3620,Yes
170000,Female,2,2,38,0,0,0,0,0,0,151050,148362,142223,126060,123978,120689,6000,5012,5000,5000,5000,5000,No
230000,Female,2,2,38,0,0,0,0,0,0,104364,106549,108719,111039,113365,115625,3867,3941,4123,4267,4300,4084,No
200000,Female,1,1,34,-1,-1,-1,-1,-1,-1,7448,5471,4506,10067,9273,2931,5473,4506,10137,9521,2931,10381,No
130000,Male,1,2,36,0,0,0,0,-2,-2,127790,128272,6230,0,0,0,6000,1400,0,0,0,0,Yes
30000,Male,2,1,62,0,0,0,-2,-2,-2,11188,2990,0,0,0,0,1000,0,0,0,0,0,No
140000,Female,2,1,26,0,0,0,0,0,0,41547,40925,36775,35877,34812,33899,2000,1800,1300,1400,1400,1000,No
490000,Male,1,1,43,-1,-1,-1,-1,-1,-1,25916,14187,56573,81414,62063,14122,14187,56717,81414,62063,14122,25417,No
160000,Male,2,2,30,0,-1,-1,0,-1,-1,2720,1280,5850,150,1240,0,1280,5850,0,1240,0,0,No
180000,Male,2,1,42,0,0,0,0,0,0,27884,28958,29864,30632,31274,32144,1526,1432,1200,1072,1326,704,Yes
260000,Female,2,1,32,0,0,0,0,0,0,243742,237204,238314,219634,186841,189010,8017,8117,14044,5410,5855,5254,No
80000,Female,2,2,27,0,0,0,0,0,0,73684,68883,45257,45981,46032,46192,2896,1722,1619,1665,1700,1833,Yes
360000,Female,1,2,29,-1,-1,-1,0,0,0,357,3050,9118,19183,36842,10621,3050,9118,11000,30000,428,3166,Yes
20000,Female,1,2,25,-1,-1,-1,-1,-1,-2,2650,0,855,640,0,0,0,855,640,0,0,2742,No
20000,Male,1,2,28,0,0,0,-2,-2,-2,19849,20650,0,0,0,0,1650,0,0,0,0,0,No
80000,Female,3,1,28,0,0,0,0,0,0,75903,34137,32390,32651,32170,31493,2014,1705,2000,2000,3000,3000,No
500000,Male,1,2,32,0,-1,0,0,0,-1,18290,25287,24385,18168,4469,27796,25287,1037,363,89,27796,8000,No
160000,Male,1,1,55,0,0,0,0,0,0,152162,154715,155026,79051,81089,-311,6500,4270,2518,2994,0,0,No
20000,Female,1,2,22,0,0,0,0,0,0,12404,13694,14768,15518,16265,16706,1500,1300,1000,1000,711,1000,No
330000,Female,1,1,36,-1,-1,-1,-1,-1,-1,399,26,519,452,457,0,26,707,452,457,0,0,No
80000,Female,1,2,26,0,0,2,2,2,2,38174,40550,41577,41595,43264,43402,3000,2000,1000,2500,1000,2000,Yes
220000,Male,2,1,40,2,0,0,0,0,0,206473,208464,175407,175170,174726,175057,8027,6218,6220,6316,6504,6504,No
90000,Female,2,2,25,0,0,0,0,0,0,81694,78656,78054,78116,75483,72821,3609,5000,4000,3315,7539,5000,No
300000,Male,3,1,61,-1,-1,-2,-1,2,2,274750,0,0,411,261,8561,0,0,411,0,8300,0,Yes
30000,Female,2,1,45,0,0,0,0,0,0,30488,30900,30480,31124,29333,30177,1600,1500,1100,1053,1320,967,Yes
80000,Female,2,1,40,2,2,2,2,0,0,78610,80666,82713,80838,49575,48354,3900,4000,0,1920,1800,1800,Yes
60000,Male,1,2,27,0,0,0,-2,-2,-2,10908,13331,0,0,0,0,8331,0,0,0,0,3860,No
360000,Male,5,1,31,0,0,0,0,0,0,275178,280535,82455,83359,85171,87046,7500,3500,2500,2500,2600,3000,No
360000,Male,1,2,27,-1,2,-1,-1,-1,-1,1809,400,2420,2540,0,346,0,2420,2540,0,346,604,No
30000,Female,2,2,23,0,0,0,2,0,0,10805,10527,12443,11949,12107,12907,1184,2100,0,500,1000,0,No
190000,Male,3,1,50,0,0,0,2,0,0,106410,108770,115325,112063,114484,121179,5491,9800,0,4300,8700,4500,No
130000,Female,2,1,45,0,0,0,0,0,2,128671,129901,127658,127362,128726,129081,7000,4710,4500,9400,3600,5500,No
350000,Female,2,1,46,-1,-1,-1,-1,-1,-1,13000,13576,15059,13000,25300,626,13576,15059,13000,25300,626,0,No
50000,Female,3,1,52,0,0,0,0,0,0,41140,41599,32533,23156,23782,24386,1500,1500,1000,1000,1000,1000,No
130000,Female,2,3,38,-1,-1,-1,0,0,-1,780,0,11836,7216,8826,390,0,11836,2000,2000,390,390,No
50000,Male,1,2,29,-1,2,2,2,2,0,53746,51631,50880,51034,46154,42852,0,5160,1753,0,1508,5000,Yes
50000,Male,2,2,25,0,0,-1,0,0,-1,27206,0,14805,14699,14999,497,0,14805,294,300,498,1003,No
380000,Female,2,2,31,0,0,0,0,0,0,200932,190991,175028,162699,138158,135920,10000,10000,5849,4570,5447,120000,No
140000,Female,2,2,28,-2,-2,-2,-2,-2,-2,-176,-176,-176,-176,-176,-176,0,0,0,0,0,652,No
270000,Female,1,2,36,-1,-1,-1,-1,-1,-1,3458,3833,9791,10532,6559,500,3833,9791,10532,6559,500,961,No
30000,Female,2,1,33,0,0,0,0,0,0,30147,28789,29885,30188,21647,22087,1554,1650,950,800,800,500,No
240000,Male,1,2,35,1,-2,-2,-2,-2,-2,220,0,0,0,0,0,0,0,0,0,0,0,No
70000,Male,3,2,32,0,0,0,0,0,0,65460,65721,45492,45482,46371,47603,2352,2030,1800,2000,2000,2000,Yes
120000,Male,1,1,50,2,2,2,0,0,2,38565,39997,39211,39917,42268,43192,2200,0,1500,3000,1600,1500,Yes
160000,Female,2,2,42,2,2,0,0,0,0,152630,95758,97251,98010,99669,101664,0,4385,3639,3762,3800,3897,Yes
170000,Male,3,2,36,-1,-1,-1,0,0,-1,396,5596,6953,16157,28856,4941,5596,6953,10000,15000,4941,22114,Yes
380000,Female,1,2,31,0,0,0,0,0,0,331697,332339,322995,314161,327945,289814,15000,15000,20019,20000,9934,9330,No
160000,Female,2,1,26,1,2,0,0,0,0,75628,72717,74651,70403,71890,73893,0,3211,2505,2612,3500,5000,No
30000,Male,2,2,39,2,3,2,2,2,3,27000,26286,26556,26818,29425,28662,0,1000,1000,3200,0,0,No
260000,Female,1,1,40,-2,-2,-2,-2,-2,-2,2095,781,3985,942,-18,3739,785,4004,946,0,3757,6119,No
70000,Male,2,2,41,2,2,2,3,3,2,34751,37683,40265,42306,41352,44342,3500,3500,3000,0,4000,2000,Yes
240000,Male,2,1,39,-1,-1,-1,-1,-1,-1,5357,4397,11204,3403,2223,1761,4437,11237,4293,2229,1766,591,No
170000,Female,2,1,43,0,-1,-1,-1,-1,-1,20699,11614,11487,14716,8172,8244,11614,11487,14743,8172,8244,13733,No
90000,Male,3,2,32,0,0,0,-1,-1,-2,87182,82741,68883,265,-613,-613,3045,1497,265,0,0,31000,No
250000,Male,2,2,25,2,0,0,0,0,0,28681,30615,33726,36823,34829,23994,3000,4000,4000,5000,4000,2000,No
270000,Female,2,2,25,0,0,0,0,0,0,23579,24613,25617,25434,25966,26486,1419,1423,910,942,951,1000,No
130000,Female,2,2,24,-2,-2,-2,-2,-2,-2,986,-14,4388,0,0,1109,0,4402,0,0,1109,4200,Yes
360000,Male,1,1,43,-1,2,-1,-1,-1,-1,20310,6588,11627,35765,9681,3002,34,12085,41879,10053,4016,505,No
490000,Male,1,1,35,0,0,0,0,0,0,23396,19454,17195,15691,14466,13908,1207,1107,507,1507,1500,3615,No
110000,Female,2,1,31,0,0,0,0,0,0,79126,76304,77783,79323,80563,78669,2782,2761,2770,2900,3000,2568,No
100000,Male,2,2,27,-2,-2,-2,-2,-2,-2,33628,35760,0,33333,0,0,36066,156,33333,0,0,0,No
200000,Male,3,1,28,-1,-1,-1,-1,-1,-2,1793,5189,8627,1530,-200,-200,5191,9003,1530,0,0,980,No
50000,Female,2,2,24,0,0,0,0,0,0,51261,51493,50136,20287,20281,20027,2600,2000,730,800,900,750,No
220000,Male,2,2,30,-1,0,0,-2,-2,-2,2501,2071,0,0,0,0,1000,0,0,0,0,0,No
360000,Male,3,2,41,2,-1,0,0,0,0,218,7022,9744,89215,98256,99145,7022,3001,80000,10500,5000,10000,No
20000,Female,2,1,51,-1,-1,-2,-2,-2,-2,10400,0,0,0,0,0,0,0,2000,0,0,0,No
70000,Female,2,1,44,0,0,0,0,0,0,79867,79593,29340,28026,28605,28705,2163,2000,2000,1000,5000,322,No
180000,Female,2,2,29,0,0,0,0,0,0,122024,123228,120339,122743,124893,126390,4500,4300,4200,4487,4087,3700,No
50000,Male,2,2,32,0,0,0,0,2,2,48934,25276,18588,19994,20258,19783,1602,1320,1718,729,0,397,No
140000,Female,1,2,28,0,-1,0,0,0,0,5845,10322,12830,13317,14936,18504,10322,5000,1000,2000,4000,4000,No
220000,Male,2,1,47,-2,-2,-2,-2,-2,-2,7625,8325,1497,0,0,7625,8334,1497,0,0,7625,2226,No
150000,Female,2,2,50,-1,-1,-1,-1,-1,-2,7890,8958,780,7500,0,0,8958,780,7500,0,0,0,No
30000,Male,2,2,33,0,-1,0,0,0,0,29574,26663,27731,56359,28847,13030,28000,2336,2000,2546,1000,0,No
300000,Female,2,1,32,0,0,0,0,-2,-2,170379,142384,72350,0,0,0,6600,3750,0,0,0,0,No
420000,Male,1,1,36,-1,2,-1,-1,-1,-1,860,430,2010,6058,160,580,0,2010,6058,160,1000,430,No
80000,Female,2,2,30,0,0,0,2,0,0,35738,37108,41012,40052,41110,42071,1946,4850,0,1700,1800,1800,No
100000,Female,3,2,46,1,-1,2,2,-1,0,0,203,203,0,7856,16544,203,0,0,7856,10000,865,No
230000,Female,1,2,38,0,0,0,0,0,0,25195,28652,32838,35511,26828,19887,10000,15000,6120,10000,6000,4000,No
200000,Female,2,1,28,-1,-1,-1,0,-1,-1,2816,316,632,316,316,316,316,632,0,316,316,316,No
200000,Male,1,2,29,-1,-1,-1,0,0,-1,389,389,1167,778,389,389,390,1168,1,1,390,778,No
230000,Male,3,1,30,0,0,0,0,0,0,105105,51584,44005,35161,24985,25176,2068,1894,1466,1018,1136,503,No
200000,Male,2,2,27,-1,0,0,-2,-2,-2,131791,17666,0,0,0,0,2000,0,0,0,0,0,No
50000,Male,3,1,65,1,2,2,2,2,2,11763,11283,13288,12780,13522,13155,0,2200,0,1100,0,1200,Yes
220000,Male,1,1,36,-1,-1,-1,-1,0,-1,16783,4861,2267,1350,925,11597,4880,2267,1350,0,11597,178577,No
90000,Male,3,2,27,2,2,2,2,0,0,90221,91898,91334,59253,58519,58443,4000,2090,0,2078,2900,2000,Yes
500000,Male,2,2,35,0,0,0,0,0,0,207237,224007,275615,220088,216482,136086,20001,30168,6022,6375,5005,5000,No
130000,Female,1,2,29,-1,-1,-2,-2,-2,-2,2139,0,0,0,0,0,0,0,0,0,0,0,No
210000,Male,2,1,37,0,0,0,0,0,0,85327,85263,48645,50826,52346,53819,2500,3000,3000,2500,2500,2000,No
200000,Female,1,2,30,-1,-1,0,0,0,0,1674,7398,6867,7477,7232,6442,7398,1000,1000,145,276,780,No
20000,Male,1,2,24,2,2,2,2,2,2,1891,5680,5441,6346,6099,7235,4000,0,1000,0,1237,1000,Yes
410000,Female,1,1,38,2,2,2,0,0,0,180922,184241,176857,175193,165929,114527,7670,2,5561,5432,4546,5191,Yes
290000,Female,1,1,35,1,-2,-2,-2,-2,-2,0,0,0,0,0,0,0,0,0,0,0,0,No
270000,Female,2,2,26,0,0,0,0,0,0,84188,82668,74901,72785,71836,55234,5000,3200,3000,5000,5234,3000,No
90000,Female,1,2,27,0,0,0,0,0,0,14421,18846,22509,24129,24815,27725,5000,4000,2000,1075,3500,3000,Yes
360000,Female,1,2,28,-1,-1,-1,-1,-1,-1,26349,1245,2043,265,265,5862,4045,2043,265,265,5862,1907,No
240000,Male,1,1,30,0,0,0,0,0,0,240770,243509,228735,198585,202762,202932,9000,8009,7100,7324,7200,7074,No
180000,Female,2,2,23,0,0,0,0,0,0,180636,157396,160925,132312,80984,42562,20000,20000,10130,3000,4000,84000,No
50000,Female,2,1,24,-2,-2,-2,-2,-2,-2,900,0,0,0,0,0,0,0,0,0,0,0,No
50000,Female,2,2,47,0,0,0,0,0,0,50883,51117,51125,50497,50544,50555,2200,5300,2000,2000,2000,2000,Yes
100000,Male,2,2,30,0,0,0,0,0,0,83312,58651,37913,38582,39408,40593,2900,2000,1600,1600,2000,1700,No
50000,Male,2,2,39,0,0,0,0,0,0,47378,48333,48638,49207,49599,50594,2105,1800,1735,1938,1960,2000,No
550000,Female,5,2,52,-2,-2,-2,-2,-2,-2,277376,266532,256321,19753,464,8199,6001,6016,19753,464,8199,0,No
260000,Female,2,1,39,2,0,0,2,2,2,136007,139215,146127,143637,154531,147016,5400,9500,0,12766,0,0,Yes
500000,Female,1,1,34,-2,-2,-1,2,2,-2,0,0,3500,3500,0,0,0,3500,0,0,0,0,Yes
130000,Male,1,2,27,-1,-1,-2,-2,-2,-2,1960,0,0,0,0,0,0,0,0,0,0,0,No
30000,Male,2,2,39,0,0,0,0,0,0,28708,28285,26702,20115,18426,18013,1514,1278,671,870,879,0,No
160000,Female,1,2,40,1,-2,-2,-2,-2,-2,0,0,0,0,0,0,0,0,0,0,0,0,No
420000,Female,2,1,40,-2,-2,-2,-2,-2,-1,3976,2892,2890,3391,2409,4270,2916,7898,3401,2416,4281,3785,Yes
50000,Female,3,1,22,2,2,2,2,2,2,40189,43434,44316,45189,46214,48904,3900,1900,1900,1900,3600,0,No
30000,Female,1,2,36,1,2,0,0,0,0,25747,25048,26060,26578,27133,27783,0,1433,951,983,1099,750,Yes
50000,Female,2,2,32,0,0,2,0,0,0,40253,40757,33922,30097,29013,28167,5806,6,1000,1000,1200,1100,No
160000,Female,1,1,39,1,-1,2,2,-2,-2,-5,776,186,0,0,0,781,0,0,0,0,0,Yes
120000,Female,2,2,26,3,3,2,2,3,2,12034,12548,12056,13958,13468,6144,1000,0,2400,100,0,57258,No
50000,Female,1,2,28,0,0,0,0,0,0,46471,43507,44016,43396,41470,48676,1807,2016,1796,1570,10000,1778,No
130000,Male,2,2,42,0,0,0,-2,-2,-2,130888,133400,0,0,0,0,6000,0,0,0,0,0,No
150000,Male,1,2,42,2,0,0,0,0,0,143896,147475,75423,70034,44311,20056,6482,3440,2046,4311,5056,1169,Yes
450000,Male,1,1,48,-1,2,-1,-1,-1,-1,5514,1509,949,575,3489,0,0,949,575,4929,0,0,Yes
150000,Male,1,1,29,-1,-1,-1,0,0,-2,46745,20853,90787,11232,0,0,20995,91269,56,0,0,0,No
90000,Female,2,2,53,0,0,0,-2,-2,-1,30045,30000,0,0,0,439,1000,0,0,0,439,20959,No
130000,Male,1,2,28,0,0,0,0,0,-2,92174,93991,54735,31682,0,0,4086,2635,1700,0,0,0,No
130000,Male,2,2,30,0,0,0,0,0,2,131801,129141,132221,131743,131986,131430,4800,5250,5050,5700,5100,5012,No
390000,Female,2,1,41,-2,-1,0,0,0,0,3983,25146,197534,179690,170173,164339,25146,185059,9137,6513,5058,6000,No
200000,Male,2,2,29,2,2,4,4,4,4,2500,2500,2500,2500,2500,2500,0,0,0,0,0,0,Yes
300000,Female,2,1,50,0,0,0,0,0,0,23436,22055,18497,8426,11291,14449,1350,2008,301,3000,5000,5000,No
140000,Female,2,1,42,0,0,0,0,0,0,19080,18807,18624,19652,23477,22330,4344,4548,3760,5854,3039,3866,No
200000,Female,1,2,35,-1,-1,-1,-1,-1,-1,909,2708,3514,2297,928,0,2711,3514,2297,928,0,2308,No
30000,Male,2,2,30,0,0,0,0,0,0,27020,27985,28782,24082,17060,0,1703,1500,1000,1000,0,0,No
30000,Male,3,2,24,2,2,2,0,0,-2,28470,31407,30200,30000,0,0,3407,0,0,0,0,0,No
160000,Female,1,2,37,0,0,0,0,0,0,153002,157427,158160,156314,145663,113486,7812,6700,5000,5049,3825,3570,No
210000,Female,2,2,37,0,0,0,0,0,0,31090,58054,44624,43339,44245,45125,28008,15000,1552,1605,1615,1698,No
310000,Female,2,2,51,-2,-2,-2,-2,-2,-2,107,0,0,235,0,0,0,0,235,0,0,584,No
400000,Female,2,1,33,0,0,-2,-2,-2,-2,9940,0,11451,101,551,19982,0,11451,104,600,20015,0,No
50000,Female,3,1,35,2,2,2,2,0,0,49873,50796,49727,21826,10208,10100,2200,568,0,516,400,300,Yes
80000,Male,2,1,33,0,0,-1,-1,-1,0,28496,16984,1155,-144,57245,49947,1000,1155,0,59000,2061,1390,No
340000,Female,1,2,33,-1,-1,-1,-1,-1,-1,592,7102,7796,1653,6185,415,7102,7796,1653,6185,415,2247,No
140000,Male,1,2,27,-2,-1,0,0,0,0,25001,138430,135573,98172,93677,95276,141472,8000,5075,4000,4000,5000,No
380000,Male,1,1,39,2,0,0,0,0,0,127449,130506,132838,136616,140240,143914,6600,6000,6000,6000,6000,6005,Yes
50000,Female,2,1,34,1,2,2,0,0,2,51046,52337,51170,51526,50524,48510,2400,0,3000,6000,0,2000,Yes
10000,Male,2,2,35,0,0,0,0,0,0,7026,8106,9363,9559,9855,10042,1200,1400,500,600,500,200,No
30000,Female,2,2,28,-1,-1,-2,-1,-1,-1,5688,-378,-378,920,5448,0,0,0,1298,5448,0,10000,No
360000,Female,1,1,50,-2,-2,-2,-2,-2,-2,0,0,0,0,0,0,0,0,0,0,0,0,Yes
150000,Female,2,1,47,-1,-1,-1,-1,-1,2,316,316,316,0,782,316,316,316,0,1098,0,0,No
50000,Male,1,2,23,0,0,2,2,0,0,15336,18681,19463,16894,17667,19211,3600,1400,0,1200,2000,1000,No
250000,Female,1,2,35,-2,-2,-2,-2,-2,-2,661,661,268,0,0,0,0,268,0,0,0,0,No
20000,Male,1,2,24,0,0,0,0,0,0,13359,14438,15461,16200,16936,17273,1300,1270,1000,1000,619,800,Yes
30000,Female,1,1,30,0,0,2,2,0,0,15199,17728,19129,18527,18758,19285,3100,2000,0,679,837,721,Yes
260000,Male,1,2,27,0,0,0,0,0,0,158711,129796,101721,76699,56738,39134,30000,4132,3410,2600,1800,1200,No
250000,Female,1,2,30,0,0,0,0,-1,-1,21550,23932,37329,26339,4836,9655,3500,15054,7885,4836,9655,5000,No
260000,Female,2,1,41,-1,-1,-1,-1,-1,-1,2699,3543,500,3540,2957,917,3543,505,3540,2957,917,0,No
150000,Female,2,1,35,0,0,0,0,0,0,128278,131715,133625,49019,44801,39742,7000,6000,1800,1600,2000,1700,No
160000,Female,2,2,33,-1,-1,-1,0,0,0,11859,0,11354,13012,17388,24140,0,11354,2000,6000,13000,11000,No
80000,Male,2,2,30,0,0,0,-2,-2,-2,79813,82150,0,0,0,0,3750,0,0,0,0,0,No
500000,Female,1,2,38,1,-2,-2,-2,-2,-2,27794,29712,65437,30368,6265,44196,30199,70403,30455,36,45225,35217,No
110000,Female,2,2,29,1,2,2,2,2,2,21068,16412,16809,8682,8861,8623,1102,1000,0,602,0,1000,No
100000,Male,1,2,28,0,0,0,0,0,0,97032,99895,26333,28110,2226,0,5341,7009,1777,2000,0,0,No
360000,Female,1,1,35,0,0,0,0,0,0,101953,125238,205209,125982,128161,136447,25238,4385,11939,5681,10447,8010,No
330000,Male,2,1,65,-2,-1,-1,-2,-2,-2,0,2500,0,0,0,0,2500,0,0,0,0,0,No
70000,Female,3,1,32,0,0,0,2,0,0,10856,10822,13627,10852,12676,14463,2000,3000,0,2000,3000,4000,No
140000,Male,1,2,29,-1,-1,2,0,0,-1,1712,2304,978,652,326,1052,2314,0,0,0,1052,652,Yes
200000,Male,1,2,31,0,0,0,0,0,0,151819,154914,157776,160520,163878,167872,6000,5769,5411,5603,6367,4500,No
50000,Male,2,1,49,2,0,0,0,0,0,47585,47582,21391,21867,19774,20486,2500,1300,2000,700,1000,2600,Yes
290000,Male,1,1,56,0,0,0,0,0,0,222000,226917,415700,232732,220460,224780,10013,8501,15018,10001,7997,7624,No
30000,Male,2,1,57,0,0,0,0,0,-1,29204,20564,16341,7593,7828,1366,1400,1000,1000,235,1366,0,No
180000,Female,1,2,31,0,0,0,0,0,0,21760,22794,23801,24117,24468,25106,1689,1693,1009,888,1045,1077,No
30000,Male,2,1,38,1,2,2,0,-1,-1,16063,17512,16800,16600,11959,12957,2000,0,0,11959,1200,0,No
180000,Female,1,1,47,0,0,0,0,0,0,174648,104179,84940,65613,67256,71934,5000,13000,3000,2700,6000,5000,No
240000,Male,1,1,39,-1,-1,-1,-1,-1,-1,2688,2688,2688,2688,2688,2688,2688,2688,2688,2688,2688,2688,No
230000,Male,1,1,32,1,-2,-2,-2,-2,-1,0,0,0,0,0,150,0,0,0,0,150,990,Yes
360000,Male,2,2,33,1,-1,-1,-2,-2,-2,197746,151600,741,-659,-659,-659,156108,741,659,0,0,0,No
50000,Male,2,2,23,2,2,0,0,0,0,52156,51041,50205,20218,20263,19864,0,1310,705,750,730,700,Yes
200000,Male,1,2,31,-1,-1,-1,0,0,-1,3702,25548,10594,7969,2865,5625,25678,10623,25,16,6000,19,Yes
230000,Male,3,1,45,0,0,0,0,0,0,203135,208225,178559,172772,175057,177113,10000,6528,6000,6500,7000,10000,No
70000,Female,2,1,32,3,3,4,4,5,6,31507,33699,35839,37954,39787,41601,3000,3000,3000,3000,3000,0,Yes
500000,Male,1,1,46,-1,-1,-1,-2,-2,-1,10678,6914,813,17280,26162,2518,6944,813,17280,26162,2534,2553,No
140000,Male,2,1,28,0,0,0,0,0,0,110384,106389,97978,98857,101264,103524,3729,3539,3538,4000,4097,3631,Yes
140000,Female,2,2,23,-1,-1,-1,0,0,0,396,396,21570,24986,25256,25091,396,21570,4500,1050,1183,6000,No
50000,Female,3,2,58,1,-1,2,0,0,0,0,9587,8845,8867,9074,9254,10587,331,317,350,331,500,No
20000,Male,3,1,41,0,0,0,2,0,0,13225,13655,14461,13221,12591,12631,1700,2100,0,458,1000,1000,Yes
160000,Female,2,1,51,0,0,0,2,0,0,67610,69908,78087,75255,78593,59816,4000,10000,0,5000,3000,3000,Yes
130000,Female,2,2,25,-2,-2,-2,-2,-2,-1,668,1017,1298,550,-286,55138,1200,1300,964,1698,60549,5000,Yes
190000,Male,1,2,36,1,2,2,2,2,2,153364,149482,160000,155932,166414,169625,0,13000,0,13000,6100,0,Yes
180000,Female,2,2,25,-1,-1,-1,-1,-1,-1,2984,154,2111,1027,596,589,154,2115,1027,596,589,1115,No
80000,Male,2,2,43,0,0,0,0,0,0,78144,78940,80238,50642,50533,50758,3318,3463,1600,1770,50000,1753,No
240000,Male,1,2,40,-1,-1,-1,-1,-1,-1,1643,7060,650,4770,2515,37405,8000,5000,5000,0,40000,22669,No
50000,Male,2,2,35,0,0,0,0,0,0,48064,49399,49943,18568,18740,19036,2500,2000,1000,1000,1000,1000,No
160000,Female,2,2,50,-1,2,-1,0,-1,2,3139,1473,1863,390,930,390,0,1863,0,930,0,0,No
310000,Female,2,1,37,-2,-2,-2,-1,0,0,100648,-2000,3500,159028,162372,165588,716,6000,159028,5899,5921,6130,No
60000,Male,1,2,27,0,0,0,0,2,2,39068,40107,41137,43644,44498,45417,1970,2000,3500,1700,1800,0,No
50000,Female,2,2,24,0,0,2,2,0,0,46393,50022,50895,48598,47668,45400,4700,2000,0,2200,2000,2000,No
130000,Female,2,1,44,2,2,2,2,2,2,99801,102403,103828,104139,106519,109109,5100,4000,3500,4200,4500,3500,No
20000,Female,1,2,22,0,0,2,0,0,0,10003,13329,11613,10750,10606,7263,4211,0,237,242,163,22,No
240000,Male,1,1,42,0,0,0,0,0,0,72339,91045,91027,51508,51127,0,20000,2213,1030,1023,6790,10893,No
50000,Male,3,1,45,0,0,0,0,0,0,29875,15028,5639,6389,7130,7857,1700,1250,1000,1000,1000,1000,No
50000,Male,3,1,51,0,0,0,0,0,0,43045,42965,43132,43995,43230,43334,1738,1653,1516,1530,2139,1572,No
270000,Male,1,1,51,-1,-1,-1,-1,-2,-2,19984,2099,12985,0,0,0,2099,13056,0,0,0,0,Yes
20000,Female,2,2,28,0,0,0,0,0,0,10818,11938,12949,13332,13618,14619,1300,1217,600,500,1230,0,No
300000,Female,2,1,33,-2,-2,-2,-2,-2,-2,11613,12893,10841,11900,0,0,1513,1000,1059,0,0,51167,No
390000,Male,1,1,34,0,0,0,-1,0,0,91701,68587,101211,96725,125810,182122,60081,84908,121081,80000,85000,8000,No
110000,Female,1,1,37,0,0,2,0,0,0,14519,16982,16002,15262,15626,14465,3536,3,521,1000,520,325,No
90000,Male,2,1,58,0,0,0,0,0,0,85818,88988,50780,50929,48735,49746,5100,2200,2200,1944,2200,2000,No
300000,Female,2,1,30,-2,-2,-2,-2,-2,-2,0,0,0,0,0,0,0,0,0,0,0,0,No
450000,Male,3,1,42,2,0,0,0,0,0,152652,128708,100429,77069,63851,36877,7032,3003,10000,11000,3000,58000,Yes
20000,Male,2,2,30,0,0,0,2,2,2,16728,17759,19752,19155,20385,19218,1307,2300,0,1525,0,1000,Yes
500000,Female,1,2,33,1,-1,-1,-1,-1,-1,0,212,298,306,150,316,212,298,306,150,316,0,No
50000,Male,2,2,51,0,0,0,2,2,0,15096,16541,18356,18181,18285,10220,2000,2400,420,600,600,500,Yes
140000,Female,2,2,26,-1,0,0,0,0,0,9589,78122,79327,117859,120556,122894,70000,3100,40000,4600,4500,4800,No
10000,Male,2,1,43,3,2,2,4,3,2,8261,9470,11163,10852,10396,10085,1500,2000,0,0,0,350,Yes
120000,Female,2,2,37,-2,-2,-2,-2,-2,-1,874,0,0,0,305,20502,0,0,0,305,21742,0,No
30000,Male,2,2,30,4,3,2,2,2,0,30562,29809,28920,29887,29525,25006,0,0,1900,15,1030,30802,No
30000,Female,2,1,22,1,2,2,2,2,0,28037,29055,28303,29462,28859,29122,1745,0,3554,0,1190,1030,No
20000,Male,1,2,33,1,2,2,2,2,2,17971,17399,19057,18453,19755,19288,0,2260,0,1600,0,644,No
10000,Male,3,2,36,-1,-1,-1,-1,2,2,6517,344,0,10040,9735,10362,344,900,10040,0,790,0,No
110000,Female,2,1,35,0,0,0,0,0,0,114023,102850,66639,57595,58814,60086,4097,3360,2100,2100,2200,3000,Yes
280000,Female,1,1,29,-1,-1,-1,-1,-1,-1,2597,3807,1160,985,0,65862,3807,1160,985,0,65862,66240,No
500000,Male,1,1,42,0,0,0,0,0,0,580928,597793,597415,569034,551702,568638,25624,21898,20851,19599,26000,20000,No
230000,Male,2,1,30,-1,-1,-2,-1,-1,-1,5200,0,0,8780,11990,0,0,0,8780,11990,0,0,No
30000,Male,2,2,26,0,0,0,0,0,0,26301,27376,28359,24844,25364,25935,1500,1450,889,920,992,1000,No
330000,Female,2,1,28,0,0,0,0,2,2,225079,229947,233122,246414,253338,249107,10000,8507,17215,11000,0,12000,No
360000,Male,2,1,30,-1,-1,-1,0,0,0,6323,6934,17170,11152,6000,0,7001,17173,1000,1000,0,200000,No
40000,Male,1,2,26,0,0,0,0,2,2,6586,7618,8484,10333,10023,11258,1300,1150,2000,0,1400,0,No
110000,Female,1,2,29,2,0,0,0,0,0,106321,107630,106354,79154,69988,69018,4334,4250,2946,2506,2458,2524,Yes
40000,Female,3,1,39,-2,-2,-2,-2,-2,-2,7955,5392,5151,3434,1143,0,5392,5151,3434,1143,0,0,No
70000,Female,2,1,30,1,2,0,0,0,0,42490,35668,32397,24306,24316,20216,17,5043,2500,2009,2015,2010,No
100000,Male,3,2,26,2,0,0,0,0,0,107643,109895,93420,73119,73642,71579,4048,3105,2700,2510,2703,2700,Yes
210000,Female,2,1,50,1,-2,-2,-2,-2,-2,0,0,0,0,0,0,0,0,0,0,0,0,No
360000,Male,2,1,38,-1,-1,-1,-1,2,-1,696,546,-150,1692,846,846,546,0,2538,0,846,696,No
260000,Male,2,2,27,0,0,0,0,0,0,150943,149285,151779,135141,124475,107735,5501,5061,5000,5000,3900,3246,No
200000,Female,1,2,34,-2,-2,-2,-2,-2,-2,500,810,500,0,0,300,810,500,0,0,300,0,No
160000,Male,1,1,43,-1,-1,-1,0,0,0,162,414,6437,16520,14374,10969,414,6437,10428,463,426,219,Yes
420000,Female,2,1,29,0,0,0,0,0,0,56255,121215,132536,131704,331059,328958,71536,12536,11704,212059,12958,12819,No
140000,Female,1,2,28,1,2,0,0,0,0,86761,84546,87251,88227,90170,92044,0,5000,3300,3500,3500,3550,Yes
180000,Male,1,2,38,0,0,0,0,0,0,141510,144439,146529,151106,153900,0,6700,6000,7000,6900,0,0,Yes
150000,Female,3,1,39,2,2,0,0,0,0,153994,147038,122498,75782,71306,69737,0,5000,3000,3000,3000,5000,No
30000,Female,2,1,35,0,0,0,0,0,2,22206,23846,24554,25213,27638,27042,2000,1409,1068,3000,0,3450,No
500000,Male,1,2,34,0,0,0,0,0,0,8007,10556,14332,20393,22633,24318,3000,4000,6500,5000,2000,4000,No
240000,Male,2,1,45,0,0,0,0,0,0,237868,242260,101542,30284,168674,171825,8932,4707,1862,140061,5262,5300,No
30000,Male,1,2,22,0,-1,0,0,0,2,2949,19689,17681,17113,13368,11739,19689,2092,1500,1500,0,161,No
80000,Male,2,2,28,0,0,0,0,2,0,47916,49964,49965,50142,46888,47592,3122,2123,4300,0,2800,3000,No
80000,Male,2,2,34,-2,-2,-2,-2,-2,-2,0,0,0,0,0,0,0,0,0,0,0,0,No
310000,Male,1,1,39,1,-1,0,0,0,0,166517,18901,19781,22432,24058,25646,150000,1500,3000,2000,2000,3000,No
180000,Female,1,2,33,0,0,0,0,0,0,94001,99558,106353,113047,115572,117660,8000,10000,10000,4500,4500,5300,No
60000,Female,2,2,23,0,0,0,0,0,0,63709,64261,50243,15092,12037,10000,2351,1237,422,528,2000,5000,Yes
170000,Female,2,2,33,-1,-1,-2,-1,-1,-1,298,0,0,467,203,0,0,0,467,203,0,1116,No
180000,Female,2,1,31,0,0,0,0,0,0,173517,160996,132054,115551,109539,108837,10122,35206,40600,5000,10000,10000,No
180000,Male,2,1,28,0,0,0,0,0,0,180827,175914,176778,172440,168914,171645,6600,7738,6200,6418,13000,0,Yes
350000,Male,2,1,42,-1,-1,-1,0,0,-1,1037,1360,8686,3061,396,391,1365,8722,72,0,391,1406,No
360000,Male,2,1,36,0,0,-1,-1,-1,-1,20328,12664,1901,2355,4206,5889,1204,1901,2355,4206,5889,0,No
140000,Male,2,1,46,0,0,0,0,0,-1,133899,137171,139414,97268,99960,86728,5425,4979,3715,4498,86728,2412,Yes
310000,Female,3,2,30,-1,0,0,0,0,0,118109,131107,97009,51757,50009,45262,18008,20000,12000,5000,3000,1900,No
30000,Male,3,2,25,0,0,0,0,0,2,22821,23846,24864,25360,26999,26414,1397,1415,911,2051,0,1500,No
200000,Male,1,2,32,-1,-1,-1,-1,-1,2,5494,19614,628,628,1604,668,19614,628,628,1604,0,168,Yes
120000,Female,1,2,37,2,2,2,2,2,2,744,744,744,1188,594,1038,444,444,888,0,888,0,Yes
260000,Male,1,1,45,0,0,0,0,0,0,21480,25791,31654,35784,40726,45923,5000,6781,5000,6452,6696,6892,No
60000,Female,1,2,32,0,0,0,0,0,0,31142,31473,31684,31837,32246,32122,1842,2000,2000,2000,1500,3000,No
50000,Male,2,2,24,0,0,0,0,0,0,10834,11771,12762,12769,13512,14772,1509,1500,605,1500,1500,3000,No
80000,Male,1,2,28,0,0,0,2,0,0,47933,39695,42372,41393,42275,43418,2100,3650,0,1700,2000,3000,No
60000,Male,1,1,46,1,2,0,0,0,0,62063,60513,60398,31194,30343,30427,0,1744,1100,1074,1200,1000,No
200000,Female,3,1,27,1,2,2,2,3,4,104307,101788,110000,115000,120000,127640,0,10000,5000,5000,7661,6608,No
140000,Female,1,2,28,1,-2,-2,-2,-2,-2,0,0,0,0,0,0,0,0,0,0,0,0,No
30000,Male,2,2,25,0,0,0,0,0,0,26328,27470,28541,28509,29265,0,1868,1939,907,1100,0,0,Yes
110000,Female,2,1,34,0,0,2,2,2,2,43780,48076,48989,47900,52123,51131,5000,2000,0,5000,0,5000,No
90000,Female,3,1,39,-1,-1,-1,-1,-1,-1,7328,3697,4487,3169,3847,5403,3784,4511,3174,3852,5417,4720,No
40000,Female,1,2,27,1,-1,-1,-2,-1,-1,0,450,0,0,247,0,450,0,0,247,0,0,No
110000,Female,1,1,29,-1,-1,-1,-1,0,-1,3261,1380,1380,2760,1380,1700,1380,1380,2760,0,1700,0,No
640000,Female,1,2,30,0,0,0,0,0,0,116714,77893,60259,40539,26432,5018,4000,4000,2003,7202,5314,3535,No
20000,Male,3,2,51,0,0,0,0,-1,-1,9953,13989,14953,14710,900,0,5000,1275,2704,3200,0,0,No
50000,Female,2,1,36,0,0,0,0,0,0,44625,46078,46689,8261,8434,8738,2174,1785,296,306,444,10686,No
30000,Male,2,1,25,-1,-1,-2,-1,2,2,30527,29910,0,25919,26383,25691,1389,0,25919,1000,0,19283,No
140000,Female,2,2,32,0,0,0,0,0,0,136497,135505,137629,120147,122247,122574,5000,5000,4300,5000,5158,4200,No
70000,Male,2,2,36,1,-1,-1,0,0,0,0,690,25566,26227,26375,26510,690,25566,1066,1091,1100,1312,No
80000,Female,2,1,42,0,0,0,0,0,0,23931,23366,22275,21631,22961,19269,1500,2000,1000,3000,1000,1000,Yes
180000,Male,3,2,40,0,0,0,0,0,-1,66218,15155,11052,8541,37951,57757,1811,5008,5000,30000,62010,50077,No
50000,Female,2,2,28,0,0,0,0,0,0,48370,39618,27417,25542,26160,26686,1468,1400,900,1000,1000,600,No
170000,Male,1,1,35,-1,-1,-2,-2,-2,-1,473,-103,-103,-103,-103,2297,0,0,0,0,2400,0,Yes
50000,Female,3,2,23,2,2,2,2,2,2,42304,45327,46294,47147,46272,49050,3695,2000,1900,0,3700,0,Yes
140000,Male,1,2,28,0,0,0,0,0,0,135648,138049,99274,100878,102984,106628,5247,3213,2857,2963,4566,1969,Yes
100000,Male,1,2,29,2,2,2,2,2,2,74396,75317,77084,78308,79901,81630,2700,3600,3100,3000,3200,3000,Yes
10000,Male,2,1,36,0,0,0,0,0,0,8593,9582,8986,9691,9889,10131,1300,1200,1000,1000,569,200,No
50000,Female,2,2,22,1,-2,-2,-2,-2,-2,0,0,0,0,0,0,0,0,0,0,0,0,No
30000,Female,2,1,24,0,0,0,2,2,0,26755,27828,29103,29565,26319,27738,1507,2172,1523,0,2000,2000,Yes
80000,Female,2,2,27,0,0,0,0,-1,0,26144,26625,3600,0,68424,42601,1075,1200,0,68424,1264,0,No
290000,Female,2,2,29,0,0,0,0,0,0,263796,268765,209697,212359,216989,221260,11320,10000,7600,8000,8000,8200,No
110000,Female,1,2,27,0,0,0,0,0,-1,8086,8848,9283,8950,8943,333,1232,1000,0,326,333,12425,No
30000,Female,3,2,24,1,3,2,2,2,0,23031,22393,21736,23192,22701,22954,0,0,1800,0,1000,1000,No
70000,Female,2,1,23,0,0,0,0,0,0,43397,44336,35757,27906,25731,21430,2500,21000,2000,687,1500,2000,No
300000,Female,1,2,26,0,0,0,0,0,0,277680,281719,284381,155562,158448,162626,12005,10155,6000,5000,6000,6000,No
30000,Male,2,1,47,0,0,0,0,2,0,24422,25480,26425,30525,29063,29022,1455,1400,4500,0,1500,2000,Yes
200000,Female,1,2,36,-2,-2,-2,-2,-1,-1,0,0,0,932,2469,0,0,0,932,2487,0,0,No
130000,Male,2,2,27,0,0,0,0,0,0,81603,84249,85424,82632,84522,86061,3963,3500,2956,3220,3100,3344,Yes
50000,Female,2,2,37,0,0,0,0,0,0,67570,61248,54707,29250,29905,29519,3000,3000,2100,1500,1300,1200,No
310000,Female,1,2,30,0,0,0,0,0,0,33376,34587,30488,27112,24722,9862,2000,2000,1000,1000,661,1000,No
160000,Female,2,1,31,-2,-2,-2,-2,-2,-2,11648,780,0,5100,0,0,780,0,5100,0,0,0,No
240000,Male,2,1,30,0,0,0,0,0,0,227675,181461,186160,191355,192406,190086,10003,10009,10014,8500,10000,8000,No
100000,Female,2,1,36,0,0,0,0,0,0,21237,16723,15868,8275,5954,7075,3013,4031,3012,2006,3121,5781,No
200000,Female,5,2,27,0,0,0,0,0,0,98761,85583,84398,88612,86159,89751,4000,3000,3000,3338,5000,4000,No
50000,Female,1,2,38,0,0,0,0,0,0,46179,38055,28857,27495,26344,24879,1881,1683,1064,900,862,1000,No
320000,Female,3,2,45,0,0,0,0,0,0,300598,308931,186223,114605,117159,119733,14227,9334,4106,4405,4678,4527,No
60000,Male,1,1,37,0,0,0,0,0,0,57985,59312,27420,27965,28552,29276,2550,1500,1001,1038,1200,1233,No
60000,Male,2,1,43,0,0,0,0,0,-1,58777,40584,12617,22670,17701,950,5005,5000,10216,876,1252,0,No
50000,Male,2,1,42,0,0,0,0,0,-1,46100,46949,18755,11112,11374,5919,2133,1058,2000,2043,5919,16346,Yes
360000,Male,2,1,41,1,-2,-2,-2,-2,-2,0,0,0,0,0,0,0,0,0,0,0,0,Yes
60000,Female,2,2,32,0,0,0,0,0,0,60745,61085,56863,18473,15434,7301,2613,5900,1000,428,1000,2000,No
210000,Female,2,2,28,0,0,-1,0,0,-2,2162,61,259323,139861,1684,826,61,130000,10000,1684,826,1793,No
20000,Male,2,1,39,2,2,2,2,2,2,20591,20284,20645,20750,20300,20482,1500,1000,718,3,1800,0,Yes
100000,Female,2,1,40,-1,-1,0,0,0,-1,10228,50764,52520,24550,5973,57200,50836,39033,524,18,57227,422,No
200000,Female,1,2,32,0,0,0,0,0,0,47517,8219,9000,10000,11340,0,1219,1000,1000,1340,0,0,No
180000,Female,2,1,28,-2,-2,-2,-2,-2,-2,454,14213,10621,3913,1707,15087,14213,10628,7826,1707,15087,5379,No
70000,Female,1,2,50,0,0,0,0,0,0,64315,58564,56741,25172,29186,25430,3000,10032,8000,5139,1000,1000,Yes
170000,Female,2,2,48,0,0,0,0,0,0,83074,85834,87003,88753,90624,92455,4100,3500,3200,3300,3334,4000,No
80000,Male,1,2,36,0,0,0,0,0,0,68931,67706,67017,65159,64152,65208,2500,3000,2244,2478,4800,0,No
400000,Female,1,1,41,-1,-1,-1,0,0,0,8,1274,19143,20305,22063,20695,1274,19143,1305,2063,1695,195000,No
140000,Female,2,1,40,0,0,0,0,0,0,138389,110701,83468,41202,41687,36335,5148,3216,2003,3000,3041,5056,No
60000,Male,3,1,57,0,0,0,0,0,0,20865,16590,10816,6956,2489,0,1262,1003,0,1050,0,0,No
360000,Male,1,1,44,0,0,0,0,0,0,333549,342782,340216,344545,140386,144042,15047,15000,14000,5008,10055,30015,No
240000,Female,2,1,43,0,0,0,0,0,0,48502,49001,47026,45827,39527,40868,2200,1923,1682,2000,2000,1300,No
80000,Female,2,2,27,1,2,0,0,0,0,57004,55220,43506,39025,40017,29797,0,1900,1418,1800,1300,1000,No
270000,Female,2,2,39,0,0,0,0,0,0,116168,118661,121106,118269,120737,123227,4173,4275,4054,4191,4302,4567,No
30000,Female,3,1,39,2,2,2,2,2,2,20652,24993,24293,25896,26435,25859,4700,0,2010,1100,0,2100,No
480000,Male,1,1,58,-2,-2,-2,-2,-2,-2,24610,-310,148544,18791,5909,68988,4,149654,18885,5940,69337,200655,Yes
160000,Male,2,1,50,-1,-1,-1,-1,-1,-1,269,0,697,697,895,1341,0,697,697,895,1341,402,No
180000,Female,2,2,34,2,0,0,0,2,2,51385,53925,54848,57988,59438,61974,3140,923,4663,2530,3687,5000,Yes
300000,Male,1,2,29,1,-2,-2,-2,-2,-2,0,0,0,0,0,0,0,0,0,0,0,0,Yes
200000,Female,1,2,31,0,0,0,0,0,0,191953,189147,191673,192051,193348,193337,6887,7019,7000,7200,7200,7000,No
50000,Female,2,2,30,0,0,0,0,0,0,37522,38614,39671,40213,41064,43382,2000,2000,1500,1500,3000,2000,No
320000,Female,3,1,39,-1,-1,-1,-1,-1,0,3065,41679,8275,8275,7606,14611,41679,8344,8275,7606,10000,11010,No
30000,Female,1,1,35,2,0,0,0,0,0,27703,28743,27048,26592,23874,23293,1500,1356,900,1000,1100,664,Yes
500000,Female,1,1,38,-2,-2,-2,-2,-2,-2,913,9724,9350,6972,11879,15574,9782,9350,6972,11879,15574,12921,No
360000,Male,1,1,40,0,-1,-1,-2,-1,2,21489,40715,-34041,-34503,43013,11654,41088,2,38,85155,58,13652,No
80000,Female,1,2,29,0,0,0,0,2,2,61565,62857,64773,68073,69538,70841,2281,2961,5000,2700,2600,2700,No
10000,Male,2,2,23,0,0,0,0,0,0,5324,6509,7313,6469,6988,7489,1279,1083,500,1000,1000,142,No
300000,Female,2,1,31,-1,-1,-1,-1,-1,-1,3863,4242,5090,309,2700,7593,5021,5134,322,5013,7611,8059,No
280000,Female,1,1,34,0,0,0,0,0,0,232834,218803,202031,111603,94050,76232,9001,6369,3864,3501,3001,1701,No
170000,Male,2,1,42,0,0,0,0,0,0,164824,132485,120267,117453,115778,117411,6107,6000,4500,4500,4500,4500,No
260000,Female,1,1,36,0,0,0,0,-1,0,88273,91908,90857,-81334,142645,149655,6000,5020,81569,331788,10002,5003,No
360000,Female,2,2,31,-1,0,0,0,0,-1,9688,7612,7537,11227,9703,61882,2012,3004,5011,1061,65663,2019,No
200000,Male,3,1,38,0,0,0,0,0,0,181532,179645,180615,180127,166755,167416,8218,7912,6284,6313,6200,6419,No
50000,Female,1,2,28,0,0,0,0,0,0,21514,22563,23585,23894,24549,24990,1700,1700,1000,1039,1000,1000,No
130000,Female,3,1,45,1,-1,2,-1,-1,-1,0,780,390,540,11040,953,780,0,540,11040,953,9622,No
20000,Male,2,1,32,0,0,2,0,0,0,19468,20844,19362,19402,19607,19821,3000,0,850,920,750,300,Yes
50000,Female,3,1,52,0,0,2,-1,0,0,22916,13238,346,14580,11231,10804,1656,0,14580,500,458,873,Yes
190000,Female,1,1,30,-1,-1,-1,-1,-1,-1,6936,500,0,19000,19000,19000,500,0,19000,19000,19000,19000,No
140000,Male,2,1,36,-1,-1,0,0,0,0,780,16570,17378,12568,15678,15620,16570,1220,3000,3500,332,390,No
70000,Female,2,1,40,0,0,0,0,0,0,69341,19472,22066,23515,10990,0,2000,3000,2000,3000,0,150,No
150000,Female,1,2,36,0,0,-2,-2,-2,-2,15447,0,0,0,0,0,0,0,0,0,0,0,No
350000,Female,1,1,55,-1,-1,-1,-1,-1,-1,3518,1931,1630,7461,4124,1261,1935,1630,7461,4124,1261,2798,No
80000,Male,2,2,53,3,2,0,0,0,0,35637,34783,36198,37094,38489,40341,0,2000,1500,2000,2500,2000,Yes
400000,Male,1,2,34,1,-2,-2,-1,-1,0,-5,-5,-5,1299,4374,4986,0,0,1304,4375,1025,2952,No
170000,Female,1,1,38,0,0,0,0,0,0,71712,70194,43210,23096,23397,27817,3332,7770,5000,3000,5000,25000,No
20000,Female,2,3,47,1,2,0,0,0,0,9325,8562,9571,9912,10036,10400,1000,1159,500,432,600,0,No
450000,Male,1,1,40,-1,-1,2,0,0,0,22861,19093,6576,9133,6918,12382,6596,0,6918,4351,8161,0,No
200000,Female,3,1,36,1,-2,-2,-1,-1,-1,-5,-5,-5,2999,4804,4402,0,0,3004,4804,5008,169,No
200000,Female,1,1,36,-1,-1,-1,-1,-1,-1,2444,1301,3207,3284,1111,8349,1301,3210,3284,1111,8349,4249,No
100000,Female,3,1,53,1,-2,-2,-2,-2,-2,0,0,0,0,0,0,0,0,0,0,0,0,Yes
230000,Female,2,1,37,0,0,0,0,0,0,16302,15849,16884,17620,18353,18901,1265,1300,1001,1000,1000,1000,No
230000,Female,2,2,29,0,0,0,0,0,0,24524,24897,22219,23512,12894,15183,3000,4000,3047,3000,3000,3000,No
160000,Female,1,1,34,1,-2,-2,-1,-1,-2,5520,0,0,708,560,0,0,0,708,560,0,560,No
310000,Male,1,1,34,-1,-1,-2,-1,-1,0,493,-7,-7,500,736,739,0,0,507,736,3,797,Yes
430000,Female,1,2,30,-1,-1,-1,-1,-1,-1,31423,3650,44671,81979,9120,85407,3650,44671,82555,9120,85407,14261,No
240000,Female,1,1,47,1,-2,-2,-1,0,0,-40,-40,-40,1160,1160,0,0,0,1200,0,0,0,No
60000,Male,2,2,29,0,0,0,0,0,0,54050,54555,15177,16610,16821,20048,2500,2000,2000,628,3525,3000,No
30000,Male,2,2,28,0,0,0,0,0,-2,26054,25144,25775,18585,0,0,2000,2000,2000,0,0,0,No
180000,Male,2,1,30,-1,-1,-1,-1,0,-1,375,375,375,750,375,399,375,375,750,0,399,399,Yes
20000,Male,2,2,24,1,2,3,2,2,2,16706,18342,17755,17967,17538,18647,2200,0,800,0,1401,0,No
30000,Male,1,2,24,2,2,0,0,0,0,16035,15493,16197,16669,16865,17199,0,1270,742,613,615,646,Yes
320000,Female,2,1,55,-2,-2,-2,-2,-2,-2,11973,4076,7879,5436,51529,18088,4093,7917,5459,51787,18178,3659,No
500000,Male,2,2,32,-1,-1,0,0,0,-1,264,286,550,286,22,14454,286,528,0,128,15239,100000,Yes
170000,Female,2,1,47,-2,-2,-2,-2,-2,-2,0,0,0,0,0,0,0,0,0,0,0,0,No
20000,Female,2,2,24,0,0,0,0,0,0,21838,20544,19991,20305,19349,20467,2349,1296,1000,696,2213,0,No
360000,Female,1,2,29,0,0,0,0,0,-1,73753,61008,49781,12846,4548,9820,5121,10180,41,22,9865,14847,No
90000,Female,1,2,24,0,0,0,0,0,2,30639,25390,27618,26382,27546,17660,2913,9000,0,2000,0,10639,No
100000,Female,1,1,40,-1,-1,-1,0,-1,-1,390,390,780,390,390,7140,390,780,0,390,7140,1230,No
100000,Male,1,2,37,1,-2,-2,-2,-2,-2,0,0,0,0,0,0,0,0,0,0,0,0,No
170000,Male,1,1,38,-2,-2,-2,-2,-2,-2,0,0,0,1012,0,0,0,0,1012,0,0,492,No
100000,Female,2,2,32,2,0,0,0,2,2,50332,52644,54905,58133,60197,59226,3000,3000,4000,3000,0,4300,No
20000,Male,1,2,27,-1,-1,2,-1,0,-1,1760,2699,1261,780,390,1320,2200,0,780,0,1320,0,No
220000,Male,2,1,32,-1,-1,-1,-1,-1,-1,1565,3067,5797,1195,1797,1195,3082,5820,1198,1802,1198,1802,No
470000,Female,1,2,31,-2,-2,-2,-2,-2,-2,22988,10353,5603,11685,5093,2791,10363,5910,13380,5093,2791,9527,No
100000,Female,2,2,24,0,-1,-1,-1,-1,-1,13391,10577,8905,0,4290,0,10608,8944,200,4290,0,0,No
10000,Male,2,2,23,-1,-1,0,-1,-1,-1,1504,6007,6470,390,0,780,6007,1000,390,0,780,0,No
230000,Female,1,2,29,-1,-1,-1,-1,0,-1,2521,-1000,12009,5627,215,3039,0,13009,8018,0,3039,2000,No
50000,Female,1,2,28,2,2,2,2,2,2,31336,32039,32714,32482,33807,34398,1500,1500,600,2000,1300,1500,No
50000,Male,3,1,30,0,0,0,0,0,0,50545,49502,46418,19980,19751,20477,2603,1621,1000,1000,1204,1000,Yes
120000,Female,2,2,30,0,0,0,0,0,0,116887,117419,116281,117392,117791,112505,4615,7175,4529,4625,4029,4237,No
160000,Female,1,1,33,-1,-1,-1,-1,-1,-1,2355,2714,12094,2855,3803,8911,2719,15000,2855,3803,8911,0,Yes
120000,Male,1,2,27,-1,-1,-1,-1,-1,-1,880,880,880,880,880,1030,880,880,880,880,1030,880,No
30000,Female,2,2,21,0,0,0,0,0,0,26757,26831,26620,26134,26865,25752,1520,1339,852,2067,1400,100,No
180000,Female,1,2,29,-2,-2,-2,-2,-2,-2,100,0,0,0,0,0,0,0,0,0,0,0,No
30000,Male,1,2,23,0,0,0,0,0,0,30287,28171,29410,29705,28647,28776,1496,1735,1030,1017,1033,989,No
200000,Female,1,1,40,-1,-1,-1,-1,-2,-2,3266,390,11314,-71,-467,-863,390,11320,0,0,0,2000,No
10000,Female,2,2,33,0,0,0,0,0,0,7659,18814,19570,19967,9908,9646,11400,1135,532,449,693,10000,No
230000,Male,2,2,39,0,0,0,0,0,0,35289,27678,13800,10238,6968,4704,1646,1017,214,406,412,1420,No
200000,Female,3,1,53,0,0,0,0,0,0,126027,129008,130376,133207,136159,138741,6500,5000,5000,5100,5000,5400,No
110000,Male,2,1,46,0,0,0,0,2,0,44953,47315,46997,50740,49115,49529,3087,1769,4512,0,1930,1601,Yes
50000,Male,2,1,40,0,0,0,0,0,0,18485,10767,9775,10122,9146,9341,1166,1200,481,321,336,174,No
50000,Female,1,2,23,0,0,0,0,-1,0,48482,47226,11151,-2897,48211,48154,2500,3002,1500,52000,1900,1800,No
220000,Male,1,1,43,-2,-2,-2,-2,-2,-2,7695,2701,98376,3874,5226,14973,2725,98875,3893,5252,15047,3980,No
500000,Male,1,1,43,-1,-1,2,-1,-1,0,14132,35814,20089,28077,132588,115442,35820,18,28077,132588,28500,20000,No
140000,Male,1,1,43,0,0,0,0,0,0,100021,95122,84315,70871,70923,64202,4535,2856,2503,2378,3014,2048,No
50000,Female,1,2,30,2,0,0,0,0,0,2989,4008,4861,4958,5244,8134,1228,1081,178,366,3156,0,No
50000,Male,2,2,24,0,0,0,0,0,0,7240,8264,9273,9609,9657,9927,2644,1153,489,351,431,198,No
150000,Female,1,2,32,0,0,0,0,0,0,116908,107164,110884,111706,113942,116626,4000,5500,4145,4186,4630,4000,No
240000,Male,3,1,43,0,0,0,0,0,0,191453,193548,190288,186770,180458,178722,8500,8300,7000,7000,7000,6500,No
180000,Male,1,2,31,2,2,7,7,7,7,2400,2400,2400,2400,2400,2400,0,0,0,0,0,0,No
240000,Male,2,1,44,-1,-1,-1,-1,0,-1,5428,9054,13158,6507,2955,1092,9064,13158,6860,2295,1092,2076,No
150000,Female,1,2,27,0,0,0,0,0,2,138066,140522,138722,130494,147851,145535,5767,6100,30000,19227,0,2606,No
260000,Female,3,1,41,-1,-1,-2,-1,-1,-1,1145,-4,-4,2177,158,0,4,0,2181,158,0,0,No
160000,Female,1,1,34,-1,-1,-1,-1,-1,-1,430,430,430,850,3350,4874,430,430,850,3350,4874,9858,No
290000,Female,2,1,39,0,0,0,0,0,0,58281,62061,65710,69452,73627,77890,5000,5000,5000,5000,5000,7000,No
240000,Male,1,2,48,0,0,0,0,0,0,116058,117196,121245,122736,125599,128506,4500,6000,5000,5000,5000,5000,No
50000,Male,2,1,56,1,2,0,0,0,0,32134,30391,10725,10541,10052,10400,0,1159,365,448,600,0,No
130000,Female,1,1,46,0,0,0,0,0,0,147582,138996,140558,90522,90917,92330,5394,4229,3211,3297,3312,3381,Yes
80000,Male,1,2,27,1,-2,-2,-1,0,0,0,0,0,8956,8956,0,0,0,8956,0,0,0,No
30000,Male,1,1,45,0,0,0,0,0,-2,29029,27381,28945,29373,0,0,2000,2138,1102,0,0,0,No
100000,Female,3,1,40,0,0,0,0,0,0,97763,93834,86360,77594,78030,78506,4500,3000,3000,3000,3000,3000,No
10000,Male,2,2,23,2,0,0,0,0,0,8638,8958,9414,9344,9545,9586,1294,1150,480,500,348,402,No
320000,Female,1,2,30,-2,-2,-2,-2,-2,-2,0,200,3663,992,1627,6661,200,3696,997,1635,6694,2508,No
50000,Male,2,1,36,0,0,0,-2,-2,-2,48612,50525,0,0,0,0,3000,0,0,0,0,0,No
80000,Male,1,2,29,1,2,2,-2,-2,-2,49373,49812,0,0,0,0,1980,19800,0,0,0,0,Yes
70000,Female,2,2,26,0,0,0,0,0,0,23409,23174,26103,28342,24894,25272,3003,5106,4026,755,1029,5303,Yes
360000,Female,1,2,26,-1,-1,-1,-1,-1,-1,7142,44008,21715,5064,9147,6068,44234,21823,5089,9192,6098,16495,No
380000,Male,1,2,30,0,0,0,0,0,0,192132,148842,177842,120027,97256,108213,10123,50434,7132,11068,20050,35925,No
50000,Male,2,2,40,0,0,0,0,0,0,42807,32187,48600,7514,9336,-177,10000,21019,1500,3000,1210,7900,No
20000,Male,2,1,45,1,2,0,0,0,-2,20011,10753,10853,10670,-120,-120,0,10600,800,0,0,0,Yes
350000,Female,1,2,33,0,0,0,0,0,0,314994,322472,244792,140218,181571,167905,12695,9790,5302,95621,11920,6107,Yes
150000,Male,3,1,35,2,2,2,0,0,0,135215,137863,130622,126063,118836,116865,6000,30,5050,5025,5000,3000,Yes
300000,Female,1,2,35,0,0,0,0,0,0,47295,87717,78638,77038,74345,49452,55047,27354,2124,5000,5500,4000,No
400000,Male,2,1,39,0,0,0,0,0,0,399099,272898,202937,169138,144434,124802,15395,10232,12115,6285,11106,3124,No
250000,Female,2,1,35,0,0,0,0,0,0,242971,244628,243223,245031,247911,247353,8310,7938,8101,8430,8808,7820,No
50000,Female,1,2,23,0,0,0,0,0,-1,49061,47209,47471,21571,19005,772,2138,1400,431,380,772,8,Yes
230000,Female,3,1,44,-1,-1,-1,-1,-1,-1,54798,11632,4987,6222,15121,17425,11632,4987,6222,15121,17425,17007,No
100000,Female,2,2,27,0,0,0,0,2,0,43865,45548,46266,49290,48372,49412,2400,1776,3800,0,2000,1800,No
380000,Male,2,2,34,-1,2,-1,-1,0,-1,4384,3852,2300,632,316,316,0,2300,632,0,316,316,No
260000,Female,2,2,28,0,0,0,0,0,0,251560,379318,226538,202887,195364,181206,9139,13805,7100,6952,12812,6362,No
470000,Male,2,2,31,0,0,0,0,0,0,78833,80562,82718,85334,87948,90479,3000,3500,4000,4000,4000,4200,No
80000,Male,2,2,29,-1,0,0,0,0,0,48098,49089,47184,47059,47938,48904,2081,2068,1833,1889,1915,1879,No
140000,Male,1,2,36,0,0,0,0,0,0,74177,65336,53578,49288,43870,44854,4000,3500,2000,2500,1800,2000,Yes
140000,Male,1,1,45,2,2,2,2,2,2,64393,65271,66606,64940,73677,75316,2500,3000,0,10000,3000,0,Yes
50000,Male,2,1,36,2,2,2,2,0,0,50808,48287,47265,20840,19568,19812,0,3259,0,844,706,677,Yes
180000,Female,2,1,37,0,0,0,0,0,0,14704,14417,13387,9537,38456,35947,1244,1064,278,31369,1268,1118,Yes
30000,Female,2,2,23,4,3,2,2,3,2,15847,15308,15910,16752,16197,16583,0,1150,1400,0,800,0,Yes
30000,Female,2,2,22,2,0,0,0,0,3,18796,20489,22142,25438,28453,27699,2000,2000,4000,3600,0,2200,Yes
50000,Female,1,1,25,0,0,0,0,0,0,30479,31200,31817,29229,29529,30053,1528,1461,1030,1070,1320,1212,Yes
250000,Female,1,2,35,1,2,0,0,0,0,45429,34800,31217,25231,17009,4553,0,1443,560,4875,400,0,No
310000,Female,2,2,25,0,-1,0,-1,-1,-1,38942,130331,56527,560,300,2381,135868,1306,560,300,2387,572,No
360000,Female,2,1,51,1,-2,-1,-1,-1,-1,0,0,390,540,540,390,0,780,540,540,390,390,No
50000,Male,2,2,31,0,0,0,0,-1,-1,48640,49483,40850,0,800,400,2000,3000,0,400,20000,10000,No
480000,Female,1,2,30,0,0,-1,0,0,-1,75834,-105,37649,45469,20020,3167,105,37754,32970,8000,3167,10981,No
50000,Female,1,2,24,-1,-1,-1,-1,-1,-1,1303,1303,748,1693,1138,748,1303,748,1693,1138,895,1528,No
160000,Male,2,2,37,1,-2,-2,-2,-1,-1,0,0,0,0,461,603,0,0,0,461,603,829,No
140000,Female,1,2,30,0,0,0,0,0,0,4975,5445,6455,6847,8075,8592,1200,1108,500,1500,650,0,No
30000,Female,1,2,27,-1,-1,-1,-1,-1,-1,7843,2670,2670,2670,10302,15643,2670,2670,2670,10302,15643,9947,No
40000,Female,2,1,27,1,2,0,0,0,0,11310,10842,12896,14675,17265,17974,0,2554,2000,3000,1000,3000,No
80000,Male,3,1,55,0,0,0,0,0,0,79788,81571,75814,49784,51408,48587,25000,7704,8700,3000,12900,3000,No
30000,Female,2,2,41,0,0,0,0,0,0,25159,25931,27369,25111,22235,19000,1762,2200,790,922,663,1310,No
200000,Female,2,2,26,-2,-2,-2,-2,-2,-2,58147,1468,2321,327194,6680,3963,1468,2321,163597,6680,3963,2514,No
270000,Female,3,1,42,2,0,0,0,0,0,106986,103249,89221,86996,86384,85440,3578,3207,3000,3200,3241,3078,No
180000,Male,1,2,32,0,0,0,0,0,0,154374,153018,146396,136531,138502,136665,7500,7000,5000,5000,6000,5137,No
10000,Male,3,2,21,0,0,2,0,0,0,4797,6457,6154,6154,6280,0,2400,0,0,126,0,0,No
120000,Male,1,1,48,-1,-1,-1,-1,-1,-1,360,360,360,150,870,510,360,360,150,870,510,870,Yes
30000,Male,1,2,36,2,0,0,0,0,0,24796,26088,27032,26723,23143,17106,2000,1804,2014,1521,1204,1500,Yes
300000,Female,1,1,30,1,-2,-1,0,-1,-1,-6027,-6027,3973,3973,1244,1631,0,10000,0,1244,1631,2000,No
50000,Female,3,1,61,2,0,0,0,2,0,5016,6065,6985,6354,4908,3724,1135,1055,656,0,133,50,No
150000,Male,3,1,58,-2,-2,-2,-2,-1,2,0,0,0,0,7043,1504,0,0,0,7043,0,3063,No
300000,Female,2,2,36,-1,2,2,-1,-1,-1,1041,654,0,780,70,430,3,0,780,150,710,1000,No
50000,Male,2,2,26,0,0,0,0,0,0,48065,49237,29651,30049,28376,28954,2500,1862,1150,1200,1200,1202,No
10000,Male,2,2,34,0,0,0,0,0,0,8097,9109,10125,10327,10552,18836,1151,2167,369,391,436,200,No
260000,Female,2,2,35,-1,-1,-1,-1,-1,-1,188,188,188,188,194,188,188,188,188,194,188,221,No
400000,Female,1,1,28,-1,-1,2,0,0,0,6500,405016,391178,392932,394410,410127,405016,0,14000,13560,28000,0,No
50000,Female,2,2,39,0,0,0,0,0,0,26262,15020,16460,16888,17464,18171,4000,2000,1000,1000,1000,596,No
50000,Female,2,2,22,2,2,2,0,0,0,50974,51688,50024,29381,28957,28435,3000,0,800,808,1200,775,No
280000,Female,1,2,28,-1,-1,-1,0,0,-1,3678,1829,10002,13476,23572,14603,3658,10020,10000,11000,14603,3819,No
10000,Female,2,2,22,0,0,0,0,0,0,10063,8632,8775,7092,7410,7311,1194,1027,176,1253,2311,3101,No
80000,Female,2,1,32,1,2,0,0,0,0,73181,71452,72651,74266,75892,75816,0,3000,2800,2800,2700,2800,No
20000,Female,2,2,53,4,4,3,3,2,2,18396,17826,18547,19118,18679,19812,0,1300,1170,0,1600,0,No
50000,Male,2,2,24,1,-2,-2,-2,-2,-2,0,0,0,0,0,0,0,0,0,0,0,0,Yes
130000,Female,2,2,33,0,0,0,0,0,0,79579,70067,63951,57467,51614,46071,2702,2207,2000,1717,1770,1245,No
50000,Female,2,2,29,-1,-1,-1,0,0,0,1303,801,11512,11512,8490,0,801,11512,0,0,0,950,No
50000,Female,3,2,27,1,2,2,2,0,0,18019,9946,10319,8603,7298,6709,5559,2446,0,260,1000,1214,No
20000,Female,2,1,50,0,0,2,2,2,2,10511,14913,14382,16820,16411,17287,4593,0,3000,0,1304,1000,No
410000,Male,1,2,29,0,0,0,0,0,0,53629,50359,44596,44016,38728,36540,3037,3015,3549,5029,4325,6029,No
50000,Female,2,2,26,0,0,0,0,0,0,26701,28014,28725,29295,29902,30683,1749,1479,1049,1080,1280,1330,No
270000,Female,2,1,47,-2,-2,-2,-2,-2,-2,8400,7500,7500,7500,7500,7500,7500,7500,7500,7500,7500,10466,No
80000,Female,1,2,24,-1,-1,-1,-1,0,-1,3940,4115,84,8708,8728,2793,4117,84,8708,20,2795,0,No
140000,Female,3,2,48,0,0,0,0,0,0,129915,132240,111948,58672,59199,54286,6000,3079,3000,2000,2000,56793,No
60000,Male,2,1,29,2,2,2,2,2,2,40587,41642,40673,43342,44299,45222,2000,0,3348,1800,1800,0,Yes
180000,Female,1,2,26,2,2,0,0,0,0,182218,173980,262878,128739,130929,130437,0,5000,5000,4738,4915,4661,No
320000,Female,1,2,34,-2,-2,-2,-2,-2,-2,-532,-532,-528,-1336,-1336,-1336,0,4,0,0,0,0,No
40000,Male,2,2,26,3,3,2,2,2,2,5754,6407,6156,7146,7384,7117,900,0,1100,500,0,708,Yes
380000,Female,1,2,32,-1,-1,-1,-1,-1,-1,41727,44178,82860,753,11599,8348,44178,89999,753,11599,8348,1571,No
150000,Female,2,1,36,1,2,2,4,3,2,125938,132110,142876,139097,138592,141447,9734,14500,0,2000,5300,5000,No
110000,Female,1,2,25,0,0,0,0,0,0,63594,56267,53550,44084,42077,37770,2260,1499,1309,1487,2000,5000,No
110000,Male,1,2,26,0,0,0,0,0,0,109386,99100,50827,51834,52921,54013,2432,3686,1850,1917,1968,1950,No
240000,Male,1,2,35,-1,-1,-1,-1,-1,-1,11906,54684,1874,1151,23169,9372,55167,1874,1151,23169,9372,396,No
50000,Female,2,2,25,0,0,0,0,0,0,30857,28481,27634,26691,26329,25923,1800,1400,915,1500,1500,2000,No
50000,Male,1,2,38,0,0,0,0,0,0,27148,27619,20997,21018,20556,20302,1655,1323,734,1058,406,0,No
200000,Male,2,2,29,1,2,0,0,0,0,204212,186635,137983,82191,83964,86067,0,4075,3000,3100,4400,2930,No
40000,Male,3,2,49,2,0,0,0,0,0,34470,31226,30321,30124,33614,35665,2000,3000,3000,4000,3000,2000,Yes
250000,Male,2,1,29,1,-2,-2,-1,-1,-1,-24,-24,-24,746,7146,434,0,0,770,7200,688,0,No
230000,Female,1,2,24,0,0,0,0,0,0,69158,73712,68831,61534,25914,36313,8149,2214,5904,5542,15502,5000,No
30000,Male,1,2,26,2,2,0,0,0,0,7510,7247,8165,8529,8743,8949,0,1200,500,500,500,500,Yes
80000,Female,3,2,52,0,0,0,0,0,0,73056,74736,65581,63939,65278,66578,2953,2333,2288,2369,2385,2458,Yes
100000,Female,1,2,37,-1,-1,0,-1,-1,-2,1725,21711,10487,780,0,0,21711,1000,780,0,0,0,No
230000,Female,2,1,28,0,0,0,0,0,0,54228,21092,18481,15609,5802,72049,1500,1139,600,800,70196,3000,No
490000,Male,1,1,50,-1,-1,-1,-1,-1,-1,17884,6836,4657,3398,1476,1602,6836,4657,3398,1476,1602,7531,Yes
30000,Female,3,2,44,2,0,0,0,0,2,25039,25989,23078,23697,25257,25595,1700,1384,1003,2100,900,0,Yes
40000,Male,3,1,49,0,0,0,0,0,0,34203,33885,34605,35970,35711,39360,1880,1600,22703,1280,4632,0,No
450000,Male,1,1,34,-2,-2,-2,-2,-2,-2,-9,1844,0,0,0,0,1853,0,0,0,0,0,Yes
50000,Female,2,2,23,2,0,0,0,0,0,48537,30271,26283,26547,27119,27697,2000,2000,1000,1000,1028,1000,Yes
20000,Male,2,2,26,1,4,3,2,3,2,19276,18691,18048,18553,19465,16523,0,0,1000,1400,0,3000,No
260000,Female,3,1,36,0,0,0,0,0,0,118028,113611,107853,103031,98487,77783,4379,3670,4000,4000,3000,3000,No
10000,Male,2,2,28,-1,2,-1,-1,2,2,200,100,370,1766,1496,8356,0,370,1496,0,7000,0,No
70000,Female,2,1,25,0,0,0,0,0,0,34645,36021,32128,27265,27133,26234,2000,1804,1100,1005,1504,1007,No
100000,Female,3,1,28,-2,-2,-2,-2,-2,-2,3166,6896,416,416,416,412,6896,416,416,416,412,1223,No
50000,Female,3,1,30,-2,-2,-2,-2,-2,-2,0,614,0,0,0,0,614,0,0,0,0,0,No
400000,Female,1,2,33,-2,-2,-2,-2,-2,-2,0,0,0,0,0,0,0,0,0,0,0,0,Yes
270000,Male,2,1,49,-1,-1,0,0,0,0,3197,61164,61145,62186,62123,58995,61164,4000,5000,6000,5000,5000,No
260000,Male,1,2,38,0,-1,-1,-1,-1,0,3953,3953,3953,3953,16466,14246,3953,3953,3953,16466,2000,5217,No
250000,Female,2,2,32,0,0,0,0,0,0,72618,72972,43497,13877,14395,14063,3800,3000,4500,3000,5000,6000,No
360000,Male,1,2,30,-1,-1,-1,0,-1,-1,28245,8017,19703,7474,2741,9526,8057,19764,37,2752,9573,25462,No
230000,Male,2,2,30,0,0,0,0,0,0,120113,112301,104587,98333,88909,78872,4501,4585,3328,3500,2872,3000,No
110000,Male,2,2,27,0,0,0,0,0,0,84342,89446,38580,39359,42021,43324,6657,2000,1418,3306,2000,2000,No
50000,Female,2,1,32,-1,-1,-1,-1,-1,-1,316,282,316,316,316,316,282,350,316,316,316,316,No
80000,Male,1,1,38,0,0,0,2,0,0,39410,41460,46307,45324,41887,38600,3000,6000,0,2033,5000,1500,No
20000,Male,3,1,52,1,2,2,-2,-2,-2,10474,10000,0,0,0,0,0,0,0,0,0,0,Yes
200000,Female,3,2,33,-1,-1,-1,0,-1,-1,834,165,6682,16045,4679,280,165,6682,10000,4679,280,0,No
180000,Male,1,2,40,0,0,0,0,0,0,93648,92017,87173,83205,84996,89723,4246,3000,3100,3200,7500,2916,No
120000,Female,3,1,69,0,0,0,0,0,0,106775,108715,100937,102939,105307,106617,3810,3700,3658,4000,4515,3500,No
80000,Female,2,1,47,0,0,0,0,0,0,6612,7118,7930,6674,6810,0,1188,1000,133,136,0,1407,Yes
220000,Male,1,1,50,-1,-1,-1,-1,-1,-1,3484,6742,4028,3576,2378,5946,6758,4028,3576,2378,5946,1489,No
360000,Male,1,2,32,-1,-1,-1,0,0,0,8140,0,20470,10357,8540,0,0,20470,207,0,0,3185,No
50000,Female,1,2,25,0,0,0,0,0,0,49604,29449,16005,16472,18072,18405,2000,1600,1000,2000,618,2000,No
150000,Female,2,1,31,-1,0,0,0,-1,-1,23427,25252,19004,15206,1423,8923,5554,5070,5076,1457,9047,22720,No
20000,Female,1,2,25,1,2,2,2,2,3,8483,10186,10871,10402,12077,11594,2000,1000,0,2000,0,0,Yes
150000,Female,1,1,32,1,-2,-2,-2,-2,-2,0,0,0,0,0,0,0,0,0,0,0,0,Yes
40000,Male,2,1,35,1,-2,-2,-2,-2,-2,0,0,0,0,0,0,0,0,0,0,0,0,No
170000,Male,1,2,27,0,0,2,2,2,2,133149,138769,145050,146641,149603,157601,11936,13314,5801,5800,11000,1000,No
220000,Female,2,1,37,2,0,0,2,0,0,48166,49164,46730,45680,46651,49507,2100,3900,0,1858,3800,0,No
110000,Female,2,1,41,0,0,0,0,-2,-2,108936,111169,108740,0,0,0,3991,2375,0,0,0,0,Yes
30000,Female,2,1,47,0,0,0,0,0,0,29187,29254,30206,58287,29522,30103,1505,1457,1016,1207,1600,1000,No
230000,Female,1,2,32,0,0,0,0,0,0,195409,203432,180786,95445,63048,99961,21844,14105,21124,2520,50961,2670,No
360000,Female,1,2,47,2,2,3,2,0,0,291410,296936,283943,266246,258197,114052,22913,7000,0,8500,5145,106000,Yes
180000,Female,2,2,25,0,0,0,2,0,0,169225,172888,182533,176099,178391,181986,7800,14010,4,6431,6600,6675,No
360000,Male,2,1,49,1,-2,-1,-1,-2,-2,0,0,8209,-41,-41,-41,0,8209,0,0,0,0,Yes
280000,Female,1,2,47,0,0,0,0,0,0,269124,266163,215177,184270,130954,92215,11268,8196,6281,4403,3532,3510,No
50000,Female,2,3,33,0,0,0,0,0,0,48111,47583,38897,20190,19633,19035,2100,1690,11700,1200,1200,1000,No
160000,Male,3,2,44,-1,-1,-1,0,-1,-1,325,325,650,325,475,650,325,650,0,475,650,625,No
160000,Female,1,2,42,-2,-2,-2,-2,-2,-2,0,0,0,0,741,0,0,0,0,741,0,0,No
160000,Female,3,2,24,0,0,0,0,0,0,153470,151486,153378,93971,96587,96623,10000,4600,4800,5000,3000,1000,No
50000,Male,2,2,27,2,2,0,0,0,0,94297,49377,41247,9818,9003,9203,5600,1595,505,500,500,659,No
50000,Female,2,2,49,2,0,0,0,0,0,50986,48599,17815,16362,14694,13520,1325,1512,532,514,524,384,No
210000,Female,1,2,38,-2,-2,-2,-2,-2,-2,0,0,0,0,0,0,0,0,0,0,0,0,No
20000,Male,2,1,40,1,2,2,-2,-2,-2,21447,20650,0,0,0,0,0,0,0,0,0,0,No
570000,Male,1,2,29,-1,-1,-1,-1,-1,-1,4119,-1031,5100,5150,5150,5138,0,11500,5200,5150,5138,81438,No
280000,Male,1,2,27,-1,-1,-1,-1,-1,-1,5521,-7,1485,5727,1247,2037,7,1492,5727,1247,2037,26920,No
50000,Female,2,2,24,1,2,0,0,0,0,49469,42983,40307,17575,14691,14393,0,2199,1000,5000,2000,5000,Yes
20000,Female,2,2,46,1,2,2,2,0,0,16626,16071,19205,19712,19249,38900,0,3473,1000,727,1100,1100,Yes
30000,Male,1,2,28,-1,-1,2,0,0,0,9262,11792,11311,11820,13558,20271,3000,0,1000,2100,7000,0,Yes
240000,Male,1,1,37,0,0,0,0,0,0,222976,227463,220804,217991,221981,214320,8494,7762,7176,7505,7273,7509,No
30000,Male,1,2,47,2,0,0,0,2,2,25690,26719,27774,28809,30399,29760,1445,1500,1500,2200,0,1200,No
90000,Female,2,1,47,0,0,0,0,0,0,28477,28718,28847,28747,29177,29452,2000,2000,2000,2000,2000,2000,No
60000,Male,2,2,25,0,0,0,0,0,0,56598,47311,25227,26039,27493,26416,3000,2000,1500,2000,1500,1500,No
500000,Male,1,2,34,0,0,0,0,0,-1,203729,147289,63994,40501,11248,4189,10043,8078,10000,10000,4200,0,No
70000,Male,2,1,34,0,0,0,0,0,0,66977,68904,68863,33809,34764,36989,3013,2627,1210,1500,3000,2000,Yes
140000,Male,2,2,27,2,2,2,0,0,2,30121,33315,32485,33142,35443,34724,4000,0,1500,3000,0,1500,No
30000,Male,2,2,32,3,2,2,2,0,0,31895,31091,31002,29879,29382,23110,0,2300,0,996,1000,0,No
140000,Male,2,1,55,0,0,0,0,0,0,78314,81049,82810,83544,85692,87425,4000,4000,3000,3500,3158,8000,No
290000,Male,1,2,44,-2,-2,-2,-2,-2,-2,0,0,0,0,0,0,0,0,0,0,0,0,No
360000,Female,1,1,36,-2,-2,-2,-2,-2,-2,0,0,0,0,0,0,0,0,0,0,0,0,No
30000,Male,1,2,34,0,0,0,0,2,2,29160,29302,29698,31157,31714,30496,1494,1466,2501,1759,0,15912,No
170000,Female,2,1,33,-1,-1,-1,-1,-1,-1,1870,0,400,1000,0,1243,0,400,1000,0,1243,6912,No
290000,Male,1,1,46,-1,-1,-2,-1,-1,-2,2052,4146,700,5055,694,3207,4146,700,5077,694,3207,0,No
270000,Female,2,2,53,1,1,-2,-2,-2,-1,716,-1524,-3764,-4,-19205,42418,2,2,6002,2,64446,5002,No
200000,Male,1,1,49,-1,-1,-1,-1,-1,-1,1377,528,216,1311,2842,0,792,216,1311,2842,0,623,Yes
140000,Female,1,1,45,-1,-1,-1,-1,-1,-1,316,316,316,316,632,150,316,316,316,632,150,316,No
230000,Female,3,2,39,-2,-2,-2,-2,-2,-2,1876,1876,1876,2848,1876,4634,1876,1876,2848,1876,4634,1876,No
80000,Male,1,2,26,0,0,0,0,0,0,76867,51936,28221,28809,19551,19925,1600,1300,859,3000,800,50000,No
50000,Female,3,1,42,0,0,0,0,0,0,51123,50646,41150,30405,30671,30664,2089,2190,1100,1271,1264,2778,No
50000,Male,3,2,32,0,0,0,0,0,0,50114,50893,49660,29742,29311,29739,1991,1875,1044,1060,1211,1179,No
390000,Female,2,1,45,1,-2,-2,-2,-2,-2,0,0,0,0,0,0,0,0,0,0,0,3971,Yes
80000,Female,1,2,25,1,-2,-1,-1,-2,-2,0,0,300,0,0,0,0,300,0,0,0,500,No
150000,Female,2,2,23,-2,-1,-1,0,0,0,27414,10053,151996,152753,153844,151252,10096,156292,4700,5019,5300,5002,No
10000,Male,2,2,23,0,0,0,0,0,2,8109,9219,10200,9694,9684,9872,1400,1300,500,1000,500,0,No
310000,Female,1,1,41,0,0,0,0,0,0,48815,39593,104341,76635,46219,55045,2063,76651,7129,3000,10000,10000,No
40000,Male,1,1,46,-1,2,2,-1,0,0,780,390,0,1170,780,0,0,0,1170,0,0,0,Yes
180000,Female,2,1,43,-2,-2,-2,-2,-2,-2,1091,2062,0,0,6017,0,2062,0,0,6017,0,0,No
100000,Male,1,1,60,1,3,2,0,0,-1,8311,8031,5790,3860,2599,2712,0,0,0,0,2712,0,No
140000,Female,1,1,31,-2,-2,-2,-2,-2,-2,1094,421,-6,2319,4051,418,422,0,2325,4063,419,969,No
230000,Male,2,2,27,-1,-1,-1,-1,-1,-1,396,396,396,396,396,546,396,396,396,396,546,396,No
90000,Female,3,1,55,0,0,0,0,0,0,23379,23715,24310,24561,22829,22486,1402,1387,1028,816,804,987,No
50000,Male,1,2,29,0,0,0,0,0,0,16303,47714,48916,19894,20572,21230,32000,2000,1000,1000,1000,2000,No
50000,Female,2,1,39,0,0,0,0,0,0,22187,23755,21772,22541,22871,23989,5000,2049,5000,1500,1500,3000,No
50000,Male,2,1,51,0,0,0,0,0,0,46926,49161,49366,29441,30061,28728,3000,1500,1024,1064,1029,1023,No
200000,Male,1,2,28,-1,-1,-1,0,-1,-1,13383,1183,14714,11938,303,3262,1183,14714,0,303,3262,3635,No
20000,Male,1,2,23,1,2,3,2,0,0,18679,20380,19753,19160,19661,19816,2300,0,0,788,558,198,Yes
400000,Male,1,2,46,0,-1,0,0,-1,-1,10965,9280,13582,7272,414,10799,9283,7276,7,417,10802,21202,No
20000,Male,2,2,38,0,0,0,0,0,0,17760,19646,17922,18895,19325,19859,6500,2000,2000,1500,1000,1000,No
40000,Male,2,2,36,1,-2,-2,-2,-2,-2,0,0,0,0,0,0,0,0,0,10000,0,0,No
240000,Male,1,2,28,0,0,0,0,0,0,134245,137044,138197,140983,138214,141187,4967,4916,4982,5017,5272,5200,No
240000,Female,1,1,37,-1,-1,-1,0,0,0,5024,17181,28395,24582,10715,9346,17267,28473,12069,21,2978,25895,No
180000,Male,1,1,37,0,0,0,0,0,0,121744,121125,122498,123916,125661,127458,4406,4397,4405,4711,5040,4571,No
20000,Female,1,2,22,0,0,0,0,2,0,3978,5249,6362,7256,6995,7228,1500,1362,1000,0,350,300,Yes
20000,Male,2,1,41,-1,-1,-1,-1,-1,-1,9598,0,2889,0,1448,0,0,2889,0,1448,0,0,No
360000,Female,2,2,25,-1,-1,-1,-1,-1,-1,947,4075,6385,991,4632,2014,4098,6401,997,4641,2014,5,No
30000,Male,1,1,47,2,2,8,8,8,8,2400,2400,2400,2400,2400,2400,0,0,0,0,0,0,Yes
110000,Female,2,1,33,1,2,0,0,0,0,7801,5289,9893,9986,9981,11714,0,5000,500,400,2000,0,No
30000,Male,3,2,46,6,5,4,3,2,0,33134,32351,31397,30321,30000,28961,0,0,0,0,5000,0,No
80000,Female,1,2,26,0,0,0,0,0,0,29322,28563,25443,28790,29929,23796,3000,3000,4000,1500,1000,2000,Yes
350000,Female,3,1,31,0,0,0,-1,-1,-1,144718,214075,102601,99735,107130,0,100012,62635,99735,107130,0,0,No
50000,Female,2,2,24,1,-2,-2,-2,-2,-2,0,0,0,0,0,0,0,0,0,0,0,0,No
110000,Female,1,2,23,0,0,0,0,0,0,83914,85064,78997,71276,68385,62475,4022,3300,2000,3000,2500,2310,No
180000,Female,2,2,32,-1,-1,-2,-2,-2,-2,134,357,288,837,467,15868,357,288,837,467,15868,351,No
440000,Female,5,1,32,0,0,0,0,0,0,324469,324109,287932,287892,276902,221866,11129,10300,11098,11200,12000,131400,No
200000,Male,1,2,33,-2,-2,-2,-2,-2,-2,5448,7616,14771,1973,9500,40647,7616,14771,1973,9500,40647,589,No
140000,Female,2,1,39,0,0,0,0,0,0,131764,134654,138303,119845,122457,125487,6500,7500,5000,4700,5228,4500,No
230000,Female,1,2,31,1,-1,-1,-1,0,-1,-22,227,3480,3555,1850,1580,249,3480,3555,0,1580,520,Yes
10000,Female,2,2,44,-2,-2,-2,-1,0,0,390,390,780,17585,18301,18663,390,780,17585,1000,667,692,Yes
310000,Male,2,1,42,-2,-2,-2,-2,-2,-2,2647,4206,1858,3057,2538,3069,4206,1858,3057,2538,3069,6591,Yes
260000,Female,5,1,33,0,-1,-1,0,0,0,3140,2740,107139,105188,104418,106990,2740,107139,4000,4000,4696,5000,No
270000,Male,1,2,29,-1,-1,-1,-2,-1,-1,38840,197,-61,-61,20207,538,197,0,0,20268,538,29995,No
50000,Male,1,2,23,0,0,0,0,0,0,48954,35213,33404,18727,13793,19354,2000,4005,1000,1000,6000,1000,No
450000,Male,1,1,46,-1,-1,-1,-1,-1,-1,1135,1135,1135,1135,1135,1135,1135,1135,1135,1135,1135,1135,No
190000,Male,3,1,54,1,-2,-2,-1,0,-1,-596,-1072,-1548,40733,10876,2907,0,0,43500,2000,2907,3000,No
290000,Female,1,2,28,0,0,0,0,0,0,42601,34927,32034,29620,29822,28502,5000,6010,5000,1200,2000,901,No
480000,Female,1,1,60,-1,-1,-1,0,0,0,13406,7233,96977,67030,24334,28699,13736,96989,4,241,15819,28966,No
360000,Male,5,1,34,0,-1,-1,-1,0,-1,30447,9428,11704,19036,41147,53733,10052,11767,20036,22207,54981,2227,No
380000,Male,1,2,32,-1,-1,-1,-1,-1,-1,326,24899,2816,11773,23397,10551,24899,2816,11773,23397,10551,43302,No
20000,Male,3,2,24,0,0,0,0,0,0,9249,10439,11448,11561,12221,12865,1500,1487,600,1000,1000,1000,Yes
50000,Male,3,1,52,0,0,0,0,0,0,39429,39548,39490,38801,36087,25189,1781,1770,1148,1174,949,590,No
450000,Male,1,1,34,0,0,0,0,0,0,451113,460261,455701,451559,429235,391559,18500,20000,17000,16300,14108,16000,No
50000,Female,2,2,24,2,2,2,0,0,0,48283,48767,35917,26946,22458,23569,1700,0,1036,817,1486,3500,Yes
380000,Male,1,1,34,0,0,0,0,0,0,106065,97979,100599,81087,82793,85301,3385,4074,2592,2696,3569,5240,No
150000,Female,3,2,34,-2,-2,-2,-2,-2,-1,1464,1576,264,330,1350,386,1586,264,330,1350,386,1259,No
50000,Female,2,2,23,0,0,0,0,0,0,21249,20771,17626,10078,9654,9648,1649,1300,500,500,300,500,No
150000,Female,1,2,33,1,-2,-2,-2,-2,-2,-286,-286,-286,-286,-286,-286,0,0,0,0,0,750,No
50000,Female,3,1,43,0,0,0,0,0,0,39177,39607,17070,13038,8904,4740,2000,1500,3500,600,500,4000,No
50000,Male,2,2,24,0,0,0,0,0,0,34695,38561,36086,32945,29348,23570,6013,3011,1019,1019,2015,17,No
230000,Female,1,2,26,-1,-1,-2,-2,-2,-2,3741,0,0,0,0,0,0,0,0,0,0,1010,Yes
310000,Female,1,2,32,-1,-1,-1,-1,-2,-2,13560,-65,6500,0,0,0,0,6565,0,0,0,0,No
310000,Female,2,1,34,-1,-1,-1,-1,-1,-1,3595,4073,11263,2710,2371,2318,4073,11321,2710,2371,2318,4352,No
240000,Male,2,2,32,1,-2,-2,-2,-2,-2,0,0,0,0,0,0,0,0,0,0,0,0,No
400000,Female,1,2,26,-1,-1,-1,-1,-1,-1,1140,937,1663,5019,9539,1697,940,1667,5039,9579,1703,12856,No
50000,Male,3,1,43,2,2,2,0,0,0,10413,12923,12030,12650,13405,13793,3000,0,1500,1500,1000,1500,No
250000,Female,1,2,30,0,0,0,0,0,0,156155,153647,153535,153122,149564,152470,5560,6809,5443,5376,5665,6000,No
200000,Male,1,1,44,0,0,0,0,2,0,66689,65515,49492,51802,38896,36436,2362,1706,4185,15,1537,1064,No
10000,Male,3,1,37,0,0,0,0,0,-2,14498,7512,7308,5275,0,0,2248,1120,375,0,0,0,No
310000,Male,2,1,36,0,0,0,0,0,0,32782,33587,39572,44598,50570,64916,11406,10773,10819,15766,20645,5000,No
340000,Female,3,2,46,1,-1,-1,0,0,-1,0,1321,35028,35028,8500,1612,1321,35028,0,0,1612,0,Yes
220000,Male,2,1,34,0,0,0,0,0,0,144544,137465,134420,132066,131319,130478,6500,4700,5000,5000,5000,10000,No
500000,Male,1,2,36,0,0,0,0,0,0,151630,150824,117130,146443,122439,83535,12074,10000,40561,12550,20803,65678,No
200000,Male,1,2,36,0,0,0,0,0,0,103457,111541,113809,35797,36087,38505,10000,5000,1412,1300,3000,0,No
100000,Female,2,2,29,2,0,0,0,0,0,42440,43303,35304,33365,29260,30073,1599,2000,1500,1500,1300,4000,Yes
100000,Male,2,2,29,1,3,3,2,2,2,99679,101249,98768,96287,102069,81931,4000,0,0,7629,0,18895,Yes
50000,Male,1,2,25,-2,-2,-2,-2,-2,-2,0,0,0,0,0,0,0,0,0,0,0,0,No
260000,Female,3,2,33,1,-1,-1,-1,0,0,0,926,650,3562,3044,3044,926,650,3562,0,0,0,No
240000,Female,3,2,31,-1,-1,-2,-2,-2,-2,298,0,0,0,0,0,0,0,0,0,0,0,No
50000,Female,3,1,28,0,0,2,0,0,0,14484,18528,18923,19310,19848,20367,4300,1000,1000,1000,1000,1000,Yes
50000,Male,2,2,54,0,0,0,0,-2,-1,72374,81665,67450,0,0,16271,15000,2650,0,0,16271,2000,No
200000,Female,1,2,44,0,0,0,0,0,-1,34606,34800,33275,33435,32778,3277,2100,2000,3435,3000,3277,29928,No
150000,Male,2,1,41,0,0,0,0,0,0,19350,20703,10403,10927,11598,13235,2000,3000,1000,1000,2000,2000,No
50000,Male,2,1,40,0,0,0,0,0,0,50066,47636,9762,8620,9303,8693,1450,1500,400,1000,1000,2000,No
350000,Female,1,2,31,0,0,0,0,0,0,96659,86985,77472,68901,58259,47743,3500,5300,2500,2000,2000,2000,No
50000,Male,2,2,50,0,0,-2,-2,-2,-2,25925,0,0,0,0,0,0,0,0,0,0,0,No
50000,Female,2,1,34,2,2,2,2,0,0,20377,19427,19590,19209,19456,35976,1650,800,200,674,636,660,No
250000,Female,1,2,43,-1,-1,-1,0,0,0,2177,2000,12327,10538,8712,3002,2000,12327,211,174,2228,5642,No
300000,Female,3,2,24,-1,0,0,-1,0,-1,7571,6156,5475,13581,13930,14000,1181,1475,13581,349,14070,268,Yes
80000,Female,2,2,22,-1,-1,-1,-1,-1,-1,1812,390,388,1187,263,1913,390,388,1191,263,2259,1815,No
30000,Male,2,1,45,1,2,2,0,0,2,14286,15304,14766,14763,16662,16247,1542,0,539,2148,0,724,Yes
370000,Female,3,2,29,-1,-1,-1,-2,-2,-2,28397,19340,-400,-1900,-1900,-1900,19438,7,0,0,0,0,No
50000,Male,2,1,43,0,0,0,0,0,0,8214,8034,9044,9225,9417,9617,1140,1150,331,341,356,330,No
30000,Female,1,1,22,0,0,0,0,0,2,22479,22650,22513,22391,23654,22738,2004,2004,2001,2001,1,1701,No
200000,Female,2,2,26,0,0,0,0,0,0,26179,26643,23524,23788,26089,25908,4022,3000,3000,4092,1000,3000,No
230000,Female,3,1,48,1,-1,-1,-1,-1,-1,-5,4582,2883,20099,13870,4234,4587,2883,20099,13870,4234,0,No
290000,Female,2,2,29,0,0,0,0,0,0,68652,70695,71523,73099,74469,76200,3149,2598,2767,2702,2968,2703,No
100000,Female,2,1,39,-2,-2,-2,-2,-2,-2,0,0,0,7700,0,0,0,0,7700,0,0,0,No
80000,Male,1,2,26,1,2,2,0,0,0,40029,41095,40137,40793,42990,42854,2000,0,1603,3000,2000,1056,No
90000,Female,2,2,39,0,0,0,0,0,0,45709,45045,42151,37842,30849,28061,2000,2000,1200,1018,1200,710,Yes
80000,Male,2,2,26,0,0,0,0,-1,-1,15387,20847,23059,0,526,678,6000,3070,0,526,680,0,No
260000,Female,1,2,39,-1,-1,2,-1,-1,-1,1550,978,588,390,390,540,978,0,390,390,540,390,No
80000,Female,2,1,26,2,2,2,2,2,2,27458,28522,27770,29396,29974,30529,1800,0,2400,1200,1200,1200,Yes
170000,Female,2,2,25,0,0,0,0,0,0,4360,7927,49946,49464,46476,19417,7000,49008,1000,949,1143,17336,No
240000,Female,1,2,38,0,0,0,0,0,0,167856,172145,178840,186168,166745,165582,7000,10000,10000,10000,5000,10000,No
150000,Female,1,2,32,1,-1,-1,-1,0,0,-300,7628,0,1089,1089,843,7928,0,1089,0,0,0,No
220000,Female,1,2,28,-1,-1,-1,-2,-2,-2,25000,25000,0,0,0,0,25000,0,0,0,0,0,No
80000,Male,1,2,27,0,0,0,0,0,0,42653,46609,47306,51179,52073,52833,5000,1801,5000,2035,2100,6200,No
160000,Male,1,1,41,-2,-2,-1,-1,-2,-1,155458,157690,150209,151343,154456,157632,7200,6100,5300,5400,165759,4872,No
140000,Female,2,1,37,0,0,0,0,0,0,136650,137562,141347,134503,137015,136581,5420,6500,5000,5200,5100,5000,No
130000,Female,2,2,25,-2,-2,-2,-2,-2,-2,0,0,0,0,0,0,0,0,0,0,0,0,No
280000,Female,1,2,34,0,0,0,0,0,0,95278,98281,101651,103776,105617,107788,4525,5000,3800,3500,3500,3500,No
50000,Male,2,3,36,0,0,0,0,0,0,26432,27708,28928,29475,29579,30445,1700,2000,1300,1200,1500,2000,Yes
150000,Female,2,2,44,0,0,0,0,0,0,39471,41515,43879,44446,45394,46702,2636,3000,1528,1600,2000,2000,No
210000,Female,1,1,36,0,0,-2,-2,-2,-2,15991,0,0,0,0,0,0,0,0,0,0,0,No
190000,Male,1,1,39,1,-2,-2,-2,-2,-2,-2,-2,-472,-472,-472,-472,0,0,0,0,0,0,Yes
140000,Female,1,2,28,0,0,0,0,2,2,123662,124785,128906,137279,140419,142254,4600,6200,12000,5500,5300,0,No
160000,Female,3,1,41,-1,-1,-1,-1,-1,-1,2392,316,416,416,416,2606,316,416,416,416,2606,316,No
180000,Female,1,1,39,0,0,0,0,0,0,177893,134212,128505,130078,128771,106396,6200,6000,5000,5001,4100,3600,Yes
20000,Female,1,2,22,0,0,0,0,0,-1,9930,8176,6860,7000,10199,1500,1336,1000,140,3199,1500,780,No
50000,Female,2,1,37,0,0,0,0,-1,0,23325,21940,20718,24048,5017,3570,1400,1200,5000,5017,71,2710,No
150000,Female,1,1,34,1,-2,-2,-1,-1,-2,0,0,0,600,-150,-150,0,0,600,0,0,0,No
210000,Female,3,1,33,0,0,0,0,0,0,127491,118800,105606,94344,82676,73154,6018,4900,4340,2880,2650,2000,No
70000,Female,2,2,22,0,0,0,0,0,0,24817,27424,28406,29013,29625,30404,3018,1500,1000,1001,1191,1000,No
100000,Male,1,2,27,-1,2,0,0,0,0,17553,10628,5836,6746,7889,0,0,1000,2000,3323,0,0,Yes
20000,Female,2,2,27,0,0,0,0,0,0,15703,17140,18127,18605,16351,16928,2000,1600,1030,1000,1000,1000,No
20000,Male,2,2,23,0,0,2,0,0,0,13987,15958,16168,16268,16600,0,2200,900,500,332,2000,0,No
50000,Male,2,2,25,2,0,0,0,0,0,47987,49084,46759,8195,8367,8534,2690,2359,293,304,306,316,Yes
340000,Female,3,2,27,1,2,0,0,0,0,29221,14802,153697,153381,143426,139945,12,145000,5055,5017,5059,7382,No
130000,Male,1,2,29,0,0,-1,-1,2,0,9700,0,72,10458,10149,11805,0,72,10458,0,2000,1230,No
320000,Female,2,1,53,0,0,0,0,0,0,8513,151835,153327,155528,158745,161937,150000,8510,5000,4500,4544,5000,No
220000,Female,1,1,41,7,6,5,4,3,2,243234,238172,232446,227800,225044,222356,0,0,0,0,0,6000,Yes
50000,Male,3,1,24,0,0,0,0,0,0,48497,49564,19207,18963,19741,19901,2089,1580,1000,1000,1500,1500,Yes
150000,Female,1,2,25,0,0,0,0,0,2,39445,40799,40832,33843,37015,30074,2000,1417,1256,4429,1000,0,No
500000,Male,1,2,29,-1,-1,-1,-1,0,-1,20641,25986,23721,20799,34132,56917,26111,24112,20886,28032,57196,49720,No
220000,Female,1,2,29,-1,-1,-1,-1,-1,-1,13488,16105,17563,13184,14111,15549,16130,17563,13184,14111,20239,179580,No
70000,Female,1,2,24,-1,0,0,0,0,0,28059,17712,18642,20011,19147,19056,2000,3000,3000,2000,2000,3668,No
360000,Female,1,2,26,-2,-2,-2,-1,0,0,0,0,0,23707,25233,23504,0,0,23707,2000,3391,4217,No
100000,Male,1,2,30,2,0,0,0,0,0,53718,55851,56424,57584,58957,60317,3000,2100,2100,2300,2500,2500,No
360000,Male,3,2,30,1,-2,-2,-2,-2,-2,0,0,0,0,0,0,0,0,0,0,0,0,Yes
210000,Female,2,2,29,0,0,-1,-1,0,0,14073,13034,2569,36116,36287,5695,2059,2576,36120,1093,2968,1430,No
50000,Female,2,1,34,0,0,0,0,2,0,37643,29647,24965,7592,1582,1099,1538,1575,1582,593,242,17012,No
50000,Female,1,2,25,0,0,0,0,0,0,34476,25857,26621,27178,28038,28871,2000,1500,1000,1300,1300,1011,No
400000,Female,1,2,30,0,0,0,0,0,0,139862,125280,109278,94511,64995,28654,9209,3807,2403,1933,1014,104078,No
290000,Female,1,1,36,0,0,0,-2,-2,-2,49885,51400,0,0,0,0,2400,0,0,0,0,0,No
320000,Female,2,1,39,0,0,0,0,0,0,38332,63396,66871,69339,31525,30861,30000,4700,3000,5000,5000,7000,No
20000,Female,2,1,24,2,0,0,0,0,0,17597,18629,19318,19434,19571,19792,1619,1308,688,706,806,595,Yes
500000,Male,1,1,51,0,0,0,0,0,0,225233,235045,244517,243132,243869,251540,15000,15006,10000,10000,12000,15000,No
290000,Male,1,1,40,0,0,0,0,-1,2,63421,40201,13802,0,2242,1850,1619,4000,0,2242,0,4450,No
50000,Male,1,1,38,0,0,0,0,0,-2,47036,47876,28754,29137,-711,29578,1704,1200,583,711,30289,989,No
50000,Male,1,1,60,0,0,0,0,0,0,50546,50854,50024,20281,20285,20066,2112,1712,705,759,748,487,No
390000,Female,3,1,53,-1,-1,-1,-1,-1,0,2820,513,55120,2011,380,380,513,55120,2011,380,0,0,No
90000,Female,1,2,27,-1,-1,-1,0,0,-2,700,2122,1897,1190,0,0,2122,1897,0,0,0,0,Yes
50000,Female,3,1,53,0,0,-1,-1,-1,2,20225,21190,90,390,1080,540,1800,90,690,1080,0,780,No
230000,Female,1,2,28,0,0,0,0,0,0,51545,42151,44532,42517,44087,40581,2000,3000,2000,2000,1242,2759,Yes
70000,Male,2,1,37,2,2,2,2,2,2,44207,45305,46067,45029,47835,48797,2100,1800,0,3700,1900,2000,Yes
360000,Female,2,1,36,0,0,2,0,0,2,63389,48359,37054,50009,53984,25258,15000,11,20000,5000,0,37000,No
300000,Female,2,2,31,-1,0,0,0,0,0,10817,8785,10282,11797,15571,17303,2000,2000,2000,4000,2000,3000,No
50000,Male,3,1,51,0,0,0,0,0,0,5703,7596,8511,10361,11039,11107,2000,1200,2000,1000,400,1000,Yes
80000,Female,3,2,26,1,2,-1,-1,-2,-1,4923,3121,1551,1100,0,4374,0,1551,1100,0,4374,73,Yes
10000,Male,2,1,50,2,2,2,0,0,0,9415,8852,8297,8792,9277,9744,1000,1000,1000,1000,1000,1000,No
10000,Male,2,2,28,0,0,2,0,0,0,5236,7202,7434,7660,7822,8191,2200,500,500,285,500,500,No
140000,Female,2,2,29,-1,-1,-1,-1,-1,-1,743,896,2385,732,100,1526,900,2385,735,0,1526,981,No
100000,Male,2,1,50,0,0,-1,-1,-1,-1,23908,3360,560,480,480,390,1000,560,500,480,390,390,No
30000,Male,3,2,42,0,0,0,0,0,0,8185,9395,10928,11445,12108,12753,1500,2000,1000,1000,1000,1243,Yes
280000,Male,1,1,49,-1,-1,-1,-1,0,-1,503,694,695,10639,13158,768,694,695,10639,3158,768,517,No
80000,Female,1,2,25,1,2,0,0,2,2,5999,5758,7039,7595,7053,7082,0,1416,943,100,443,0,Yes
30000,Male,2,1,59,0,0,0,0,0,0,20044,21246,22115,22158,22610,0,1531,1400,443,452,0,0,No
10000,Female,3,1,49,-1,2,2,-2,-2,-2,1409,864,0,0,0,0,0,0,0,0,0,0,Yes
70000,Male,1,1,49,-1,-1,-1,-1,-1,-1,1261,2041,1261,2431,904,1801,2431,1261,2431,904,2191,0,Yes
160000,Female,2,2,37,-1,-1,-1,0,0,0,12037,5123,2460,6460,5360,0,5123,2460,4000,107,0,3960,No
80000,Female,2,1,51,1,2,2,2,2,2,15839,16591,16027,17160,16743,17961,1300,0,1400,0,1500,800,No
30000,Male,2,2,24,0,0,2,0,0,0,22885,25886,25172,27239,57036,28789,3700,0,2500,2100,3000,1700,Yes
200000,Female,2,1,40,-1,-1,-1,-1,-1,-1,7236,12958,0,2797,5982,8339,13003,0,2797,5982,8339,0,No
220000,Female,1,1,36,0,0,0,0,0,0,56477,32919,24175,37975,39752,33351,9005,10000,15000,9000,21000,0,No
30000,Female,1,1,41,0,0,0,0,0,0,26480,27529,28783,28312,28159,28870,1481,1735,994,2003,1180,1238,No
60000,Female,1,2,33,0,0,2,0,-1,-1,11237,20978,12861,7888,7463,3192,10000,0,0,7463,6384,18704,Yes
30000,Female,2,2,23,3,3,3,3,2,2,29093,29532,29954,29176,29958,30520,1200,1200,0,1400,1200,0,Yes
430000,Female,1,1,34,-1,-1,-1,-1,-1,-1,5149,4588,11164,1531,9848,10178,4600,11220,1531,9902,10202,5926,No
190000,Male,2,2,28,-2,-2,-2,-2,-2,-2,0,0,0,0,0,0,0,0,0,0,0,0,Yes
20000,Female,3,3,39,0,0,0,0,0,0,18988,15975,16579,15102,16795,34457,1400,4500,2500,3240,3000,4000,No
150000,Female,1,1,48,-2,-2,-2,-2,-2,-2,6773,1731,21886,447,3458,898,1731,21888,447,3458,898,2001,No
140000,Male,2,2,61,0,0,0,0,0,0,131978,135760,127508,92126,69050,73537,6000,3600,2500,5000,5000,5000,No
240000,Female,1,2,35,-2,-2,-2,-2,-2,-2,0,0,0,2429,0,799,0,0,2429,0,799,17125,No
50000,Male,2,1,33,2,0,-1,-1,-1,0,42923,42803,1473,390,1573,390,2330,1473,390,1573,0,780,No
50000,Male,2,1,37,0,0,2,2,2,2,24801,27600,26858,28209,29108,29980,3200,0,1800,1500,1500,2500,Yes
470000,Male,2,2,34,0,0,0,0,0,0,247503,245552,238161,240607,230142,198171,9024,10400,10000,25000,8000,8000,No
90000,Male,2,1,37,2,-1,-1,0,0,0,117793,93777,87401,38144,39177,36687,6732,92113,1317,1598,1461,1354,No
420000,Female,1,1,45,1,-1,-1,-1,-1,-1,-34,10321,6244,2970,3608,3019,2686,6500,3004,3797,3103,4302,No
430000,Female,2,1,32,-2,-2,-1,2,0,0,-15308,-33350,95740,77875,62675,48764,8,145740,7,2500,2021,2000,No
150000,Female,5,2,27,-2,-2,-1,-1,0,-1,12178,22344,65330,20333,8433,10332,22452,65676,20368,25,10363,4881,No
220000,Female,2,1,41,1,2,-1,-1,-1,-1,6516,194,3619,7069,4092,0,0,3655,7069,4092,0,0,No
150000,Male,1,2,35,0,0,0,0,0,0,251063,244285,238438,232570,226808,220586,9000,10000,10000,8000,8000,7000,No
120000,Male,1,2,31,-1,-1,-1,-1,-1,-1,2340,4908,70,220,220,220,4908,70,220,220,220,360,No
80000,Female,1,1,32,-2,-2,-2,-2,-2,-2,871,3179,3344,3552,0,0,3381,3384,3958,0,0,0,No
230000,Female,2,2,32,1,2,0,0,-1,-1,73757,69748,23266,13565,80,0,0,1200,1027,80,0,0,No
40000,Female,3,1,24,1,8,7,6,5,4,25933,25589,25234,24579,23635,22680,0,0,0,0,0,0,No
300000,Female,2,1,66,1,-1,2,-1,0,0,0,200,200,22935,16858,0,200,0,22935,0,0,0,No
360000,Female,2,1,51,-1,-1,-1,-1,-1,-1,19155,1473,1430,18697,659,781,1473,1430,18740,659,781,1557,No
50000,Female,1,2,22,2,2,2,0,0,0,8823,10606,4991,4461,2561,0,2000,300,200,0,0,0,Yes
170000,Male,2,1,38,0,0,0,0,0,-1,157174,139101,192575,157028,135838,125483,9900,83200,0,3006,132854,5003,No
100000,Female,3,2,56,0,0,0,0,0,0,70048,67942,45591,39764,33091,34265,2200,1505,1300,1210,3000,2000,No
20000,Female,1,2,21,0,0,0,0,0,0,17374,18555,19489,19479,19705,8440,1466,1400,390,394,629,0,No
20000,Male,3,2,24,-1,-1,-1,0,0,0,1473,390,8595,7454,7208,0,390,8595,149,144,0,780,No
210000,Female,2,1,36,-1,0,0,0,0,0,47718,233289,227143,221126,215358,163444,199000,7613,7116,6980,5813,5762,No
50000,Female,2,2,29,0,0,0,0,0,0,49793,50466,50085,50686,46805,47220,1866,1733,1724,1684,2058,1341,No
50000,Male,2,2,42,0,0,0,0,0,0,47689,42338,31539,17342,17541,18149,2000,1281,700,700,1000,1000,No
120000,Male,2,2,26,0,0,0,0,0,0,114815,113360,116797,92346,88542,80225,6159,10008,3051,3100,3052,2908,Yes
80000,Female,3,1,52,2,2,3,3,3,2,36649,39448,40101,40748,39816,40607,3700,1600,1600,0,1600,1600,Yes
190000,Male,1,2,29,1,-1,2,2,2,-1,0,2214,66,66,0,4433,2214,0,0,66,4433,0,Yes
180000,Male,1,2,29,-1,-1,-1,-1,-1,-1,996,1593,2597,998,847,1912,1597,2604,1001,849,1915,4055,Yes
110000,Female,2,2,26,0,0,2,0,0,0,46633,49569,42867,43875,45036,46319,4029,0,2000,2000,2180,2000,No
220000,Male,1,2,35,-1,0,0,-2,-2,-2,53419,53358,0,0,0,0,7000,0,0,0,0,0,No
80000,Female,2,2,22,0,0,0,0,0,0,2524,5097,6107,7141,7355,7357,3000,1500,1500,700,500,500,No
200000,Male,1,1,40,-2,-2,-2,-2,-2,-2,15596,1470,7289,0,0,2376,1470,7289,0,0,2376,0,No
60000,Male,1,1,51,0,0,0,3,2,0,35619,36688,40841,39952,38081,36483,1647,4800,0,0,1326,3500,Yes
500000,Female,1,1,42,1,-2,-2,-2,-2,-2,0,0,0,0,0,0,0,0,0,0,0,0,Yes
300000,Male,1,2,33,0,-1,-1,-1,-1,-1,34339,962,4215,2579,970,2656,962,4247,2595,970,2672,978,No
150000,Female,1,1,30,2,0,0,0,0,0,151060,139648,119043,112072,113932,105706,3864,3868,2808,3037,2583,1079,Yes
90000,Female,2,2,24,1,2,0,0,2,0,13137,10724,9621,17701,15496,9341,0,1000,10000,0,1000,3105,No
240000,Male,1,1,44,-1,-1,-1,-1,-1,-1,1473,1473,1473,1473,1473,1473,1473,1473,1473,1473,1473,390,Yes
190000,Female,2,1,45,0,0,0,0,0,0,143701,126337,121378,75252,79028,81548,4664,4222,2705,5000,4000,5000,No
80000,Male,1,2,37,1,-2,-2,-2,-2,-2,0,0,0,0,0,0,0,0,0,0,0,0,No
60000,Male,3,2,24,0,0,0,0,0,-1,33270,16636,17321,17421,18421,891,1715,1400,500,1000,900,19000,No
50000,Female,2,1,37,0,0,0,0,0,0,25234,23518,21746,18082,18461,18830,1384,1300,700,670,676,700,No
30000,Male,3,1,41,1,2,2,2,2,2,4743,5609,5371,5833,5594,6074,1090,0,552,0,573,0,Yes
150000,Female,3,1,28,0,0,0,0,-1,-1,70537,38474,9299,10299,759,0,8000,2000,1000,759,0,0,No
180000,Female,2,1,26,-2,-2,-2,-2,-2,-1,52666,181987,181255,174825,140909,177257,272817,7017,8201,8246,186732,8000,No
210000,Male,1,2,28,1,0,0,0,0,0,5397,5079,6020,6143,6268,399,5000,1000,123,125,0,1280,No
230000,Female,5,2,52,0,0,0,0,0,0,155131,156687,153635,74503,46254,141916,6641,6015,2663,5015,100095,5027,No
50000,Male,3,1,43,0,0,0,0,0,0,5653,16890,17606,17955,18418,18601,11340,1300,641,751,573,476,No
340000,Male,2,1,38,0,0,-1,-1,-1,0,8347,5190,612,1429,19513,19650,2000,612,1429,19513,3000,3000,No
70000,Male,3,0,26,1,2,2,0,0,0,39073,40154,39214,39861,41063,42918,2000,0,1600,2000,2700,1500,Yes
170000,Female,2,1,30,-1,-1,0,0,0,2,2457,4599,25158,61524,62779,59390,4599,23000,40000,4418,0,2800,Yes
280000,Male,2,2,26,-2,-2,-2,-2,-2,-2,2103,2768,4425,23083,489,2937,2781,4447,23198,491,2951,0,No
370000,Female,1,1,39,0,0,0,0,0,0,141552,67739,49097,48216,47675,48074,2157,2000,1668,2000,3000,1000,No
450000,Male,1,2,36,-1,-1,-2,-2,-2,-2,2500,0,0,0,0,0,0,0,0,0,0,0,Yes
130000,Male,2,2,28,0,0,0,0,0,0,88549,74624,76133,77648,79370,80071,2709,2750,2767,2961,2913,3000,No
400000,Female,1,1,32,1,-1,-1,-1,-1,-1,0,3328,3328,3828,4893,4687,6656,3328,3828,4893,4687,3008,No
90000,Male,1,2,29,0,0,0,0,0,0,72774,67584,57985,56268,55970,56825,2900,2700,2200,2100,2200,2200,No
450000,Male,1,1,33,-1,-1,-1,-1,-1,-1,390,390,390,390,389,990,390,390,390,389,992,780,No
20000,Female,1,2,24,-1,2,0,0,0,2,19214,15703,9914,8200,11876,4792,0,1000,0,5000,5400,13324,No
50000,Female,2,1,27,2,2,0,0,0,0,49882,44110,44443,19522,19775,20325,0,1280,662,837,1000,1120,Yes
200000,Female,2,2,29,0,0,0,0,0,0,93005,82750,79064,75657,72451,63919,3500,3000,3000,3000,3000,2000,No
150000,Male,1,2,55,-1,-1,-1,-1,-1,-1,291,291,291,285,2085,8669,291,291,285,2091,8695,74646,No
250000,Female,1,2,40,-1,-1,-1,-1,-1,-1,3264,2395,2986,24971,500,2162,2395,2991,25185,500,2162,0,No
260000,Male,1,2,36,0,0,0,0,0,0,97626,99675,59934,61680,65403,66745,5195,2961,3000,5000,2700,2800,No
50000,Male,2,2,25,2,2,4,3,2,2,42883,47887,46836,45785,47003,48085,6000,0,0,2100,2000,0,No
200000,Male,2,1,49,-1,0,-1,0,-1,-1,8143,39869,38685,22125,17778,24354,39100,38759,102,17868,25125,35031,No
60000,Female,2,2,25,0,0,0,0,0,0,53447,51734,50293,26667,26608,27665,2025,5000,2000,1000,1500,1000,No
200000,Male,2,1,46,1,-1,-1,-1,-1,-1,0,760,1281,1328,1114,1205,760,1281,1328,1114,1205,1403,No
50000,Male,3,1,38,-1,-1,-1,-1,-1,0,9536,0,1261,1261,2522,1261,7014,1261,1261,2522,0,780,No
70000,Female,1,2,22,3,2,2,0,0,0,71501,71769,68530,29959,29315,28805,1966,49,1168,1032,1200,1200,No
50000,Female,1,2,24,0,0,0,0,0,0,48482,39603,23610,18079,18668,17273,2000,1504,1000,1000,1000,1000,No
230000,Female,3,2,34,0,-1,0,0,0,0,1181,1394,1413,1382,1201,820,1394,1200,1150,1000,800,2000,No
20000,Female,2,1,45,-1,-1,-1,0,-1,-1,10827,8264,2480,390,880,1560,8264,2480,0,880,1070,40000,No
330000,Male,2,2,28,0,0,0,0,0,0,53260,37207,40560,41978,46728,40502,2000,4000,2000,5039,2164,2000,No
50000,Female,3,2,51,0,0,0,0,0,0,26660,26909,27485,27477,27651,27853,1763,1729,1111,1137,1188,997,Yes
460000,Male,1,1,42,-1,-1,-1,-1,-1,2,11924,7721,1711,-2,7126,1996,7728,2229,2,7128,10,957,No
30000,Female,2,2,27,0,0,0,0,0,0,26264,27536,28771,27744,28302,29725,2000,2005,1000,1000,2250,0,Yes
200000,Male,3,2,30,0,0,0,0,0,0,111053,112269,76726,72487,74108,67036,5020,4005,2800,3300,3000,2700,No
50000,Male,1,2,23,2,3,2,0,0,0,7557,7293,8017,8687,9048,9306,0,1000,810,500,408,500,Yes
50000,Male,2,1,38,0,0,0,0,0,0,25742,23300,21266,19418,19315,18559,1372,1286,666,680,816,819,No
200000,Male,2,1,33,-1,-1,-1,-1,-1,-1,3353,5341,5966,3348,5051,7128,5341,5966,3348,5061,7128,4722,No
360000,Female,1,2,38,0,0,0,0,0,0,53035,54125,55135,54645,54859,55112,3492,3452,1912,2000,2091,1929,No
230000,Male,1,2,43,-1,0,0,0,0,0,1156,10892,20039,29045,74551,92182,10000,10000,10000,1681,103197,3267,No
20000,Male,3,1,51,0,0,0,0,2,2,14341,15371,16375,18905,19462,18967,1266,1270,2800,1000,0,512,Yes
30000,Female,1,2,27,-2,-2,-2,-2,-2,-2,1784,6801,2118,4171,1714,2001,6855,2118,4171,1714,2001,0,No
10000,Male,2,2,29,2,2,2,2,3,2,5833,8162,8480,9089,8658,8372,2600,600,895,0,0,764,Yes
180000,Female,2,1,34,0,0,0,0,0,0,181076,168338,169278,171274,169691,173760,6013,6307,6300,6300,7000,14000,No
270000,Male,2,2,31,-2,-2,-2,-2,-2,-2,0,1521,0,0,0,0,1521,0,0,0,0,200,No
240000,Female,2,2,42,1,2,2,0,0,0,187558,187333,163332,166813,170739,174532,6700,0,6900,6000,6000,6000,Yes
280000,Female,2,2,43,0,0,0,0,0,0,31248,32081,32897,33350,34047,34525,1527,1541,1192,1233,1239,1273,No
330000,Male,2,1,34,-1,-1,-2,-2,-2,-2,901,0,0,0,0,0,0,0,0,0,0,0,No
200000,Female,3,2,46,-2,-2,-2,-2,-2,-2,13929,2837,5892,2267,11679,0,2837,5892,2267,11679,0,0,No
100000,Male,3,2,36,2,0,0,0,0,2,38546,42298,42636,44728,49192,51391,4400,1028,3120,6218,4016,4536,No
170000,Female,1,2,30,2,0,0,0,0,0,27267,28523,29742,30183,31041,31871,2000,2000,1233,1500,1500,2000,Yes
210000,Female,1,2,29,0,0,0,0,0,0,3675,4460,5542,15378,18106,18804,1082,1164,10000,3000,1000,1000,No
100000,Male,2,2,26,0,0,0,0,0,0,32186,32949,33680,34419,37782,76185,2000,2000,2000,4500,40000,3000,No
200000,Female,3,1,67,0,0,0,0,0,0,188072,166668,159513,150852,151996,147690,17014,15019,15000,15000,10000,10000,No
230000,Male,2,2,30,0,0,0,0,0,0,101832,92396,84297,49681,46224,44800,5000,4000,2029,2000,2500,1300,No
90000,Female,3,2,35,0,0,0,0,0,0,101106,96216,89964,29802,29174,26111,4208,4022,686,753,740,5034,No
170000,Female,2,1,28,0,0,0,0,0,0,105509,106445,68703,66338,62135,65706,4285,3000,3000,3000,5000,3000,No
100000,Female,2,1,42,2,2,0,0,0,0,101494,98994,96845,97037,93480,95516,13,3709,4000,3500,3600,3500,Yes
20000,Male,3,2,24,0,0,0,0,-1,-1,17895,19598,19701,3486,199,0,2000,1000,400,199,0,0,No
50000,Male,3,1,53,0,0,0,0,0,0,6618,7641,8651,8824,9008,9187,1133,1143,316,326,328,339,No
180000,Female,3,2,40,-2,-2,-2,-2,-2,-2,0,0,0,0,0,0,0,0,0,0,0,0,Yes
60000,Female,2,1,28,0,0,0,0,0,0,29701,27243,28227,28393,29149,28819,1463,1447,1393,1200,1000,1283,Yes
80000,Female,2,1,39,0,0,0,0,0,-1,8755,13290,11244,13444,6782,226,5000,5000,3000,2000,226,0,No
350000,Male,1,1,30,-2,-2,-2,-2,-2,-2,51672,31250,29178,29180,52550,43538,13113,12110,15044,32244,40218,112406,No
20000,Male,3,1,28,1,-2,-2,-2,-2,-2,0,0,0,0,0,0,0,0,0,0,0,0,No
160000,Female,3,1,30,-1,-1,0,-1,-1,-1,2215,8977,3300,10770,11800,10043,8977,1000,10770,11800,10043,5325,No
150000,Male,3,2,29,1,3,2,2,2,2,54803,52996,51169,53979,52639,58508,0,0,4000,0,7127,0,Yes
150000,Male,3,1,44,0,-1,-1,0,0,0,80015,19386,39008,19483,32901,8790,19418,40010,19,20000,0,13669,No
50000,Male,2,2,46,0,0,0,0,0,0,45206,45836,49577,18666,19058,19450,2362,20103,667,692,709,689,No
500000,Male,1,1,45,-1,-1,-1,-1,0,-1,6197,4934,6783,11507,4883,5897,4969,6802,11523,14,5914,7622,No
480000,Female,2,1,37,-1,-1,-1,-1,-1,-1,5269,2217,9731,9272,2718,1498,2217,9731,9272,2718,1498,1138,No
340000,Male,1,2,44,0,0,0,0,0,0,83059,85634,73950,59324,156094,110234,20000,5000,2000,112000,4234,4000,Yes
360000,Female,1,2,31,0,0,0,0,0,0,114287,114746,115304,114966,113208,113504,5200,5000,4000,5000,8000,4000,No
350000,Male,3,1,31,0,0,0,0,0,0,232501,231747,197689,207984,183208,190436,20000,20023,20014,20000,20000,20000,No
180000,Male,2,2,30,-1,-1,-1,-1,-1,-1,10000,10000,10970,12786,10300,10000,10000,10970,12786,10300,10000,11080,No
50000,Male,1,1,34,0,0,0,0,0,0,45341,31383,16235,17035,15601,16349,2115,2000,2022,1000,1000,2000,No
70000,Female,2,1,31,-1,0,0,0,2,2,6895,16381,18715,22630,22276,13564,10000,3000,4100,0,1000,0,Yes
40000,Female,3,2,23,2,2,2,0,0,0,34415,35170,34305,34985,35719,36428,1600,0,1250,1296,1302,1348,Yes
270000,Female,1,1,37,-1,-1,0,0,0,0,1257,71665,69256,67842,68235,72706,73700,3168,3000,4000,8000,3000,No
280000,Male,1,2,41,-2,-2,-2,-2,-2,-2,5819,14656,8971,5747,11927,40170,3683,9059,5787,11985,40370,8314,No
260000,Female,2,1,42,0,0,0,0,0,0,194654,184008,174268,181592,174184,153907,6540,7691,12831,6015,6410,9606,No
20000,Female,1,2,23,0,0,2,0,0,0,6988,8310,10015,9195,9539,9574,1444,2000,329,492,342,354,Yes
80000,Female,1,2,26,0,0,0,0,0,0,78128,71083,58715,39389,12012,2900,3362,1389,889,900,58,0,Yes
20000,Male,3,1,27,1,3,2,0,0,-2,20386,20757,19200,20000,0,0,1000,0,1000,0,0,0,No
180000,Female,2,2,33,0,0,0,-1,-1,0,10083,11211,13669,316,120961,123355,1600,3316,316,120961,5000,3100,No
250000,Female,1,1,43,-1,-1,2,-1,-1,-1,1041,6854,3774,4508,2916,4969,6854,0,4508,2916,4969,0,No
230000,Male,1,2,30,0,0,0,0,0,0,149545,136888,74555,45100,64387,45782,60000,20000,5000,30000,35000,90000,No
240000,Female,2,2,41,0,-1,-1,-1,-1,0,8435,169,1913,150,482,5482,169,1921,150,482,5000,5000,No
190000,Female,2,1,34,0,0,0,0,0,0,139569,101823,100209,85218,112672,76224,4500,40000,25000,35000,2897,20000,No
200000,Male,1,2,29,-1,-1,-1,-1,-1,-1,170,3300,38526,-93,18681,12399,3318,42497,0,18774,12461,9526,No
30000,Male,2,2,43,0,0,0,0,0,-2,28118,29266,28829,15762,0,0,2000,1209,700,0,0,0,No
180000,Female,3,2,42,0,0,0,0,0,0,102646,82849,78064,73437,108072,49206,5006,5000,5005,42500,3000,2000,No
30000,Female,2,1,34,-1,-1,2,-1,-1,3,5088,996,888,656,1957,1536,996,0,656,1957,0,0,Yes
60000,Female,2,2,44,0,0,0,0,0,0,43221,41539,40356,39672,39863,40319,2021,1918,1390,1576,1647,1516,No
200000,Male,1,1,29,-1,-1,-1,0,0,-1,295,1130,12791,40341,9238,1017,1130,12791,28000,1000,2000,74179,No
150000,Female,1,2,35,0,0,2,2,0,0,128102,136722,137525,133431,135837,143319,12644,4926,0,5122,10349,0,Yes
130000,Female,1,1,41,-1,-1,2,2,2,0,767,9637,8256,14890,13742,7630,9804,0,7600,0,5000,10000,Yes
210000,Female,2,1,34,0,0,0,0,-1,0,149092,153941,157358,3561,34600,32581,7000,7600,1019,36500,3000,3000,No
140000,Female,2,1,37,-1,0,0,0,0,0,65863,63803,61998,63517,62463,62168,3000,10000,6500,3900,6700,2000,No
80000,Female,2,1,39,1,2,0,-1,-1,-1,38986,34931,33890,2065,5215,3745,6,1000,2065,5215,3745,1390,Yes
240000,Female,1,1,36,-1,-1,-1,-1,-1,-1,12181,6746,12104,2788,4084,3288,6746,12104,2788,4084,3288,4788,No
50000,Male,3,2,44,0,0,0,0,0,0,48138,49262,49878,16748,17177,17691,2203,2139,700,700,800,1000,No
50000,Male,1,2,30,0,0,2,2,2,0,45948,50813,45393,49351,45473,48595,6012,10,8212,1200,4008,4407,No
160000,Male,2,1,49,-1,-1,-1,-1,-1,-1,435,435,435,435,435,435,435,435,435,435,435,870,No
260000,Female,1,2,31,-1,-1,-1,-1,-1,-1,597,1304,5734,24898,150,381,1306,5734,24898,3883,381,2234,No
80000,Male,2,2,31,8,7,6,5,4,3,126786,124971,121216,97622,88878,80518,0,0,0,0,0,0,No
100000,Female,2,1,46,-1,3,2,0,0,-1,5291,5045,3336,1863,390,930,0,0,0,0,930,0,Yes
50000,Male,3,2,36,0,0,0,0,-2,-2,47911,48418,7000,0,0,0,2166,1000,0,0,0,0,No
260000,Female,1,2,31,-1,-1,-1,-1,-1,0,1629,933,2218,4068,9829,21270,933,2220,4068,9829,11680,553,No
30000,Male,2,1,36,0,0,2,0,0,0,18441,19936,20803,21655,22646,23764,1800,1500,1500,1500,1500,1500,Yes
130000,Male,2,2,33,2,2,-1,-1,-2,-2,2183,2000,700,0,0,0,13,700,0,0,0,0,No
50000,Female,3,2,48,0,-1,-1,-1,-1,0,1500,2000,1382,-118,13656,13927,2000,1382,0,13925,498,516,No
150000,Male,2,1,35,2,2,2,2,2,2,144194,145889,146189,146838,148754,150746,6600,5300,5600,5500,5700,5500,Yes
200000,Female,1,1,58,-2,-2,-2,-2,-1,-1,-200,-200,-200,0,5957,0,0,0,200,5957,0,0,No
560000,Male,2,1,32,1,-2,-2,-1,-1,-2,19924,16297,4593,2512,11461,3402,1163,1023,2519,46518,3421,11467,No
20000,Male,3,2,26,-1,3,2,0,0,0,20780,20172,19400,20000,20000,0,0,0,1000,0,0,0,No
270000,Male,1,1,41,-1,-1,-1,-1,-1,-1,316,316,316,571,7711,571,316,316,571,7711,571,571,No
300000,Female,1,2,48,2,0,0,0,0,0,304040,305627,305697,269017,275230,260419,11500,12000,10000,10500,10000,10000,Yes
20000,Male,3,2,43,0,0,0,0,0,0,19107,20120,19445,19831,19473,20009,1330,1274,660,752,906,650,No
20000,Male,3,1,69,0,0,0,0,0,0,18516,19193,18578,17989,19533,20039,1700,2000,2000,2000,831,400,No
60000,Female,2,2,31,2,0,0,0,2,2,19921,20993,21736,23172,22661,24087,1700,1400,1800,0,1800,0,No
180000,Female,2,1,51,2,2,0,0,0,0,15100,14627,15632,15787,16117,17162,0,1495,650,671,1401,706,No
360000,Female,1,2,31,-1,-1,-1,-1,-1,-1,1041,5792,1358,5209,697,-4,5821,1367,5220,700,0,934,No
170000,Female,2,1,42,0,0,0,0,0,0,37772,38862,39914,40559,41953,42210,2000,2000,1610,2200,1600,1600,No
170000,Female,1,1,51,-2,-2,-2,-2,-2,-2,4667,5910,1630,2326,660,1373,5914,1630,2326,660,1373,6674,No
60000,Female,3,1,51,1,-1,-1,-1,-1,-2,0,724,0,785,0,0,724,0,785,0,0,0,No
30000,Male,2,2,27,1,2,0,-1,2,0,29956,28469,58384,29553,29933,30000,0,2000,30000,1000,1000,0,Yes
140000,Female,1,1,37,0,0,0,0,0,0,37625,38023,39577,39465,45180,44213,1657,2211,1459,6398,1729,1633,No
20000,Male,1,2,25,0,0,0,0,0,0,15848,16883,17839,18040,18414,16213,1595,1551,752,773,772,354,No
520000,Male,1,2,39,-1,-1,-1,-1,-1,-1,13273,12709,5480,5397,70137,11819,12712,5487,5397,70137,11820,7888,No
30000,Female,2,2,22,0,0,-1,2,-1,-1,10348,9287,1900,150,2558,2829,1013,1900,0,2558,2829,3000,No
70000,Female,1,2,24,1,2,0,0,2,0,71017,64454,64182,30351,29826,29699,0,1809,2500,0,2000,1500,No
80000,Female,3,1,54,0,0,0,0,0,0,76752,77528,68966,63972,50072,51239,3768,3009,2009,1818,2000,6000,No
50000,Male,3,1,36,1,3,2,5,4,3,21031,20411,23766,23114,22173,21521,0,4000,0,0,0,1250,Yes
170000,Female,1,2,25,0,0,0,-2,-2,-2,26359,5275,0,0,0,0,1275,0,0,0,0,0,No
160000,Female,2,2,24,2,2,2,2,2,2,67018,67257,68939,72267,73602,75133,1900,3400,5100,2800,2900,2800,No
360000,Female,2,2,30,1,2,2,-1,-1,-2,7102,6922,1861,1457,-129,-2629,1893,0,1457,2500,326,0,No
60000,Male,2,1,36,1,2,0,0,0,0,36544,37357,38067,38823,39638,40424,1700,1632,1388,1439,1445,1500,No
160000,Female,2,1,31,0,0,0,0,0,0,135320,146230,76660,79825,82951,85168,5000,10000,5000,5000,4000,4000,No
170000,Female,1,1,44,-2,-2,-2,-2,-2,-1,10309,4944,28144,1883,27938,14832,4944,28144,1883,27938,14832,0,No
20000,Male,3,1,52,1,2,0,0,0,-2,20838,20212,20148,19845,0,0,0,1200,397,0,0,0,Yes
290000,Female,1,1,45,-2,-2,-2,-2,-2,-2,1092,1335,1222,1513,2661,2436,1335,1222,1513,2661,2436,37015,No
340000,Female,2,2,52,-2,-2,-2,-2,-2,-2,3375,3267,-2,498,11466,412,3283,0,500,11523,414,15055,No
60000,Male,1,2,31,1,-2,-2,-1,0,-1,0,-880,-2640,1760,880,3110,0,0,4400,0,3110,0,Yes
500000,Female,1,1,36,-1,-1,-1,0,0,-1,51465,24201,384973,349790,315125,16576,24201,384986,7017,6342,16576,43710,No
230000,Female,3,2,54,0,0,0,0,0,0,66108,45000,33477,34914,36352,37745,6840,3000,2000,2000,2000,2000,No
30000,Female,5,1,53,0,0,0,0,0,0,28191,27166,17769,18107,18541,4770,1600,1300,1000,1200,2000,1000,No
20000,Male,1,2,25,1,-1,2,2,2,2,0,1825,1346,587,338,1239,3650,0,300,0,1000,0,No
140000,Female,2,2,30,-1,-1,-2,-2,-2,-2,854,0,0,0,0,0,0,0,0,0,0,0,No
500000,Male,2,1,31,0,0,0,0,0,0,39291,29122,26639,22828,21293,17544,1700,1174,1007,1013,1018,264,No
120000,Female,1,1,39,1,-2,-2,-2,-2,-2,0,0,0,0,0,0,0,0,0,0,0,0,No
70000,Female,2,2,25,0,0,0,0,0,0,63745,55670,47413,44590,45890,47126,2294,2100,1600,2000,2000,1750,Yes
280000,Female,2,1,50,-1,-1,-1,-1,-1,-1,25040,41270,570,1068,48313,10252,41275,570,1074,48313,10252,19226,No
130000,Male,2,1,53,-1,-1,-1,-1,-1,-1,780,0,390,390,390,390,0,390,390,390,390,390,No
70000,Male,1,2,30,0,0,0,0,2,0,68971,69872,66932,69043,70252,55732,2700,3100,3900,2500,2500,2500,Yes
340000,Female,2,1,42,-1,-1,-1,-1,-1,-1,14087,11007,16971,10734,9200,23818,11013,17025,10734,9200,23818,46291,No
210000,Male,1,2,28,-1,-1,-1,-1,-1,-1,1832,1074,1002,711,420,1572,1074,1002,711,420,1572,0,No
80000,Female,2,2,57,-1,-1,-1,-2,-2,-2,3072,2856,0,0,0,0,2856,0,0,0,0,0,No
120000,Female,2,2,43,-1,-1,-1,-1,-1,-1,316,71316,316,316,2766,1996,71316,316,316,2766,1996,2054,No
100000,Female,1,2,28,0,0,0,0,0,0,102697,100462,101879,100999,101188,99328,4600,4000,4000,4000,4000,4400,No
20000,Male,1,2,22,0,0,0,0,0,0,14720,15432,16252,14877,9487,-5910,3880,1200,298,5390,4000,9666,No
220000,Female,1,1,46,2,2,0,0,0,0,243517,228368,224414,196229,190050,183779,0,10000,7200,7001,6900,6400,No
70000,Female,1,2,34,2,2,2,2,2,2,44347,43357,46626,47562,48651,49700,0,4000,2000,2000,2000,2000,Yes
20000,Female,2,1,26,0,0,0,0,0,0,73404,75132,77264,74319,9968,10769,2600,2500,2000,1000,1000,1000,No
110000,Female,2,2,24,0,0,0,0,0,0,49782,50858,51780,53647,53308,54366,1878,1800,2647,1892,1901,1728,No
80000,Female,3,2,27,2,2,2,2,-1,-1,3682,4714,2336,0,5471,5415,3193,0,0,5471,5415,5124,No
30000,Female,1,2,29,1,-1,-1,-1,-1,-1,0,686,405,3190,2844,0,686,409,3190,2844,0,0,No
30000,Female,2,1,34,0,-1,-1,0,0,-1,27816,1250,24135,24745,22805,10745,1260,24135,1000,2000,10745,18572,No
60000,Male,1,2,27,0,0,0,0,0,0,57753,59186,59001,27971,28619,29213,2960,1628,1002,1100,1100,922,Yes
50000,Female,1,2,27,0,0,0,0,0,2,44421,45897,46920,47864,50856,48390,2500,2100,2000,3900,0,2000,No
260000,Female,2,1,53,0,0,0,0,0,0,222134,223345,225258,189500,182771,188876,10020,10007,10017,10003,10007,10036,No
500000,Female,1,2,29,0,0,0,0,2,2,201500,196051,161342,154127,149472,139130,10000,7031,10100,5663,0,4448,No
110000,Female,1,2,35,-1,2,-1,0,0,-1,549,179,1166,790,806,1729,0,1166,0,446,1729,0,No
30000,Female,3,1,33,2,2,2,2,2,2,27126,29970,29192,31103,31771,30404,3600,0,2700,1300,0,1300,No
180000,Female,1,2,31,-1,-1,-1,-2,-2,-2,8260,5921,0,0,0,0,5921,0,0,0,0,0,Yes
320000,Female,1,1,34,-1,-1,-1,-1,-1,-1,800,18873,-150,150,21565,4818,18873,0,500,21565,5000,168492,Yes
10000,Female,2,1,53,0,0,0,-2,-2,-2,9269,10400,0,0,0,0,1400,0,0,0,0,0,Yes
50000,Male,2,2,26,1,5,4,8,7,6,48481,47426,56623,55815,55033,53625,0,10000,0,0,0,0,No
170000,Female,1,2,32,1,-2,-2,-2,-1,-1,0,0,0,0,500,500,0,0,0,500,500,500,Yes
120000,Female,1,1,51,0,0,0,0,0,2,120290,116082,118405,99081,106300,104433,6000,6000,4000,9000,0,5000,No
30000,Female,3,1,47,1,2,0,0,0,0,32724,29279,27149,14930,14400,0,0,1500,797,680,0,0,No
160000,Male,2,2,29,0,0,0,0,0,0,157186,136159,96395,58773,60737,115158,6227,5000,5000,3000,60000,5000,No
50000,Female,1,2,27,2,2,2,2,2,2,45722,46694,47617,48542,49630,50047,2000,2000,2000,2000,1700,2000,Yes
30000,Female,2,1,44,0,-1,-1,-1,-1,-2,4180,390,0,780,0,0,390,0,780,0,0,0,No
50000,Male,2,1,36,0,0,0,0,0,0,47606,48653,50144,47838,48914,50442,1815,2306,2000,2000,2500,1700,No
240000,Female,2,1,45,1,-1,-1,-1,-1,-1,0,396,396,396,396,396,396,396,396,396,396,396,No
50000,Male,3,0,50,0,0,0,-1,-1,-1,45771,23343,0,3400,2769,0,2266,0,3400,2769,1700,0,No
180000,Female,1,2,31,4,4,4,3,2,2,83020,84654,82852,81162,79958,178148,3500,0,0,0,100000,0,Yes
500000,Female,2,2,28,0,0,0,0,0,0,215459,201715,141177,130352,126422,113148,7412,4721,3854,3622,3433,3201,No
240000,Female,3,2,50,0,0,0,0,0,0,223045,218120,221051,191997,196221,200058,9490,8163,6753,7197,7176,5265,No
50000,Male,2,2,23,0,0,-1,-1,-2,-2,30101,0,780,0,0,0,434,780,0,0,0,0,No
50000,Female,2,1,30,2,0,0,-2,-2,-2,6425,4580,0,0,0,0,1050,0,0,0,0,0,Yes
220000,Male,1,2,38,0,0,0,0,0,0,197600,201708,121499,124409,68319,0,8200,5100,5400,3300,0,0,No
200000,Male,2,1,36,1,-2,-2,-2,-2,-2,0,0,0,0,0,0,0,0,0,0,0,0,Yes
20000,Male,3,2,56,0,0,0,0,0,0,15552,16596,17609,17329,17850,18046,1300,1300,700,800,602,600,No
130000,Female,1,1,37,2,2,2,2,2,2,41795,43914,44396,45365,46093,47185,3100,1500,2000,1600,2000,2000,Yes
100000,Male,2,1,50,0,0,0,0,0,0,95549,98909,81181,48194,40692,18110,5025,2939,18263,15761,418,583,No
20000,Male,2,2,39,0,0,0,0,0,0,15972,16432,17618,17365,17719,17740,1500,1600,347,354,355,0,Yes
50000,Female,2,2,26,0,0,0,-1,0,0,48801,50140,48776,19251,19650,14974,2144,1000,19251,622,558,290,No
90000,Male,2,2,32,0,0,0,0,0,0,23730,24693,6470,9882,28283,27893,2000,5000,5000,25000,22000,5000,No
290000,Female,1,1,39,1,-1,-1,0,0,-1,1358,2586,11101,21101,2833,4820,2613,11101,10000,2839,4826,1352,No
180000,Female,2,2,34,0,0,0,0,0,0,181385,170946,171079,126724,125786,127419,8194,8500,4600,5000,4600,5000,Yes
200000,Female,3,1,57,1,-2,-2,-2,-2,-2,0,0,0,0,0,0,0,0,0,0,0,0,Yes
110000,Male,1,1,32,2,2,2,2,2,2,95686,98374,99562,100532,102779,100966,5100,3700,3500,4000,0,10060,Yes
50000,Male,3,2,28,0,0,0,0,0,0,17141,18361,19214,15519,15129,13747,1500,1211,516,520,622,5000,No
290000,Female,2,1,48,-2,-2,-2,-2,-2,-2,10608,34470,11888,27114,3501,12511,34470,11890,27114,3501,12511,5797,No
480000,Male,2,1,39,0,0,0,0,0,0,428927,436425,300134,315067,321825,328781,15000,30000,20000,12000,12500,12200,No
30000,Female,2,2,22,0,0,-2,-2,-2,-2,18830,0,0,0,0,0,0,0,0,0,0,0,No
380000,Male,1,1,50,0,0,0,0,0,0,211463,201613,191343,184267,172328,230031,10000,10000,10000,20000,95000,50000,No
340000,Female,1,1,42,0,0,0,0,0,0,221587,216472,218817,223329,226176,230921,8409,8500,8500,8500,8500,8500,No
200000,Male,3,1,29,-1,-1,-1,-1,-1,-1,15456,46620,22935,8335,971,4278,46722,22985,8346,971,4296,21767,No
360000,Female,1,2,30,0,0,0,0,0,0,40514,31871,27793,19409,18093,10800,1800,2025,3000,2000,1000,2000,No
160000,Male,1,1,49,-1,-1,2,-1,-1,-1,316,632,316,316,316,316,632,0,316,316,316,316,Yes
50000,Male,2,2,40,1,1,-1,-1,0,0,50209,-2522,409,29148,30270,22814,0,2931,30000,5270,2814,3089,No
200000,Male,2,2,32,-2,-2,-2,-2,-2,-2,1473,1473,390,390,540,390,1473,390,390,540,390,0,No
60000,Male,2,2,30,0,0,0,0,0,0,39264,41622,42627,43914,45053,46303,3000,2000,2000,2000,2000,2000,No
80000,Female,3,1,53,-1,2,-1,-1,-1,-1,780,390,390,390,390,1320,0,390,390,390,1320,0,No
100000,Female,2,1,38,2,2,0,0,0,0,50721,49635,50509,51666,52834,54955,0,2000,2000,2000,3000,3000,Yes
330000,Male,1,1,37,-2,-2,-2,-1,-1,-1,18807,15865,34284,2780,20247,1806,2087,10054,2840,21101,1814,1861,Yes
500000,Female,1,2,44,-2,-2,-2,-2,-2,-2,0,5218,3981,0,3672,7617,5218,3981,0,3672,7617,2691,No
180000,Female,2,1,32,0,0,0,0,0,0,54842,55435,56810,63562,41150,0,2073,2359,8000,3000,0,0,No
200000,Female,2,1,44,0,0,0,2,0,0,120515,117292,24612,19527,16471,13408,3030,4452,0,708,656,1000,No
420000,Female,1,1,39,0,0,0,0,0,0,304964,312224,315822,275393,278745,244543,14000,11230,10000,8091,6965,6362,No
110000,Female,2,2,23,0,0,0,0,0,0,34486,43872,45140,46885,48129,49327,10000,2000,2500,2000,2000,2000,No
50000,Female,2,1,24,2,0,0,0,0,0,50710,45641,29259,9442,9792,9684,1974,1552,334,498,500,493,Yes
130000,Female,3,1,46,0,0,0,0,0,0,17505,18529,19545,20217,20890,21541,1312,1328,1000,1000,1000,799,Yes
250000,Male,2,1,36,0,0,0,0,0,0,168899,174479,157088,136787,139385,122947,10000,8300,5200,5500,5000,5000,No
50000,Female,2,2,26,-1,-1,-1,-2,-1,3,528,378,-150,-678,2057,1206,378,0,0,3263,0,0,No
260000,Male,2,1,43,0,0,0,0,0,0,99523,76712,55185,82040,60867,59005,3514,3049,58312,3018,3020,1511,No
240000,Male,2,1,54,0,0,2,0,0,0,16135,249258,243589,204754,201426,198736,234000,30,7046,7023,10005,8014,No
300000,Female,1,2,28,0,0,2,0,0,0,24763,33484,31501,32678,36147,40503,10700,0,2000,4000,5000,0,No
200000,Female,1,1,35,-1,-1,-1,-1,-1,-1,82831,15081,32105,4476,6491,1262,15089,32130,4476,6619,1262,1974,No
600000,Female,3,1,46,-1,-1,-1,-1,-1,-1,22921,11441,23471,30871,17314,10000,11444,23537,31171,17348,10000,10000,No
130000,Female,2,2,29,0,0,2,0,0,2,88345,94597,92077,93272,96298,95745,8600,0,3500,7100,3600,2900,No
150000,Female,1,2,28,-2,-2,-2,-2,-2,-2,9625,2099,5306,8240,1686,149,2099,5306,8240,1686,149,1760,No
200000,Male,1,2,30,-2,-1,0,0,0,2,-1883,9208,103360,77818,26276,3235,15143,100057,292,10019,16,810,No
80000,Female,2,1,34,1,2,2,2,2,2,46461,47526,46466,48183,49057,51091,2100,0,2800,1800,3000,0,Yes
60000,Female,2,1,34,0,0,0,0,0,0,30834,33011,33434,34935,36344,37803,3000,2000,3000,4000,3000,3000,No
360000,Male,2,1,31,1,-2,-2,-2,-2,-2,0,0,0,0,0,0,0,0,0,0,0,0,No
110000,Female,4,1,37,0,0,0,0,0,0,70204,69876,69584,59666,60916,61423,2745,2800,2200,2200,2207,3003,No
70000,Female,3,1,35,3,2,2,2,0,0,69852,67531,28650,27590,27850,28085,0,2708,0,1010,1013,2000,Yes
50000,Male,1,2,27,1,-2,-1,2,2,2,0,0,71,71,3871,3612,0,71,0,3800,0,0,Yes
10000,Female,2,2,46,0,0,2,2,3,2,2496,4245,4525,5450,5073,4843,1800,500,1000,0,0,800,Yes
120000,Male,1,1,51,0,0,0,0,0,0,117446,117781,122030,114294,114144,116894,4400,8002,4200,4200,8000,4000,No
220000,Male,2,1,41,-1,-1,-1,-1,-1,-1,8840,1369,5924,1759,1824,7022,6643,5924,1759,1824,7022,2515,No
440000,Male,1,2,33,-1,2,-1,2,-1,3,1137,343,812,168,2653,2203,0,1300,0,2777,0,0,Yes
50000,Male,2,1,49,-1,-1,-1,-1,0,-1,1261,1261,1261,480,390,540,1261,1261,480,300,540,780,No
210000,Male,2,2,32,0,0,2,0,0,0,155913,165227,161427,164860,187329,186079,13000,0,5666,24886,6282,6494,No
490000,Female,2,2,34,0,-1,-1,0,0,-1,13955,10859,57426,35554,15858,23033,52280,57428,1068,3000,23033,20225,No
160000,Male,1,2,30,-1,-1,-1,-1,-1,-1,4180,7781,1256,14160,6180,2000,7781,1276,14160,6180,2000,290,No
180000,Female,2,1,39,0,0,0,0,0,0,46202,47359,48316,28220,29260,30173,2200,2111,1015,1500,1400,5350,No
330000,Female,2,1,45,0,0,0,0,0,0,123813,127050,135631,138036,141330,144529,5100,10600,5000,5000,5000,5000,No
20000,Male,2,2,34,0,0,2,0,0,0,17650,18740,18373,18768,19315,20836,2500,1000,1000,1000,2000,0,No
120000,Female,2,2,37,0,0,0,0,0,0,93822,96916,99051,99927,101541,103379,4848,4877,3625,3600,3751,3900,No
70000,Female,2,2,34,0,0,0,0,0,0,62694,63995,66446,67786,69686,70500,1818,3000,1903,2458,1900,0,No
230000,Female,1,1,44,1,-1,-1,-1,-1,-2,3884,949,2864,933,0,0,949,2873,933,0,0,0,No
30000,Male,2,2,28,2,0,0,2,2,2,26177,27249,29473,28719,29513,28890,1800,3000,0,2400,0,1600,Yes
260000,Male,2,1,34,0,0,0,0,0,0,176688,179281,180957,165911,169863,71403,6929,5088,4138,4789,2450,1507,No
20000,Female,3,3,56,-1,2,-1,-1,0,-1,190,2946,1473,780,390,1738,1473,1473,780,0,1766,0,Yes
70000,Female,3,2,55,0,0,0,0,0,0,69997,41409,31450,29592,29703,19582,1700,3018,3338,3000,717,595,No
90000,Male,3,1,31,0,0,0,0,0,0,68476,68485,67000,45837,49959,52981,4017,4000,4000,5000,4000,4000,No
270000,Male,2,1,51,0,0,0,0,0,-1,32108,32784,29891,24531,19391,8850,15000,10000,10000,10000,8850,22123,No
30000,Male,2,1,35,0,0,0,0,0,0,25989,27100,27868,28430,29077,29540,1533,1301,863,947,836,915,No
240000,Male,2,2,30,0,0,0,0,0,-1,151127,155421,154926,148681,24105,9770,10000,10000,300,1000,9770,18037,No
30000,Female,2,2,31,0,0,0,0,0,2,30589,31547,28734,27551,28836,11718,1488,1400,1300,3000,0,500,No
110000,Male,2,1,32,0,0,0,0,-2,-2,56573,26953,28190,-18,-18,-18,2000,2000,0,0,0,0,No
20000,Male,2,2,24,0,0,0,0,0,0,17850,15528,13597,14088,13723,16318,2019,2000,1003,1000,3000,2000,No
500000,Male,3,1,55,-2,-2,-2,-2,-2,-2,735,-5,-5,1012,500,0,0,0,1017,500,0,1059,No
240000,Female,2,2,32,0,0,0,0,0,0,308013,190907,192181,189877,188205,182325,7000,6615,6401,6503,6393,6051,No
140000,Female,2,2,25,0,0,0,0,0,0,137585,131666,114989,81475,82812,71484,6200,4246,5000,3000,3000,2800,No
50000,Male,1,2,24,0,0,0,0,0,0,42058,35340,22110,19837,19855,20151,1367,1606,692,709,721,692,No
50000,Female,3,1,51,0,0,0,0,0,0,50448,34741,21312,17398,17773,17368,2017,2130,500,2000,2000,2000,Yes
260000,Female,1,2,25,-1,-1,0,0,0,-1,359,7822,13926,15393,22746,2946,9188,13907,3015,10413,2960,3820,No
100000,Male,2,1,35,-1,-1,-1,-1,-1,-1,1131,291,291,291,291,502,291,291,291,291,502,80,No
30000,Female,3,1,47,2,2,0,0,2,0,25280,24589,26160,29927,29336,29820,0,2000,4200,0,1100,1100,Yes
20000,Female,3,1,35,0,0,2,2,0,0,15791,18218,18621,18024,18434,19826,3000,1000,0,700,1700,0,Yes
60000,Female,2,1,24,3,2,2,2,0,0,33866,33041,35284,31602,32221,30208,0,2900,0,1200,1409,1115,Yes
350000,Female,2,3,44,2,2,-2,-2,-2,-1,52949,-4577,-4577,-2699,-2699,297301,3682,0,1878,0,300000,0,No
130000,Female,2,1,41,2,2,0,0,0,0,133894,130312,128653,100795,95299,86564,0,7347,4000,3450,3300,4000,Yes
390000,Female,2,2,26,2,2,2,0,0,0,185111,172865,153795,140387,128112,115514,5000,3000,5000,4548,4100,3300,No
460000,Male,1,1,39,2,2,5,5,5,5,2495,2495,2495,2495,2495,2495,0,0,0,0,0,0,Yes
30000,Male,3,2,31,0,0,0,0,0,-2,27838,28791,27788,29784,0,0,1703,1200,2196,2500,0,0,Yes
170000,Female,2,1,35,-1,-1,0,-1,-1,-1,10316,2798,4543,3229,2062,0,2798,4022,3229,2062,0,0,Yes
20000,Male,2,2,27,3,2,0,0,0,-2,20771,19935,3110,2140,0,0,0,1000,100,2000,0,0,Yes
260000,Male,2,1,31,0,0,0,0,-2,-2,12695,9277,7065,0,0,0,4005,4150,0,0,0,0,No
190000,Female,1,2,32,0,0,0,0,0,0,161248,157952,157663,161039,161907,161729,6500,7000,10000,7000,6500,6000,No
480000,Male,1,1,37,0,0,0,0,0,2,470317,469673,450172,371819,390178,383822,18507,19307,13534,28001,14,11568,No
60000,Male,2,2,33,0,0,0,0,0,0,58760,57635,56706,56452,58542,60273,2500,2000,2100,3000,3210,10000,No
50000,Female,3,2,50,-2,-2,-2,-1,0,0,48781,50283,51400,9463,9661,9854,2283,2400,9463,350,353,365,No
160000,Female,1,2,25,0,0,0,0,0,0,76038,64399,52532,39455,26505,13302,2791,3000,1286,890,497,267,No
280000,Female,1,2,29,-1,-1,-1,-1,-1,-1,768,786,1379,1885,143,1250,788,1383,1890,143,1253,316,No
290000,Female,3,1,29,0,0,0,0,0,0,161623,166345,167924,170227,164584,161912,11200,6000,6000,6000,6700,5000,No
20000,Female,2,1,41,0,0,0,0,0,-1,7434,8453,9249,9438,5700,1140,1300,3000,189,0,1140,390,No
230000,Female,3,1,40,-1,-1,-1,-1,-1,-1,1856,32254,4805,1600,4712,3466,32254,4819,1600,4712,3466,3199,No
120000,Female,2,1,31,0,0,0,0,2,2,46736,75853,79570,106523,108614,107519,30000,5000,30000,3900,4000,3800,Yes
400000,Male,1,2,28,-2,-2,-2,-2,-2,-2,1202,-14,2893,13854,13860,12215,0,2907,13863,13869,12216,29171,No
80000,Male,2,1,34,1,2,2,0,0,0,64575,65961,64308,65047,66504,74360,3000,0,2400,2500,9000,0,No
200000,Female,1,1,37,0,-1,-1,0,0,0,74418,3251,86800,84144,83699,121930,3251,86804,1820,29000,71439,2738,No
20000,Male,2,1,48,1,4,3,2,3,2,17453,16898,16334,17270,16713,16297,0,0,1500,0,0,3000,Yes
100000,Male,2,2,26,-1,2,-1,0,-1,-1,214,107,214,107,107,38362,0,214,0,107,38362,1600,Yes
150000,Male,2,3,25,-1,-1,-1,0,0,0,1180,7667,9044,8397,6763,0,7705,9047,8,33,0,0,Yes
180000,Female,2,2,23,0,0,0,0,0,2,178239,178856,177754,178191,183051,179546,7969,6379,6319,10671,3000,5400,Yes
500000,Female,2,1,47,-1,-1,-1,-1,-1,-1,396,396,396,396,396,396,396,396,396,396,396,396,Yes
360000,Female,2,2,46,-1,-1,-1,-1,-1,-1,4000,311,913,465,157,4247,311,920,465,157,4247,157,No
220000,Male,1,1,42,1,-2,-2,-2,-2,-2,0,0,0,0,0,0,0,0,0,0,0,0,Yes
50000,Female,1,2,36,1,2,2,2,2,2,29003,29244,30827,31224,30587,32763,1000,2363,1200,0,2700,1157,Yes
310000,Male,1,1,47,-2,-2,-2,-2,-2,-2,960,1863,2667,0,2654,0,1869,2681,0,2654,0,2397,No
160000,Female,2,2,23,0,0,0,-1,-1,-2,21905,22473,21380,283,0,-17149,1373,1000,283,0,0,20261,No
280000,Female,2,1,40,-1,-1,-1,-1,-1,2,415,415,415,565,830,415,415,415,565,830,0,415,No
20000,Male,3,2,44,4,3,2,0,0,2,12480,12001,11516,11436,12553,12501,0,0,408,1300,300,0,Yes
60000,Male,1,2,24,-1,-1,-1,-2,-1,-1,390,780,0,0,371,18239,780,0,0,371,18239,650,Yes
390000,Male,2,1,37,0,0,0,0,0,0,178087,185212,187648,192538,198828,206489,10000,7001,8001,10000,10000,14807,No
450000,Male,1,2,31,-1,-1,-1,2,-1,0,757,1422,2469,1562,20030,9248,1422,2000,0,20030,1000,1000,No
180000,Male,2,2,26,0,0,0,0,0,0,171041,111580,71902,10045,10484,10816,5000,3340,500,1000,1000,416,No
140000,Male,3,2,30,2,2,2,2,2,0,145627,145339,136223,113942,109652,109118,6005,210,7903,0,4183,4213,No
40000,Female,2,2,33,1,2,2,0,0,-1,21576,23242,21057,20746,20613,867,3000,0,1000,1062,1600,1542,No
80000,Male,2,2,26,0,0,0,0,0,2,24906,26242,27360,27480,29642,28779,2000,1800,1100,3000,0,1000,No
240000,Female,3,2,35,-1,-1,-2,-2,-2,-2,4215,0,0,0,0,0,0,0,0,0,0,0,No
80000,Male,2,2,33,0,0,0,0,0,-1,69963,64081,62582,47595,44724,44287,5000,2012,2000,3000,44287,3000,No
360000,Female,3,1,45,0,0,0,0,0,-1,167370,183070,190369,185069,195069,27004,20000,16000,5000,20000,30000,10000,No
300000,Female,2,1,31,-1,-1,-1,-1,-1,-1,3862,-3,6367,570,3749,127,0,6370,570,3749,1217,60959,No
390000,Female,1,2,29,-2,-2,-1,-1,-1,-1,0,0,1630,1871,2400,3480,0,1630,1871,2400,3480,1600,No
320000,Male,1,1,37,-1,-1,-2,-2,-2,-1,14515,0,0,0,0,13439,0,0,0,0,13439,0,Yes
220000,Female,1,1,26,0,0,0,0,0,0,52593,65221,73395,81697,57517,58920,15000,10000,10000,5000,1776,10000,No
90000,Female,2,1,32,1,-1,-1,-1,-1,-1,0,323,0,2520,1651,0,323,0,2520,1651,0,0,No
130000,Female,2,2,33,0,0,-1,-1,-1,-1,7547,3773,4329,8638,2279,-1,1011,4345,9261,2285,0,338,No
160000,Male,2,1,37,2,-1,-1,-1,-1,-1,833,833,833,833,833,833,833,833,833,833,833,833,Yes
280000,Male,1,1,38,-2,-2,-2,-2,-2,-1,101259,7224,11169,2300,0,10551,7259,11055,2311,0,10551,15000,Yes
310000,Female,2,2,38,-1,-1,-1,-1,0,0,1276,3666,2779,3140,1831,5347,3666,2787,3140,0,5347,1420,No
130000,Male,2,2,29,0,0,0,-2,-2,-2,30857,43333,0,0,0,0,13333,0,0,0,0,0,No
30000,Male,2,1,39,1,2,0,0,0,0,30559,26457,27469,28013,28614,29636,129,1456,1000,1050,1500,1505,No
170000,Female,2,2,34,-1,-1,-1,-1,-1,-1,8069,2855,11744,5886,12916,3177,2855,11900,5886,12916,3177,4511,Yes
240000,Male,1,1,29,-1,-1,-1,-2,-1,-1,17882,367,-4661,-23,4638,2500,403,4838,4638,4661,2500,0,No
110000,Female,1,2,28,1,-1,-1,-1,0,0,-100,200,400,46952,48455,47324,500,400,46952,3000,3000,2000,Yes
20000,Female,3,1,23,1,2,2,-2,-2,-2,14428,14310,0,0,0,0,480,0,0,0,0,0,Yes
20000,Female,2,2,21,0,0,0,0,0,0,20040,17850,13560,11748,10632,10019,1499,1099,333,2000,2000,800,No
360000,Female,2,1,43,-1,-1,-1,-1,-1,-1,1999,10145,4005,19158,3569,31171,10145,4723,19158,3569,31171,3283,No
80000,Male,3,1,59,0,0,0,0,0,0,71720,73024,74297,33412,30070,30254,3234,3075,1126,1091,1074,1028,No
170000,Female,1,2,34,0,0,0,0,0,0,55623,49216,46239,36300,29350,28164,2253,1888,1200,3782,1160,976,No
10000,Female,1,2,27,0,0,0,2,2,0,8128,8470,10255,9389,8345,8572,1400,2500,500,0,500,2000,No
60000,Female,1,2,23,0,0,0,0,0,0,17191,17864,18408,18393,18238,18345,1700,1600,1000,1000,1000,2000,No
220000,Male,1,1,39,0,0,0,0,0,0,38647,27796,12372,4610,3668,-809,2017,3000,1000,0,0,3000,No
70000,Female,2,2,26,0,0,0,0,0,0,23790,23880,24843,25338,25461,26008,1425,1388,883,906,952,877,No
180000,Male,2,2,26,0,0,0,0,0,0,145574,108617,102711,95652,97661,99656,3907,3600,3415,3542,3616,2000,No
60000,Male,1,2,31,2,2,2,2,2,2,60705,62352,60745,58828,55606,58551,3200,0,4580,0,4727,0,Yes
100000,Female,2,1,40,2,2,2,2,2,2,44421,45504,46157,46900,47999,49057,2100,1700,1800,2000,2000,2000,Yes
500000,Male,2,2,28,0,0,0,0,0,0,24677,28287,32988,21579,26674,28697,7013,8071,3013,8012,5019,2006,No
50000,Male,2,2,38,0,0,0,-2,-2,-2,26533,16426,0,0,0,0,1000,0,0,0,0,0,No
340000,Female,2,2,27,-1,-1,-1,-1,-1,-1,24583,1954,11271,6559,1924,10057,1964,11337,6591,1933,10072,33,No
450000,Male,1,2,31,-1,-1,-1,-1,-1,-1,3960,4397,2177,17871,11451,3570,4412,2180,17895,11502,3581,37092,No
160000,Male,1,2,31,-1,-1,-1,-1,-1,-1,813,1351,0,2773,215,2026,1351,0,2773,215,2026,0,No
180000,Male,2,1,33,0,0,-1,-1,0,0,177017,107267,11426,96562,144345,141659,20135,12099,96562,49000,140000,6000,No
50000,Male,2,1,25,1,-1,0,0,0,0,-8,37230,10496,3614,2254,1494,18631,1000,0,0,0,0,Yes
500000,Male,2,1,38,1,2,0,0,2,0,91662,88467,90193,94629,92621,80971,0,4500,7200,8,3403,2311,No
80000,Female,2,2,23,-1,-1,0,0,0,0,3796,7913,7012,11009,16418,27694,7913,1000,9000,6000,12000,5000,No
280000,Male,3,1,49,-1,-1,-1,-1,-1,-1,4792,3410,2295,3105,582,14013,3410,2295,3105,582,14013,4240,No
240000,Female,5,1,41,2,2,2,2,2,2,239633,242710,229923,238940,238775,238202,9000,0,18000,9000,8600,0,No
50000,Male,2,2,27,0,0,0,0,0,0,46858,22534,18131,18530,19079,19608,2000,4131,1000,1000,1000,1000,No
100000,Female,1,1,42,2,2,2,2,2,2,46195,47166,46112,48925,49794,50823,2000,0,3900,1800,2000,2000,Yes
80000,Female,2,2,34,1,3,2,0,0,-2,84054,82194,78715,26681,0,0,3,5,1075,0,0,0,Yes
150000,Female,1,2,40,-1,-1,-1,-1,-2,-2,7296,1819,1012,0,0,0,1819,1012,0,0,0,0,Yes
220000,Male,2,2,30,1,2,2,2,2,2,105348,106432,102996,100198,100357,95471,4268,3251,2900,5000,0,105300,Yes
270000,Female,2,2,34,0,0,0,0,0,0,131310,123737,115927,106350,98365,89909,6000,5700,3800,3700,3300,3100,No
230000,Female,3,2,25,0,0,0,0,-1,-1,26214,26504,20010,0,104160,0,2000,1067,0,104160,0,0,No
140000,Female,2,1,30,0,0,2,4,3,2,106298,111040,122612,120270,118091,122963,6451,15000,1100,0,7000,0,Yes
180000,Male,2,2,40,-1,-1,-1,-2,-2,-2,4289,1000,0,0,0,0,1000,0,0,0,0,10443,No
140000,Female,2,2,27,1,2,2,-1,0,0,28332,27464,-1116,90558,92530,83880,0,28,92000,3800,3600,2604,No
80000,Male,2,1,36,0,0,0,0,0,0,25028,26054,20344,7311,6100,2160,3033,3379,0,0,0,0,No
140000,Male,2,2,30,0,0,0,0,0,0,131026,130023,76098,50419,47202,43946,5006,2169,1651,2122,3006,2505,No
20000,Male,3,2,38,0,0,0,0,0,0,18878,19286,18977,18335,18718,18475,1318,1289,647,669,664,682,No
360000,Male,1,1,37,-1,-1,-1,-1,-2,-1,797,357,759,0,0,2318,360,759,0,0,2318,0,No
130000,Female,1,2,28,-2,-2,-2,-2,-1,-1,9821,8582,0,0,1170,0,8611,0,0,1170,0,1070,Yes
70000,Female,1,1,36,1,2,0,0,0,0,31919,31123,32203,34656,36927,38308,0,1600,3000,3000,2000,1420,Yes
300000,Male,1,2,41,-1,-1,-1,-1,-1,-1,2930,1610,0,800,0,1951,1610,0,800,0,1951,0,No
500000,Male,2,2,32,-2,-2,-2,-2,-2,-2,71731,75357,62407,63706,59452,47868,25487,80389,50132,22208,30167,25036,No
140000,Male,2,1,45,-1,3,2,2,2,2,104144,106179,106947,107690,109821,107893,5200,4000,4000,4000,0,4100,Yes
400000,Female,2,2,27,1,-2,-1,-1,-2,-1,0,0,890,0,0,1180,0,890,0,0,1180,1470,No
30000,Female,2,2,28,0,0,0,0,0,3,15280,16230,17153,17351,19509,18900,1500,1500,780,2600,0,900,Yes
50000,Male,1,1,33,2,2,0,0,0,-1,12632,13131,14817,13725,13147,5932,1000,2000,7000,5000,5932,25497,No
380000,Male,2,1,38,0,0,0,0,0,0,88112,91640,93480,95256,96964,71250,4569,4000,3000,5000,5000,2070,No
620000,Female,1,2,52,-1,-1,-1,0,-1,-1,31400,32166,17206,164582,75743,54737,32335,17244,154826,76300,55012,55136,No
200000,Male,3,1,69,0,0,0,0,0,0,83858,66979,65728,64490,53186,52136,3207,3042,2100,2008,2508,2000,No
20000,Female,2,1,25,-1,2,0,0,0,0,19744,19137,19476,16911,11893,9583,0,1200,0,5000,1000,0,Yes
170000,Female,1,2,29,-1,-1,-1,0,0,0,5539,337,11277,11277,14277,-47,1147,11477,0,3000,0,0,Yes
250000,Female,1,2,26,0,0,0,2,2,2,195126,199972,205635,212608,207919,205377,9500,10800,12018,3000,5000,12000,No
120000,Female,2,2,25,1,-2,-2,-2,-2,-2,0,0,0,0,-10810,-15296,0,0,0,0,0,85929,Yes
200000,Female,3,1,41,2,0,0,0,0,0,199802,195038,129415,88682,74132,71281,9231,4872,2894,2637,2591,2410,No
200000,Male,1,1,39,0,0,0,0,0,0,91415,79928,23532,23632,12852,5799,20387,2023,5060,1549,3029,8419,No
180000,Female,1,1,44,0,0,0,0,0,0,97925,98817,98495,96309,98484,100319,4303,4200,3500,3700,3600,3800,No
500000,Female,1,2,34,0,0,0,0,0,0,119451,143348,159291,262663,308074,400050,26000,20000,106700,50000,100000,200000,No
20000,Female,2,2,24,0,0,0,0,0,0,13867,14834,15931,15850,16226,14411,1500,1450,369,429,288,250,No
500000,Male,2,1,39,0,0,0,0,0,0,342548,290244,250186,276579,239874,226502,8628,6242,231888,7945,7840,6966,Yes
80000,Female,1,1,47,-1,-1,-1,-1,-1,-1,15739,17253,35369,18351,14249,10637,17253,35369,18351,14249,10637,12331,No
80000,Female,3,2,23,0,0,2,2,2,2,71988,76940,68255,55983,59823,51519,6200,2000,2,6278,0,1567,No
360000,Male,1,2,30,0,0,0,0,0,0,36590,29751,22581,12936,7970,7970,1400,1000,1000,3000,0,0,No
230000,Female,1,2,28,-1,-1,-1,-1,-1,-1,12089,2306,13827,11686,46963,15962,2306,13835,11686,46963,15962,1596,No
70000,Male,2,2,32,3,2,0,0,0,2,21986,21351,22090,22723,24351,23809,0,1400,1000,2000,0,2074,Yes
20000,Male,2,2,25,-2,-2,-1,2,0,0,1000,0,16668,16105,16496,16872,0,25464,0,800,800,800,No
250000,Female,2,1,37,0,0,0,0,0,0,215928,221963,224949,229577,234221,238960,9510,8160,8364,8493,8625,8737,No
400000,Male,2,2,33,0,0,0,0,0,0,61705,58018,52383,48139,35898,30754,3000,3000,3000,4000,3000,4000,No
420000,Female,1,1,30,-1,-1,-1,-1,-1,-1,3790,19292,15068,37435,-1896,18995,19292,15087,37435,287,25087,3046,No
320000,Male,2,2,37,0,0,-1,0,0,0,31989,35554,85376,88585,101546,41685,5001,92586,5001,15001,3011,6001,No
30000,Male,1,2,25,0,0,0,0,0,0,29108,29806,30477,30651,30107,26304,1800,1800,1300,1560,1000,1100,Yes
470000,Male,1,2,30,0,0,0,0,0,0,290137,294980,276255,241089,223366,207733,15128,12235,10123,10019,10102,10000,No
70000,Male,1,2,31,1,2,2,0,0,0,65779,34480,33632,35747,38981,43331,3000,0,3000,4000,5000,0,Yes
70000,Female,2,2,23,-1,0,0,0,0,0,18193,19241,19346,15754,15855,15011,1352,1237,545,726,353,99,Yes
30000,Female,1,2,25,0,0,0,0,0,0,22399,25859,26540,13842,16299,18547,5000,1500,499,3000,3000,3000,No
30000,Female,2,1,22,1,2,2,0,0,-2,14274,14367,13296,12516,0,0,1000,0,0,0,0,0,Yes
30000,Female,2,1,45,2,2,2,0,0,0,30330,30948,29480,28805,19733,16543,1400,0,928,602,768,1299,Yes
70000,Male,2,2,35,0,0,0,0,0,0,67306,69023,69340,39191,40009,40893,3400,2310,1600,1600,1700,2000,No
20000,Female,3,2,50,0,0,0,0,0,0,16350,17382,18488,19179,19720,19822,1300,1400,1000,1000,626,300,No
210000,Male,2,2,31,2,2,0,0,2,0,200332,195530,176634,128137,130500,128838,0,6800,4900,4500,4700,4900,Yes
170000,Female,1,1,36,-1,-1,-1,0,-1,-1,1000,1000,3000,1000,1000,1500,1000,3000,0,1000,1500,1000,No
300000,Male,2,2,31,-1,-1,-1,-1,-1,-1,86267,78176,48163,13461,5121,5663,78580,48408,13538,5145,5690,13535,No
10000,Female,2,2,24,0,0,0,0,0,0,7199,8275,9232,9266,9501,9729,1350,1270,300,350,350,300,Yes
50000,Female,1,2,24,-2,-2,-2,-2,-2,-2,220,220,677,1200,666,1480,220,677,1200,666,1480,3710,No
200000,Female,2,1,30,1,2,0,0,0,0,35706,34064,30519,26166,28097,29855,1500,2547,2500,2500,3500,2000,No
220000,Female,1,2,36,-1,-1,-2,-2,-2,-2,2978,125,15064,101,1011,1411,125,15064,101,1011,1906,486,No
400000,Female,2,1,34,-1,-1,0,-1,-1,0,14986,25772,12621,13983,3378,3770,25772,1500,13983,3378,2000,9353,No
260000,Female,1,2,30,-1,-1,-1,-2,-2,-2,449,1340,0,0,0,0,1340,0,0,0,0,3250,No
10000,Female,2,1,37,0,-1,0,0,0,0,10000,7419,7392,8265,8631,17974,7419,1400,1000,500,500,500,No
140000,Male,1,2,28,0,0,0,-1,-1,-1,23702,23917,24460,435,435,435,1457,1000,435,435,435,435,No
50000,Male,3,2,43,0,0,0,0,-1,0,97348,49221,29457,9279,888,19947,3711,1060,212,888,19709,690,No
330000,Female,2,1,42,0,0,0,0,0,0,18516,24202,32912,36710,40442,42283,10000,10000,5000,5000,5000,5000,No
130000,Female,1,2,29,-2,-2,-2,-2,-2,-2,-200,-200,0,2115,0,0,0,200,2115,0,0,0,Yes
360000,Female,1,2,33,-2,-1,2,-1,0,0,0,883,887,26292,22279,550,883,4,26514,557,550,2500,No
450000,Male,1,2,28,-1,0,0,0,-1,-1,9845,11991,17111,19585,9756,3282,3000,10000,3000,10000,3300,326,No
500000,Male,1,2,36,-1,-1,0,-1,-1,-1,15401,23032,54759,52030,71797,93159,23128,40105,52221,71852,93218,179568,No
240000,Male,2,1,33,-1,-1,-1,-1,-1,-1,8383,3470,2220,2220,3356,2220,3470,2220,2220,3356,2220,3829,No
60000,Female,2,2,29,1,2,0,0,0,0,9045,7910,6770,6880,5021,4952,1000,1000,1000,2000,2000,3000,No
340000,Male,2,1,42,0,0,0,0,0,0,76166,83909,169911,130718,131684,126223,10000,115000,5000,6000,10000,10000,No
500000,Female,2,1,53,-1,-1,-1,-1,0,-1,7855,17481,12021,132906,122256,37380,17512,12021,132906,0,37380,3500,No
270000,Female,2,1,33,0,0,0,0,0,0,121065,96197,92217,94082,96367,97793,3500,3349,3400,3800,3300,2601,Yes
50000,Male,2,2,33,0,0,0,0,0,2,24060,17474,18297,20114,13235,12482,1400,1183,2000,1200,0,610,No
20000,Male,3,2,29,0,0,0,0,0,0,11455,12866,5596,7337,8063,8769,2000,1500,2000,1000,1000,2100,No
130000,Female,1,1,36,-1,-1,-1,-1,-1,-1,9164,4603,5000,1500,0,390,4605,5000,1500,0,390,5874,No
90000,Female,2,1,55,0,-1,-1,-1,-1,-1,15000,1055,-180,2320,1286,1132,1055,0,2500,2000,1132,1110,Yes
200000,Female,1,1,50,-1,-1,-1,0,0,-1,1662,2482,19272,22388,21105,3471,2482,19272,10004,10000,3471,13754,No
80000,Female,1,1,43,-1,-1,-1,-2,-2,-1,21057,2282,-185,-185,-185,665,2282,0,0,0,1000,0,No
30000,Female,3,1,45,1,2,2,2,0,0,29334,28198,29497,28268,30817,17219,0,2457,0,3000,344,0,No
50000,Male,2,2,28,0,0,0,0,0,0,48566,47893,48760,22967,39687,23755,2000,2313,813,875,1008,695,No
50000,Male,2,2,33,0,0,0,0,0,0,53282,50936,49911,19817,20492,20365,3000,2300,715,1000,878,1000,Yes
450000,Female,1,1,69,-1,-1,-1,-1,-1,-1,2000,0,1173,0,6265,2374,0,1173,0,6265,2374,708,Yes
130000,Female,2,1,37,0,0,0,0,0,0,3811,8692,10467,10067,12567,12567,5000,2000,0,2500,0,0,Yes
350000,Male,1,2,33,0,0,0,0,0,0,53562,49396,42968,38575,34226,31026,2045,1660,1338,1300,2000,865,No
20000,Male,3,2,22,-2,-2,-1,-1,2,2,20732,19981,431,20786,20355,18752,2,431,20355,0,2732,7189,Yes
170000,Male,2,2,27,0,0,0,0,0,0,21958,22572,14549,10849,12509,64218,1300,2000,1000,2000,52292,2200,No
240000,Female,2,1,38,1,2,0,0,2,2,47320,46392,51652,54969,42373,48952,0,6000,4059,14,10022,0,No
130000,Male,1,2,30,0,0,0,0,0,0,77939,78524,63421,60269,59984,27126,3916,3000,3000,3000,1000,2000,No
360000,Female,1,1,28,1,-2,-2,-2,-2,-2,0,0,0,0,0,0,0,0,0,0,0,0,No
10000,Female,3,1,42,2,0,0,0,0,0,8965,8640,9412,9604,9800,0,1228,1000,192,196,0,8138,Yes
200000,Female,3,2,70,-1,-1,-1,0,0,-2,7109,9999,5300,5300,0,0,10025,5300,0,0,0,0,No
150000,Female,2,1,35,0,0,0,0,2,0,39883,41045,41701,40699,25218,9340,1806,1462,2000,0,2000,44,No
50000,Male,5,2,33,0,0,0,0,0,0,47423,33843,31251,30935,28905,27487,1600,1600,1200,1200,1000,972,No
40000,Male,2,2,26,1,2,2,2,2,2,39826,40690,32183,38897,40234,40536,1900,390,8000,2500,1500,0,No
400000,Male,1,2,42,-2,-2,-2,-2,-2,-2,4279,100815,15906,81768,4887,43827,101319,15942,82308,4903,44257,53406,No
80000,Male,2,2,25,-1,2,-1,0,-1,0,832,416,832,416,832,416,0,832,0,832,0,416,Yes
50000,Male,2,2,28,-1,2,-1,0,0,-1,2809,187,3135,937,-3,894,0,3141,2,0,897,906,No
20000,Male,2,1,62,0,0,0,-2,-2,-2,19724,19581,0,0,0,0,1000,0,20500,0,0,0,Yes
30000,Female,1,2,23,1,3,2,2,2,2,12271,11791,11305,12216,12374,12026,0,0,1100,500,0,445,No
20000,Male,1,2,29,0,0,0,0,0,0,14492,15759,17371,17873,18073,10817,1500,2000,651,500,1000,500,No
390000,Female,2,2,48,0,0,0,0,0,0,171189,176989,178698,182101,155517,154668,10000,10000,8004,10000,6000,10000,No
100000,Female,3,2,66,0,0,0,0,0,0,82583,83398,85103,86802,88912,90400,3035,3100,3100,3500,3500,7100,Yes
50000,Male,2,1,34,0,0,0,0,0,0,44849,41873,28077,18291,16886,27476,2550,1636,1000,1000,1000,1000,Yes
120000,Female,3,1,54,0,0,0,0,0,0,67094,69010,70683,71504,73230,73613,3000,3000,2300,2600,2500,1500,No
80000,Female,1,2,24,-1,-1,-1,-1,-1,-1,329,49,317,827,390,120,500,320,900,400,120,400,No
110000,Female,2,2,23,0,0,0,0,0,0,111271,111532,107998,79211,77881,80628,6000,4016,3000,3000,4000,4000,No
10000,Male,2,2,26,0,0,0,0,-1,-1,2989,3454,2917,1473,390,1320,2000,1000,29,390,1320,0,Yes
170000,Male,1,2,34,1,2,2,2,0,0,23535,22876,25674,24963,25640,26278,0,3503,0,1078,1215,1000,No
440000,Female,2,1,28,-2,-2,-2,-2,-2,-2,8325,-4341,-15641,7059,-4220,-16370,0,752,34000,284,3650,52719,No
310000,Male,1,2,32,0,0,0,0,0,-1,6023,23782,26024,26201,20896,6579,18000,3000,1500,500,6579,40200,No
110000,Male,2,1,55,0,0,0,0,0,0,106670,108727,107386,78268,75846,75685,6000,3300,3012,3008,3000,3069,No
50000,Male,3,2,23,1,-2,-2,-2,-2,-2,0,0,0,0,0,0,0,0,0,0,0,0,No
350000,Female,1,2,29,0,0,0,0,0,0,42518,31386,24540,22187,12900,7938,1740,1000,452,448,2000,8206,No
310000,Female,2,2,27,1,2,0,0,2,0,192910,188501,190938,202835,199417,203830,0,7000,15001,1,8001,8001,No
120000,Female,2,1,40,0,0,0,0,0,0,109399,109397,36850,37739,38381,39142,3900,1700,1500,1400,1400,1500,No
50000,Female,3,1,25,1,-1,0,0,0,0,-1159,40819,11143,9580,9793,8768,48000,3009,1000,321,2000,1000,No
300000,Male,1,2,32,1,2,2,-1,0,0,10566,11293,12000,3458,56338,56735,1200,1200,9427,55000,2000,2000,No
130000,Female,2,2,29,2,2,0,0,0,-1,172094,156589,145398,136115,138893,127502,0,3300,2500,2778,130000,3689,No
260000,Male,1,2,30,-1,-1,-1,-1,-1,-1,1943,855,7288,1055,710,755,855,7288,1055,710,755,955,No
490000,Male,1,2,35,-2,-2,-2,-2,-2,-2,-13,2639,1610,1231,1419,14143,2652,1618,1237,1426,14214,11493,No
500000,Male,1,1,43,-1,-1,-1,0,0,-1,14872,53132,74478,61069,37369,2581,53421,74559,1343,907,2592,42767,No
30000,Female,1,2,25,-2,-2,-2,-2,-2,-2,9634,4476,8830,8153,6422,500,7,7002,13,155,1,0,No
140000,Female,2,1,45,0,0,0,2,2,2,55444,57549,60971,61374,63243,64554,3000,5000,2000,3000,2500,0,No
180000,Female,1,2,30,0,0,0,0,2,2,149525,152460,154206,135881,130728,123155,7320,6100,9710,4800,0,4300,No
20000,Male,1,2,23,0,0,0,0,0,-2,18436,19219,6140,6140,0,0,1500,1000,0,0,0,0,No
50000,Female,2,1,29,0,0,2,2,2,0,40117,45598,44570,47133,46249,47179,6138,0,3618,0,1850,1862,Yes
400000,Female,2,2,30,2,0,0,0,0,0,24054,25381,26085,26779,29283,29764,1624,1328,1022,3000,1000,1171,No
20000,Male,3,2,24,1,-1,0,0,0,2,0,5536,18884,18059,18163,16990,5536,14000,137,500,0,0,No
430000,Female,2,1,43,-1,-1,-1,0,0,0,8894,11198,14861,13846,13451,16162,11198,14861,1400,951,14082,14482,No
400000,Female,1,1,32,-2,-2,-2,-2,-2,-1,110,532,2651,0,644,636,587,2651,0,644,636,572,No
200000,Female,2,2,36,-1,-1,-1,-1,-1,-1,694,2695,660,2315,1290,5745,2721,660,2315,1290,5745,0,Yes
80000,Male,3,2,43,2,2,0,0,-1,-1,76292,77465,78834,12577,18376,23766,3006,5250,33,18431,23944,28457,No
140000,Female,1,2,28,0,0,0,0,0,0,115743,117357,112527,91802,94114,91201,5000,5000,3600,4000,4000,4000,No
230000,Female,2,1,44,-1,-1,-1,-1,-1,-1,5630,390,5090,19394,205,0,390,5090,19394,0,3916,3916,Yes
120000,Female,2,1,37,-1,2,0,0,0,0,200,200,42200,42000,42000,0,0,42000,200,0,0,0,No
210000,Female,1,1,34,0,0,0,0,0,0,8011,5832,7906,5111,2069,0,1126,2400,200,205,0,0,No
80000,Female,1,2,25,0,0,0,0,0,0,45392,46723,41986,40060,38124,37140,5000,2000,2000,2000,3000,2000,No
150000,Male,1,2,31,-1,-1,-1,-1,0,0,3084,-1,600,4102,4102,6121,0,601,4102,0,2019,5515,No
130000,Female,2,1,53,0,0,0,0,0,0,126750,119997,108738,71835,62539,61906,5996,4148,2477,2346,2640,30000,No
20000,Male,1,2,35,-1,2,2,-1,0,0,17007,16200,0,8303,8519,9371,0,0,8303,500,1000,460,Yes
200000,Female,2,1,29,0,0,0,0,0,-2,204541,170572,80620,82300,0,0,7186,3900,3900,0,0,0,No
200000,Male,1,2,29,-1,-1,-1,-1,-1,-1,99,99,99,99,99,348,99,99,99,99,348,0,No
80000,Female,1,2,22,0,0,0,0,0,0,78028,79347,76022,58897,54512,51937,3200,2229,1900,4000,5000,21000,No
80000,Male,2,2,30,-1,-1,-1,-1,-1,-2,2688,2208,0,1000,0,0,2208,0,1000,0,0,0,Yes
500000,Male,1,1,44,-1,-1,-1,-1,-1,-1,150758,62931,21296,19897,4460,4195,63256,21408,19996,4482,4212,16748,No
50000,Male,2,1,43,2,2,2,2,2,2,15641,15105,16545,16977,16563,17688,0,2000,1000,0,1400,0,Yes
200000,Female,1,1,44,-1,-1,-1,-1,-1,-1,798,4130,6952,827,1426,763,4150,6952,827,1426,763,870,No
80000,Male,2,1,45,0,0,0,0,-2,-2,4089,5015,2521,531,9766,10042,1042,1000,531,9354,438,200,No
50000,Male,2,2,26,0,0,0,0,0,0,47169,48197,47738,47676,46694,47807,1804,1746,1681,1695,1890,4005,No
130000,Male,2,2,37,0,0,0,0,0,0,117471,104341,96395,82476,84205,84162,3857,3734,2924,3029,3009,3116,No
310000,Female,1,1,35,-1,-1,0,0,0,0,2948,62593,152141,125325,109142,103020,62635,100042,4017,9184,4081,6042,No
190000,Male,2,1,37,2,-1,0,0,-1,2,2461,8040,9640,0,5100,2350,8040,2000,0,5100,0,2792,Yes
100000,Male,2,2,29,0,0,0,0,0,0,70878,72753,58789,53091,55229,57144,3100,2640,2000,3000,3000,3000,Yes
230000,Female,1,1,38,-1,-1,0,0,0,0,2130,62469,62583,59047,52574,43723,62469,5000,2000,5000,5000,3000,No
70000,Female,2,2,25,0,0,0,0,0,0,66174,67555,25059,26834,14112,28191,3000,2000,2400,2012,14500,3000,Yes
500000,Female,1,1,30,0,0,-1,0,0,-1,8371,8759,5574,10403,2293,2702,1015,5584,6348,46,2702,4648,No
50000,Male,2,1,36,2,2,2,2,0,0,49732,48658,51802,50737,48763,50908,0,4000,7,1900,3903,2,Yes
120000,Male,2,2,35,1,-2,-2,-2,-2,-2,0,0,0,0,0,0,0,0,0,0,0,0,No
50000,Female,2,1,34,0,0,2,0,0,0,11367,10982,10243,10826,11699,10146,3000,1000,1000,1000,2000,2000,No
350000,Male,2,2,51,0,0,0,0,0,0,39943,40859,45398,50634,60540,65074,1859,5398,5634,10540,5096,2296,No
200000,Female,1,1,47,-1,-1,-1,-1,-1,-1,935,1418,-2,120,150,928,1418,0,122,300,928,464,Yes
50000,Female,2,2,23,0,0,0,0,0,0,45078,44291,39408,29689,23879,23355,3000,3000,947,1000,837,866,No
90000,Female,2,1,43,-2,-2,-2,-2,-2,-2,7489,5798,15112,0,0,0,5833,15114,0,0,0,0,No
360000,Male,2,2,31,-1,-1,-1,0,0,-1,744,9613,18748,18694,11606,7516,9667,18781,6729,58,7553,8758,No
440000,Female,2,2,25,2,2,0,0,0,0,225416,220405,226731,231456,237707,243555,0,10000,10000,10000,10000,10000,Yes
170000,Female,2,1,52,0,0,0,0,0,0,168516,168529,169956,119844,117944,118163,6791,7333,4218,4269,4481,4144,No
190000,Female,2,1,33,0,0,0,0,0,0,142272,143386,141711,142569,141733,142982,8007,8000,8000,5500,5339,5058,No
290000,Male,1,2,29,1,-2,-2,-2,-2,-2,0,0,0,0,0,0,0,0,0,0,0,0,Yes
210000,Male,1,2,37,1,-1,-1,-2,-2,-1,0,1422,0,0,0,478,1422,0,0,0,478,0,No
20000,Male,1,2,24,0,-1,-1,-1,-1,-1,3395,2296,396,396,8972,3984,2296,396,396,8972,3984,396,Yes
400000,Female,1,1,35,-2,-2,-2,-2,-2,-1,10043,17883,9322,15693,5588,10161,18057,9368,15771,5616,10173,10077,No
360000,Female,1,1,32,1,-2,-2,-2,-2,-2,0,0,0,0,0,0,0,0,0,0,0,0,Yes
250000,Male,1,1,53,1,-1,-1,-1,-1,-1,0,4190,21500,0,10180,7680,4190,25690,0,10180,7680,0,Yes
30000,Male,2,1,30,0,0,0,0,0,-2,27836,28998,29480,29500,0,0,2000,1200,1000,0,1500,0,No
280000,Female,1,1,47,0,0,0,0,-1,0,257561,270827,212405,194345,161084,174622,20000,15000,0,161084,15000,20000,No
70000,Female,3,1,59,2,2,2,2,2,2,68766,70772,71622,68443,72210,70267,3700,2604,0,5001,9,2603,Yes
70000,Male,1,2,26,0,0,0,-1,0,0,35666,18116,18397,17262,24921,0,5000,17831,17262,15001,0,11672,No
20000,Male,2,2,47,0,0,2,0,0,0,14591,16254,16686,17406,18123,19680,1900,1000,1000,1000,1864,1000,No
350000,Male,1,2,32,-1,-1,0,0,-1,-1,15179,4981,19194,4389,1717,4066,4983,15084,2028,1725,4086,2476,No
200000,Female,1,2,37,0,0,0,0,-1,0,21111,25562,8603,28692,29019,43308,5000,5000,20089,30000,15093,15051,No
90000,Male,3,2,25,0,0,0,0,-2,-2,6822,6995,7884,0,0,0,1172,1061,0,0,0,193,Yes
100000,Female,1,1,52,0,0,0,0,0,0,4740,3584,3609,3381,3666,2233,2000,2000,2054,2000,0,975,No
50000,Female,2,1,22,0,0,0,0,0,0,48255,41550,35553,23711,25975,900,2400,1842,1000,1928,900,31150,No
280000,Female,3,1,51,-2,-2,-2,-2,-2,-2,2158,0,0,0,0,0,0,0,0,0,0,0,No
120000,Female,2,2,29,-2,-2,-2,-2,-2,-2,3570,3362,0,0,0,0,0,0,0,0,0,6330,Yes
100000,Male,3,2,25,2,2,2,0,0,0,96889,102893,99176,80358,75007,76805,8513,128,3011,3000,3200,3400,Yes
130000,Male,2,2,29,-1,-1,-1,-1,-1,-1,3920,3848,942,942,768,-174,4000,942,942,768,0,0,No
200000,Female,1,2,30,0,0,0,0,0,0,196845,189104,183255,147612,148088,99985,8990,7000,5500,6000,4220,3610,No
20000,Female,1,2,44,0,0,0,0,0,0,19018,18581,19864,20181,20210,20043,1327,2000,1000,710,1043,1000,No
150000,Female,1,2,32,0,0,0,0,0,2,125995,127467,130080,131238,141612,140868,5000,4723,3323,11086,0,4000,No
130000,Female,1,1,30,0,0,0,0,-1,-1,9255,10264,7060,4480,3000,0,1204,1000,3990,3000,0,200,No
330000,Female,1,2,34,0,0,0,0,0,0,173630,178833,187820,190202,194964,199008,8000,12000,7000,8000,7287,7400,No
80000,Female,2,3,52,0,0,0,0,0,0,63134,57072,55618,50345,52031,53141,2087,2019,2000,2500,2095,2002,No
10000,Male,5,2,35,3,2,0,0,0,-2,10281,9949,8838,8838,0,0,25,4000,0,1000,0,0,No
360000,Male,1,2,29,1,-2,-1,-1,-1,-1,-1808,-1808,6458,825,825,825,0,9091,825,825,825,825,No
20000,Female,2,2,22,0,0,0,0,0,0,7130,8185,9084,8667,8848,5328,1177,1076,249,258,500,500,No
100000,Female,2,1,45,-2,-2,-2,-2,-2,-1,0,0,0,0,0,1505,0,0,0,0,1505,0,No
350000,Female,1,1,31,-2,-2,-1,0,0,-1,7914,4221,23907,28528,24965,5727,4221,23916,25528,2965,5753,8095,No
50000,Male,2,1,36,0,0,0,0,0,0,22430,23763,24564,26145,26774,27476,2000,1500,2000,1200,1300,1150,No
470000,Female,1,2,35,-1,0,0,0,0,0,37342,39348,43806,48213,52585,56883,2500,5000,5000,5000,5000,5000,No
350000,Male,1,2,31,0,0,0,0,0,0,297967,286352,160042,131977,133067,41470,100066,5715,6005,6287,2103,3,No
140000,Male,1,2,56,0,0,0,0,0,0,140630,142166,51334,51533,52233,53826,6100,2411,2000,2041,3000,1874,No
140000,Female,2,2,23,0,0,0,0,0,0,49235,45173,39585,36189,21772,21417,2517,1559,2000,1003,1000,1002,No
380000,Male,1,2,27,-1,0,0,0,0,0,73903,66541,58665,43837,72069,61925,2924,2555,1515,37056,2413,1522,No
50000,Male,2,2,24,1,2,2,2,2,2,33991,33168,34805,34933,36692,37934,0,2500,1000,2900,2000,1500,Yes
260000,Female,3,1,48,0,0,0,0,0,0,97908,84773,70259,58341,58730,52789,2980,2338,1911,5014,5004,2007,No
20000,Female,3,1,25,1,2,3,2,2,0,19045,20438,19771,20241,19364,18260,2000,0,1000,0,1000,0,No
190000,Female,3,1,39,-1,-1,-2,-1,-1,-1,157,-1049,-2681,1975,2244,3294,0,0,6475,2244,2284,0,No
220000,Male,2,1,39,5,4,3,2,0,0,187665,175338,163018,128157,131067,108683,0,11,0,4561,5007,170806,No
230000,Female,1,2,36,0,0,0,0,0,0,111691,117858,121697,119772,115730,111222,8000,6000,5000,5000,5000,5000,No
20000,Female,2,1,43,0,0,0,0,0,0,7470,8492,9547,20766,12197,12994,1145,1200,2000,3000,1000,2000,No
100000,Male,2,1,52,0,0,0,0,0,0,21641,22983,24290,25080,25768,27407,2000,2000,1500,1093,2228,0,No
150000,Female,1,2,26,-1,-1,-1,0,-1,0,38052,0,18600,18400,1527,1527,0,18600,0,1527,0,0,No
320000,Female,1,2,28,-1,-1,-2,-1,-1,-2,11684,1127,1943,13312,-5,-5,1135,1952,13375,5,0,0,No
50000,Female,2,1,33,0,0,0,0,0,0,76025,78548,77882,79471,81121,1685,3750,1558,1589,1650,9980,0,Yes
50000,Male,2,2,53,0,0,0,0,0,0,50302,49440,49891,20503,20159,20268,2100,1793,700,731,735,616,No
150000,Female,1,1,37,-1,-1,-2,-1,-1,0,58337,0,0,14515,8758,6882,0,0,14515,8758,6880,8267,No
200000,Female,2,1,40,-1,-1,-1,-1,-1,-1,390,390,390,390,390,390,390,390,390,390,390,390,Yes
200000,Male,2,1,34,-1,-1,-1,-1,-1,0,170,1512,-15,1067,2176,3378,1525,0,1082,2179,2013,165,Yes
200000,Female,2,2,46,0,0,0,0,0,0,121198,123834,136629,139504,142269,145250,4593,14955,5143,5166,5349,5538,No
200000,Male,1,2,26,-2,-2,-1,0,0,0,0,1516,11533,9463,3884,3033,1516,11533,189,1000,2050,11300,No
240000,Female,2,2,26,0,0,0,0,0,0,138859,136521,135459,117308,107928,103799,5308,4915,4100,4000,4002,4000,Yes
40000,Female,2,1,24,2,2,2,2,2,0,28953,35389,34205,39361,35125,35890,6918,0,6000,0,2000,5000,Yes
140000,Male,1,2,31,0,0,0,-2,-2,-2,97448,70631,0,0,0,0,1413,0,0,0,0,0,No
50000,Male,2,2,35,0,0,0,0,0,0,50497,49289,36295,20067,20197,20202,2011,5009,2000,1000,1500,3000,No
50000,Female,3,1,48,0,0,0,0,0,0,38031,31677,27240,31505,25979,25925,2000,2000,5000,2000,21000,0,No
160000,Female,2,2,25,-1,-1,-1,0,-1,-1,227,0,354,355,47,605,861,354,1,48,906,0,No
140000,Male,1,2,32,-1,-1,-2,-1,0,-1,12319,0,0,61,561,528,0,0,61,500,528,498,No
240000,Female,3,1,28,0,0,0,0,0,0,230184,228640,227399,200357,197198,186551,9000,9000,7000,7000,6512,6000,Yes
230000,Female,1,2,29,-1,-1,-1,-1,-1,-1,495,466,3432,495,495,495,466,3461,495,495,495,0,No
200000,Female,2,2,32,0,0,0,0,0,0,165074,170905,186093,188139,141208,144242,10000,20000,6000,5300,5500,4600,No
50000,Female,1,1,49,0,0,0,0,0,0,44767,45719,45665,49287,48290,50000,5001,2007,5003,303,3000,0,No
360000,Female,1,2,30,-1,-1,0,0,-1,-1,23725,45913,80945,54064,52342,33074,61137,79800,42015,53710,33074,119504,No
500000,Female,1,1,42,1,-2,-1,-1,-1,-1,0,0,1680,0,6745,0,0,1680,0,6745,0,756,No
20000,Male,3,2,22,1,2,0,0,0,0,18977,18374,18458,18852,19546,21165,0,1680,1000,1000,2100,0,No
80000,Male,2,2,30,2,2,2,2,2,2,73113,74639,75408,76618,77459,75327,3300,2600,3000,3000,1580,5800,No
30000,Female,2,1,52,0,0,2,0,0,0,27101,30360,28002,23879,4178,0,4110,94,1879,84,0,0,No
200000,Female,3,1,48,-2,-2,-2,-2,-2,-2,0,0,0,0,0,0,0,0,0,0,0,0,No
240000,Male,4,2,29,0,0,0,0,0,0,219419,151914,159320,148705,134563,195628,7000,10082,8095,7015,67006,7026,No
280000,Male,2,2,29,0,0,0,2,2,0,255317,259137,276794,281455,276403,234607,9439,22000,10694,0,8475,9266,Yes
170000,Female,2,2,33,-1,-1,-2,-2,-2,-2,1547,0,0,0,0,0,0,0,0,0,0,0,No
100000,Female,3,2,44,0,0,0,0,0,0,89988,92388,94478,59387,60953,59786,3852,4135,2200,2521,2162,2697,No
110000,Female,2,3,27,0,0,0,0,0,0,91538,84348,78925,49341,50289,44221,3354,2745,2341,1959,5000,3000,No
100000,Female,3,2,27,0,0,0,0,0,0,83587,85389,86981,81522,81171,79766,3151,3065,2892,2936,3000,3000,No
300000,Female,2,1,33,-1,-1,-1,-1,0,-1,1496,1496,1496,2490,1996,1494,1500,1500,2494,1006,1498,2003,No
150000,Female,1,1,40,-2,-2,-2,-2,-1,0,52097,30188,20242,5332,61826,5220,2000,1000,5003,61826,5000,20000,No
10000,Male,3,1,52,1,2,0,0,0,0,6969,6712,7722,7875,8041,8357,0,1128,281,292,450,1415,Yes
210000,Female,1,2,35,-2,-2,-2,-2,-2,-2,0,0,0,820,0,0,0,0,820,0,0,0,No
20000,Male,2,2,25,0,0,0,0,0,0,19770,19463,20998,19468,36702,0,1465,4000,0,367,0,0,Yes
20000,Male,2,1,38,0,0,0,0,2,0,6715,7736,8745,9394,9101,9282,1287,1296,945,0,481,829,No
80000,Female,3,1,48,2,2,2,0,0,0,63695,33283,22442,15553,5593,1350,6056,652,517,0,27,5200,No
270000,Male,2,1,49,-2,-2,-2,-2,-2,-2,-173,-173,-173,-173,-173,-173,0,0,0,0,0,0,No
200000,Female,1,1,33,-2,-2,-1,0,0,-1,0,225,5628,5540,16378,4850,225,5628,23,16378,4850,2255,No
200000,Male,1,1,34,-1,-1,-1,-1,-1,2,2727,1332,2003,816,4530,4245,1332,2003,816,4530,0,0,No
10000,Male,2,2,34,0,0,0,-1,0,0,9323,8708,0,9601,10005,9058,1000,0,9601,800,1000,1000,No
360000,Male,1,2,34,-1,-1,0,0,0,0,5275,24267,33473,51900,30424,48646,24267,10000,20000,3003,20000,30000,No
20000,Male,2,1,40,1,2,0,0,0,0,20138,19531,18867,19253,20003,19470,0,1146,532,900,781,0,Yes
40000,Female,1,1,27,0,0,0,0,0,0,40856,39045,39825,38847,31535,32159,2023,1803,1425,1293,1300,1339,No
50000,Male,3,1,50,0,0,0,2,0,0,63889,65512,68764,14353,16110,17832,2800,4000,0,2000,2000,1000,No
100000,Female,1,2,28,0,0,0,0,0,0,46430,47679,48783,49981,44211,48568,2000,2000,2000,1514,5000,0,No
50000,Male,2,2,21,0,0,0,0,0,0,21023,27270,11342,8305,7288,0,3000,1000,0,0,0,0,No
30000,Female,3,1,23,2,2,0,0,2,2,15955,15410,17149,18362,18919,19161,0,2000,1500,1000,700,0,Yes
20000,Male,1,2,23,2,2,2,2,2,2,7040,7897,7622,8294,8016,9382,1128,0,800,0,1500,815,Yes
100000,Male,2,1,44,2,2,2,2,0,0,30094,31111,31407,30603,31411,32089,1800,1100,0,1300,1200,1400,Yes
80000,Female,2,1,24,-1,0,0,-1,-1,-2,1462,2472,0,492,0,0,1502,0,492,0,0,0,No
120000,Male,1,2,29,0,0,0,0,0,0,118303,98232,150952,77639,79966,61248,3358,3400,6000,3200,4000,845,Yes
30000,Male,2,2,36,-1,-1,2,-1,-1,-1,3024,3462,390,240,2150,780,3462,0,240,2300,780,0,No
80000,Male,5,1,25,-2,-2,-2,-1,0,0,59366,49079,0,16638,18367,33081,15027,0,16638,2000,15081,0,No
170000,Female,1,2,30,1,-2,-1,-1,-2,-2,0,0,550,0,0,0,0,550,0,0,0,0,Yes
20000,Male,1,1,40,0,0,0,0,0,0,30832,17896,17258,18981,19496,18594,3500,1500,2000,800,800,700,No
50000,Female,3,1,36,0,0,0,0,0,0,46311,47579,47897,28263,8548,8906,2014,1332,698,310,500,330,No
300000,Female,1,1,31,0,0,0,0,0,0,149893,152529,152882,113347,114554,116357,7000,6000,4084,4056,4300,6609,No
130000,Male,2,2,29,0,0,0,0,0,0,29252,30086,30680,30797,31147,31996,2000,1793,1300,1223,1851,1000,No
500000,Female,2,1,41,-1,-1,-1,-1,2,2,2503,613,2339,4333,1285,1969,1043,4401,3150,0,1000,498,No
180000,Female,2,1,41,0,0,0,0,0,0,139184,141752,122164,111328,113890,116823,6411,6000,5000,4500,5000,4200,No
480000,Female,1,2,29,1,-2,-2,-2,-2,-2,0,0,0,0,0,0,0,0,0,0,0,0,No
80000,Female,2,2,30,1,-2,-2,-2,-2,-2,0,0,0,0,0,0,0,0,0,0,0,0,No
140000,Female,3,2,24,0,0,0,0,0,0,20923,19713,19385,19244,17185,36377,1633,1600,800,1753,20000,938,No
180000,Female,3,2,30,0,0,0,0,0,0,105873,90251,62144,56728,52918,20856,5000,3500,1000,1420,1000,500,No
30000,Female,2,2,30,0,0,2,0,0,0,16570,18989,18387,22047,23691,25547,3000,0,4000,2000,2250,1500,No
290000,Male,1,3,55,0,0,2,0,0,0,7970,10320,10005,10838,11663,13301,2482,0,1000,1000,2000,2000,Yes
110000,Female,3,2,45,0,0,0,0,0,0,9242,9484,13922,18766,28498,30667,5000,5000,5000,10000,5000,5000,No
60000,Male,1,2,25,0,0,0,0,0,0,24200,34708,25326,27914,30476,31982,11000,2000,3000,3000,2000,2000,No
80000,Female,1,1,35,-1,2,-1,-1,-1,-1,3614,82,3723,303,662,3295,0,3723,891,662,3295,1088,No
110000,Male,1,2,25,0,0,0,0,0,0,64155,65743,66533,67677,39066,39884,2621,2123,1952,2000,1468,800,No
20000,Male,2,1,42,1,2,0,0,0,0,17614,17042,18052,18562,18814,19500,0,1300,810,700,1000,900,Yes
150000,Male,3,2,31,-1,-1,-1,-1,-1,-1,4213,5897,2365,5004,5531,3567,5914,2378,5019,5547,3576,5138,No
240000,Female,3,1,44,-1,-1,-1,-1,0,-1,24469,11511,4670,17480,5489,7740,11511,4670,17480,0,7740,6788,No
400000,Male,1,1,44,0,0,0,0,0,0,18432,24198,22584,22655,23417,16845,6838,2159,1000,3000,1008,1000,No
120000,Male,1,1,34,2,2,2,2,2,2,97463,99018,100493,101937,104159,102324,4000,4000,4000,4000,0,8000,Yes
330000,Male,1,2,39,0,0,0,0,0,0,365672,346014,334826,265256,264516,264079,12350,12780,9400,20000,9610,10200,No
30000,Male,2,2,29,-1,-1,-1,-1,0,-1,390,390,390,1438,719,1588,390,390,1438,0,1588,0,No
100000,Male,3,1,55,2,-1,-1,-1,-2,-1,435,435,285,-150,-585,1020,435,285,0,0,2040,0,No
140000,Male,1,2,37,-1,-1,-1,-1,-1,-1,291,291,291,291,291,441,291,291,291,291,441,291,No
310000,Male,1,2,37,-2,-2,-2,-2,-2,-2,0,0,0,0,0,0,0,0,0,0,0,0,Yes
110000,Female,1,2,25,-2,-2,-2,-2,-2,-2,86107,83894,85037,44819,24512,25447,0,4000,2100,2000,1500,1500,No
20000,Male,2,1,45,-2,-2,-2,-2,-2,-2,1651,0,390,390,780,0,0,390,390,780,0,0,No
30000,Female,3,2,23,-1,-1,-1,-1,-1,-1,528,913,10773,916,3091,700,913,10773,916,3091,700,0,No
50000,Male,2,1,47,1,-1,-1,-1,-2,-2,0,835,226,-1300,-1300,-1300,835,226,0,0,0,0,No
20000,Male,3,2,24,0,0,0,0,2,2,13470,14748,15761,17497,17075,19777,1500,1264,2000,0,3000,0,Yes
220000,Female,1,2,36,-1,-1,-1,-1,-1,-1,1838,921,943,1467,25075,6862,923,945,1471,25150,6882,7715,No
460000,Male,1,2,36,-1,-1,-1,0,0,0,11469,13749,32838,33203,3129,5945,13766,32871,21000,165,3551,28979,No
150000,Female,1,2,34,1,-2,-2,-2,-1,2,0,0,0,0,552,252,0,0,0,552,0,13404,Yes
50000,Female,3,1,53,0,0,0,0,0,-2,20211,48672,34694,35503,2025,0,36396,1662,1471,2125,0,0,No
100000,Female,1,1,32,2,0,0,0,0,2,98033,97995,98781,97946,101885,98015,4620,4700,3900,7900,0,7700,No
260000,Male,1,1,50,0,0,0,0,0,-1,115937,118957,119649,122448,-3353,123939,5800,6000,8000,40000,127292,6000,No
50000,Male,3,1,41,4,3,2,0,0,-1,52955,51847,50307,27707,28479,28979,0,0,0,974,31100,1200,Yes
50000,Female,2,2,27,0,0,0,0,0,0,46465,47776,47626,45227,29436,10363,2367,1606,1198,1196,343,154,No
240000,Female,1,2,34,-1,-1,-2,-2,-2,-2,4970,0,0,0,0,0,0,0,0,0,0,0,No
90000,Female,2,2,28,0,0,0,0,0,2,69186,72450,73798,74682,79586,78261,5000,3158,2600,6000,0,19000,No
20000,Female,2,2,22,0,0,2,0,0,0,5473,7492,4988,11680,6590,0,2300,0,102,1500,0,0,No
70000,Female,3,2,25,0,0,0,0,2,0,68658,68618,61208,50111,49207,50524,4500,2783,25000,0,3000,6000,No
260000,Male,1,2,29,0,0,0,0,0,0,128208,100939,92549,90038,88772,111287,17000,6000,5000,6500,25000,4000,No
150000,Female,2,2,29,0,0,0,0,0,0,94409,92047,79088,81399,74009,65871,5000,5000,5000,6000,5000,4000,No
200000,Female,3,2,51,0,0,0,0,0,0,196875,180428,131111,112995,107300,101918,7657,4814,3921,4000,4365,11000,No
50000,Male,1,2,57,0,0,0,0,0,0,50770,50709,49814,51199,20306,20306,1814,1816,2201,716,721,693,No
210000,Male,2,1,39,-1,-1,-1,-1,-1,-1,1443,1443,1443,1443,1443,1443,1443,1443,1443,1443,1443,1443,No
360000,Male,1,2,27,-1,-1,-1,-1,0,0,759,5695,1390,8531,8531,-33,5702,1395,8531,0,0,0,No
170000,Female,2,2,35,0,0,0,-1,-1,-1,13500,7499,7301,10342,14295,20471,1315,1200,10342,14295,20471,6401,No
500000,Female,2,2,32,0,0,0,0,0,0,44462,37890,28527,27030,27454,30486,7000,7000,8000,10000,12000,2876,No
80000,Male,2,2,31,0,0,0,0,0,0,45605,46669,47892,49098,50152,51812,1800,2000,2000,2000,2500,4000,No
300000,Female,2,1,26,-1,-1,-1,-1,-1,-1,316,316,316,316,316,466,316,316,316,316,466,316,No
200000,Female,2,1,49,-1,-1,2,0,0,0,3024,11080,8736,26383,27959,20360,10000,0,20000,10000,5000,1520,No
190000,Male,1,2,30,-1,-1,-1,-1,-1,-1,25953,1590,478,10035,24345,1150,1698,478,10035,24345,1191,14512,No
30000,Female,3,1,43,0,0,0,0,0,0,23101,16480,15459,15366,15680,15000,1481,1400,307,314,300,1770,No
230000,Female,3,1,58,1,-2,-1,-1,-1,0,0,0,3000,1800,29387,22980,0,3000,1800,29387,1200,2525,No
80000,Male,1,1,46,0,0,0,0,0,0,39115,40176,39681,29213,25356,22723,2000,2490,1522,1100,960,988,No
280000,Female,1,2,36,1,-2,-2,-1,-1,-2,124,0,0,428,0,0,0,0,428,0,0,0,No
140000,Female,1,2,29,1,2,0,0,0,0,144922,141289,137377,93261,95368,97063,17,5547,3242,3512,3333,4383,No
30000,Female,3,1,35,2,2,2,2,2,2,27160,26444,28694,27936,29930,29302,0,3000,0,2600,0,1600,Yes
30000,Female,2,1,36,2,2,2,2,2,2,16818,20213,19590,21261,20783,22081,4000,0,2000,0,1800,0,Yes
20000,Male,2,1,51,0,0,0,0,0,0,18673,17572,18584,19097,19328,37576,1297,1309,822,682,0,1558,No
230000,Female,2,1,30,-1,-1,-1,0,-1,-1,3686,5557,5816,1288,23196,15072,5619,5838,7,23312,15147,16518,No
20000,Male,2,2,23,0,0,2,0,0,-2,16831,20404,19621,14051,0,0,4183,0,281,0,0,0,Yes
360000,Female,1,2,27,0,0,0,0,0,2,21275,22517,23707,24145,24068,24350,1800,1800,1000,1649,1003,3,Yes
60000,Female,1,2,24,0,0,0,0,0,0,56119,57282,58533,59349,55302,56563,2664,2800,2400,2100,2181,2213,No
20000,Female,2,2,48,0,0,0,2,0,0,14218,15247,16986,16418,16615,16944,1562,2301,0,610,604,779,Yes
500000,Male,1,1,44,-1,-1,-1,0,-1,-1,367,15272,12925,75667,67609,71946,16652,76146,67697,67609,71946,14000,No
380000,Male,2,1,39,-2,-2,-2,-1,-1,-2,0,4107,2517,710,0,0,4107,2517,716,0,0,1183,No
160000,Male,1,2,27,1,-2,-2,-1,-1,-1,-1860,-2790,-4650,930,930,2010,0,0,5580,930,2010,0,No
170000,Male,1,2,48,2,2,7,7,7,7,2400,2400,2400,2400,2400,2400,0,0,0,0,0,0,No
430000,Female,1,2,29,0,0,0,0,0,0,67336,53400,52214,32386,32848,28557,3261,3051,1199,2000,2000,140908,No
320000,Male,1,1,39,-1,-1,0,-1,-1,-1,8374,17634,38000,1140,997,1633,17634,21000,1140,997,1633,0,No
180000,Male,1,1,31,-1,-1,0,0,-1,-1,1100,860,1480,380,740,1100,860,1000,0,740,1100,380,Yes
60000,Male,2,2,29,2,2,2,2,2,2,47631,48574,49476,50360,50509,52522,2000,2000,2000,1100,3000,0,No
360000,Female,3,2,38,1,-1,-1,0,0,0,-507,751,15369,7845,6786,0,1502,15369,200,0,0,0,No
80000,Female,2,2,23,0,0,0,0,0,0,80998,63184,58346,56361,55933,56936,4500,1973,3000,5000,2100,3200,No
200000,Female,2,2,37,2,0,0,0,0,0,214261,210315,206563,202896,173111,170326,8000,9000,8000,7000,7200,10500,No
460000,Female,1,2,36,-1,-1,-1,0,0,-1,58312,36388,52920,50106,50147,1341,36570,52937,1006,1019,1347,1965,No
130000,Female,2,2,23,0,0,0,0,0,0,78426,77613,62963,58470,59069,51599,3000,3000,3000,2500,2000,3000,No
440000,Male,2,2,29,0,0,0,0,0,0,430990,436979,329814,289341,287809,293176,18887,12076,10042,11005,11069,9006,No
280000,Male,2,2,38,2,2,2,0,0,0,168581,170775,166749,168739,166757,161777,6000,5,5858,5741,5608,5712,Yes
20000,Male,3,2,39,0,-1,0,-1,-1,-1,6530,8389,10090,3450,13030,9507,8389,5000,3450,13030,9507,19794,No
60000,Female,2,2,24,0,0,0,0,0,0,57925,58188,58411,58743,60042,57781,2100,3000,2500,2500,2300,5000,No
210000,Female,2,2,38,0,0,0,0,0,0,194358,185907,180618,184110,189134,194966,8000,10000,8000,8000,9000,8000,No
240000,Male,1,1,46,-2,-2,-2,-2,-2,-2,0,0,0,0,0,0,0,0,0,0,0,0,No
280000,Female,3,2,43,0,0,0,0,0,0,194868,178774,172045,175487,179270,183394,7000,7000,6200,6500,7000,7000,No
130000,Female,1,2,29,-1,3,2,2,2,2,78,78,78,78,78,-121,0,0,0,0,0,0,No
360000,Male,1,2,35,-2,-2,-2,-2,-2,-2,1533,-12,2493,-6,1299,-2,24,2505,0,1305,0,0,Yes
210000,Female,3,2,36,0,0,0,0,0,0,203447,206683,99411,63322,73433,75381,6549,4500,2407,12700,3200,4000,No
20000,Male,3,2,23,2,2,2,2,3,2,15034,17676,17100,19111,18525,18080,3200,0,2600,0,0,1700,Yes
50000,Male,2,1,34,1,2,2,2,2,2,16501,15947,18134,17622,19249,14259,0,2500,0,2000,0,1000,Yes
50000,Male,3,2,29,-2,-2,-2,-2,-2,-2,0,0,0,0,0,0,0,0,0,0,0,0,No
130000,Male,2,2,27,1,2,2,2,2,2,123371,125905,126524,127534,130524,132416,6000,4300,4400,5000,4000,63,Yes
270000,Female,1,2,31,0,0,-2,-1,-1,0,13759,0,0,2786,4686,3184,0,0,2786,4686,0,0,No
50000,Female,2,2,24,-1,-1,-1,-1,0,0,390,390,390,780,780,0,390,390,780,0,0,0,No
80000,Female,2,1,35,0,0,0,0,0,0,9647,10390,10816,9746,9798,10401,1206,1131,322,490,1402,201,No
10000,Female,1,2,29,-1,-1,-1,-1,-1,-1,1727,1508,3096,3400,4522,-240,1508,3098,3400,4522,0,1000,No
190000,Female,2,1,34,-1,-1,-1,-2,-1,-1,500,300,0,0,418,964,300,0,0,418,964,670,No
100000,Female,3,1,46,2,2,2,2,2,0,42674,45983,46927,47759,46865,47930,4000,2000,1900,0,2000,4000,Yes
150000,Male,2,2,49,0,0,0,0,0,0,151822,86002,75782,76333,77956,77553,2985,2700,5000,2823,2865,2679,Yes
110000,Female,2,2,24,-1,-1,-1,-1,0,0,1362,1352,1867,36986,40053,41196,1352,1867,36986,5000,3000,23000,No
150000,Female,1,1,58,-1,-1,-1,-1,-1,-1,1657,2277,4049,1665,559,0,2277,4066,1665,559,0,663,No
50000,Female,2,1,54,0,0,0,0,0,0,48403,48119,43590,18264,18659,18918,2020,3128,1000,656,645,630,No
50000,Female,2,2,23,-1,0,0,0,0,0,25622,33564,25680,13577,1148,-6,10122,10028,5000,6,0,0,No
360000,Female,2,1,29,1,-1,2,-1,-1,-1,0,828,414,414,414,414,1244,2,416,416,416,600,No
10000,Female,1,2,24,2,0,0,2,2,2,6524,7559,9564,9264,9862,10050,1300,2300,0,900,500,0,No
210000,Female,1,2,26,1,2,2,0,0,0,120098,121222,117783,120126,122643,125123,4500,0,4302,4455,4523,4516,No
370000,Male,2,2,28,0,0,0,0,0,0,261021,265512,269491,223905,226566,226817,10001,10000,10000,8207,7641,7521,No
360000,Female,2,1,33,0,0,-2,-1,-1,-1,3177,0,0,1672,0,986,0,0,1672,0,986,780,No
50000,Female,2,1,31,0,0,2,0,0,2,44970,48101,46993,47940,50903,49794,3855,0,1694,3713,2000,1900,Yes
360000,Male,2,2,38,-2,-2,-2,-2,-1,0,0,0,0,0,3189,177585,0,0,0,3189,177000,5000,No
170000,Female,1,1,35,0,0,-1,-1,-1,-1,86239,75600,2800,21881,0,6780,1512,2800,21881,0,6780,530,No
70000,Male,2,2,26,0,0,0,-1,0,0,67864,68284,67375,71270,71157,71008,3517,3700,71270,3000,3000,3000,Yes
360000,Female,1,2,34,-1,-1,-1,-1,-1,-1,8871,6378,26648,6707,3450,0,6411,26987,6740,3467,0,239400,No
230000,Male,5,1,42,0,0,0,0,0,0,92230,90614,90385,59317,60404,61604,3292,2755,2270,2193,2205,2284,No
50000,Male,1,1,38,0,0,-2,-2,-2,-2,12650,0,0,0,0,0,0,0,0,0,0,0,No
200000,Male,1,1,41,-1,-1,-1,-1,-1,-1,1378,-22,5440,-2,796,1390,0,5462,0,798,1394,3600,No
140000,Male,2,2,30,-1,-1,-1,-1,-1,-1,326,326,326,326,326,326,326,326,326,326,326,326,Yes
120000,Female,2,2,33,0,0,0,0,0,0,120411,122717,118886,117170,117403,117388,6300,6100,4600,5000,4800,5000,No
280000,Female,3,2,46,-2,-2,-2,-2,-2,-2,1401,5201,3615,1963,2086,1297,5201,3615,1963,2086,1297,1154,No
300000,Female,1,2,29,0,-1,-1,-1,0,-1,26857,9505,8933,14357,24549,3031,9511,8933,14357,15000,3031,20993,No
20000,Female,2,2,22,0,0,2,2,2,2,15169,17793,17207,20409,20844,20349,2874,0,3490,900,0,361,No
160000,Female,2,2,25,2,2,2,2,2,0,158629,162097,163567,163617,156554,156557,7500,5600,5822,14,5700,5800,Yes
20000,Male,1,2,24,2,0,0,0,0,0,17781,19388,19933,17331,12822,19924,2000,1300,390,388,10000,400,Yes
120000,Male,2,1,41,0,0,0,0,0,0,44966,45726,40795,39938,40610,39397,1690,2562,1392,1442,1415,1422,No
290000,Female,2,1,37,-2,-2,-2,-2,-2,-2,1961,3144,500,0,0,0,3148,501,0,0,0,0,No
60000,Male,2,1,32,0,0,0,0,0,2,30781,25870,26964,27265,30329,24104,1505,1599,900,4500,0,1000,No
110000,Female,1,2,29,0,0,0,0,0,0,69718,67961,68306,69786,48728,18574,3000,2000,2049,2000,1000,1000,No
50000,Female,3,1,43,0,0,0,0,0,0,42874,43727,28742,8150,6771,6713,1862,1077,1000,1000,1000,1000,No
630000,Male,1,2,32,-2,-2,-2,-2,-2,-2,2731,3817,4679,5679,6679,6850,1138,1000,1000,1000,171,73415,No
30000,Male,1,2,28,0,0,0,0,2,0,23837,24948,25611,29245,28686,26549,1800,1400,4000,0,2631,500,No
60000,Male,2,1,42,0,0,0,0,0,0,49244,48310,41746,25488,26199,28200,2000,2000,1000,1501,3000,1500,No
10000,Male,3,2,24,-1,-1,0,0,0,0,273,8327,9379,9566,9766,10042,8327,1200,342,354,438,200,No
20000,Male,2,2,27,0,0,0,0,0,0,18860,17904,15300,12776,3585,0,1360,1206,256,72,0,0,No
80000,Male,3,2,32,0,0,0,0,0,0,71375,18353,94675,90470,85449,80309,1414,83402,4000,3058,2903,2626,No
160000,Female,2,2,52,0,0,0,0,0,0,38695,40757,42769,44448,46269,48036,3000,2700,2700,2700,2700,2700,No
90000,Female,3,1,34,0,0,2,0,0,0,49771,52930,48683,44102,35577,28500,4000,0,1312,1200,1070,2882,No
50000,Female,3,2,60,0,0,2,2,0,0,27943,31060,31293,29256,29870,30503,3577,1042,0,1080,1515,862,No
170000,Male,1,2,30,0,0,0,0,0,0,117010,119463,123476,124934,127918,130782,4337,6000,5000,5000,5000,4898,No
240000,Female,1,2,32,-1,-1,-1,-1,-1,-1,5695,9420,16278,8998,10242,19098,9420,16290,8998,10421,19098,6697,No
80000,Female,2,2,25,-1,-1,-1,-1,-1,-1,3002,1921,13454,1807,3560,3337,1921,13454,1807,3560,3337,6240,No
80000,Female,1,2,30,0,0,0,0,0,0,69533,71314,73027,74215,75865,77448,3500,3500,3000,3000,3000,3000,No
360000,Female,2,1,37,-2,-2,-2,-2,-2,-2,0,0,0,0,474,0,0,0,0,474,0,0,No
140000,Male,1,1,31,2,0,0,2,2,2,51028,52112,55232,55932,54910,57344,2500,4600,2200,0,3513,3000,No
60000,Male,2,2,49,0,0,0,0,0,0,81411,52017,35423,24023,20175,16137,38709,1609,661,656,1000,5000,No
110000,Male,3,2,27,0,0,0,0,0,0,55567,65753,65379,65467,64596,62405,15753,5379,5467,4596,3405,1492,No
160000,Female,1,2,28,0,0,0,0,0,0,164262,158903,150548,152170,155476,165902,7900,7000,5600,5900,13200,0,No
200000,Female,3,1,45,-1,-1,0,-1,0,-1,80,-460,4091,5463,4978,975,2230,5029,5463,100,975,255,Yes
360000,Male,2,1,33,1,2,2,7,6,5,296148,304249,383030,377145,370850,364365,14906,97225,0,0,0,0,No
90000,Female,1,2,26,-1,-1,-1,-2,-1,-1,13416,5206,0,0,1980,170,7380,0,0,1980,170,1397,Yes
200000,Male,2,2,46,0,0,0,0,0,0,18564,77518,82794,80248,64174,51204,60000,20000,20248,45000,40000,54600,No
50000,Male,1,1,50,1,2,3,2,2,2,29394,31722,30928,30134,32085,32609,3100,0,0,2600,1200,0,Yes
400000,Female,1,1,32,-2,-2,-2,-2,-2,-2,7217,-507,-3,8067,1154,2061,0,1000,8070,1154,2061,0,No
360000,Male,1,1,49,1,-1,-1,-1,-1,-1,-3,630,1019,320,5817,907,633,1030,321,5846,911,6965,No
150000,Male,3,1,50,0,0,0,0,0,0,88900,91812,92411,94416,96328,74550,4161,2971,3151,3200,3990,0,No
150000,Male,2,2,35,0,0,-1,-1,0,0,6008,8765,19674,57858,53588,56892,8008,20155,63992,3004,6002,5702,No
100000,Female,2,2,37,1,2,-1,-1,-2,-2,3492,3293,326,324,174,1367,10,650,324,0,1367,4166,Yes
310000,Female,1,1,30,0,0,0,0,0,0,27289,28020,31140,27695,17338,17731,1489,4415,1084,491,540,4000,No
120000,Male,2,2,39,1,-1,2,2,-2,-2,0,780,780,0,0,0,1170,0,0,0,0,0,No
90000,Female,2,1,44,0,0,0,0,0,0,82253,88238,83204,81645,84629,87981,8238,3200,3000,5000,5000,3000,No
150000,Female,1,1,36,-2,-2,-2,-2,-2,-2,14843,14528,11317,14037,12030,10738,14528,11322,14042,12030,10738,322,No
50000,Male,2,1,42,0,0,0,0,0,0,35255,21317,22252,22541,22863,20288,1690,1620,900,780,750,1670,No
210000,Male,1,1,53,-1,-1,-1,-1,-1,-1,6060,5934,9303,10976,2543,3483,5983,9331,11008,2550,3493,1308,No
300000,Female,2,2,42,-1,-1,-1,0,0,-2,28077,1063,11510,10310,0,0,1500,11516,0,0,0,7000,No
150000,Female,1,2,25,0,0,0,0,-1,0,150562,148689,147296,144927,54116,6072,5196,3171,3699,69245,1030,0,No
210000,Male,1,1,42,-1,-1,-1,-1,-1,-1,1729,1262,6867,2271,1054,1197,1315,6867,2271,1054,1197,701,No
30000,Male,1,2,34,2,2,2,2,2,0,21107,24117,24424,24627,24093,24785,3374,1000,900,0,1094,1000,Yes
240000,Female,2,1,42,-1,-1,-1,-1,-1,-1,632,0,316,632,0,316,0,316,632,0,316,948,No
120000,Male,2,2,34,-1,-1,-1,-1,-1,-1,856,856,856,856,856,856,856,856,856,856,856,2664,No
80000,Female,1,2,24,0,0,0,0,0,0,31815,30672,33185,28600,29101,28939,4038,3199,914,850,2055,8318,No
80000,Female,2,2,25,1,2,0,0,2,0,31040,30259,31712,33734,29822,30966,0,2000,2444,0,3000,1000,Yes
130000,Male,1,2,34,2,2,2,0,0,2,72996,75241,73442,75115,79230,81278,4000,0,3500,5500,3500,0,Yes
290000,Male,2,1,36,2,-1,-1,0,-1,-1,322,326,652,326,326,11757,330,652,0,326,11757,550,No
240000,Female,3,1,33,0,0,0,0,-1,0,129600,133161,30098,366,725,2576,7000,1030,7,725,2217,158215,No
60000,Male,2,2,23,0,0,2,2,-1,0,4553,7730,12944,-7511,12606,6540,3258,0,0,28000,2000,50,No
200000,Female,2,1,60,1,-2,-2,-2,-2,-2,0,0,0,0,0,0,0,0,0,0,0,0,Yes
150000,Female,2,1,28,0,0,0,0,0,0,99294,96094,97642,70371,72257,72536,5008,5000,2499,3000,2789,2439,No
300000,Male,3,2,29,0,0,0,0,0,0,103792,108297,75385,76864,124477,192001,8401,4266,3087,49195,70000,7016,No
30000,Female,2,2,24,-1,-1,2,2,2,2,2590,8346,8069,13042,12690,15503,6000,0,5464,0,3027,0,No
250000,Male,2,1,40,0,0,0,0,0,0,142477,85965,71453,54063,52723,56752,7000,3000,2000,3500,5000,3000,Yes
20000,Male,3,2,40,0,0,0,0,0,0,17180,17715,18841,18989,11583,11859,1500,1500,1000,1000,1000,1000,No
370000,Female,1,2,34,0,0,0,0,0,0,206161,203907,178625,164483,157497,141493,10000,7014,6000,6000,6000,4000,No
20000,Female,1,2,23,1,2,0,0,-1,0,6081,3408,4016,3282,1814,2232,0,1000,100,1814,1000,0,Yes
120000,Female,2,2,23,0,0,-1,0,-1,-1,7945,3077,700,268,632,8815,1000,1200,200,632,8815,8400,Yes
50000,Male,2,2,23,0,0,0,0,0,0,19766,14066,11524,10812,11643,12458,1300,1162,1000,1000,1000,1000,No
190000,Female,1,2,27,0,0,0,0,0,0,72656,38054,39410,38288,39276,36885,2000,2000,1500,1500,1300,1302,Yes
20000,Female,2,2,22,0,0,0,2,2,2,15034,16285,20498,19509,20038,18982,1500,4500,0,1600,0,1000,No
240000,Female,2,1,42,1,2,0,0,-1,-1,15100,14557,24893,14782,2381,2381,0,14782,0,2381,2381,0,No
150000,Male,2,2,32,0,0,0,0,0,0,80437,84560,35726,27886,32415,39531,7000,3000,3000,5000,8000,2000,No
180000,Female,2,1,35,0,0,0,0,0,0,8694,7607,6801,6759,6918,9777,1500,2000,1000,3000,4000,2000,No
180000,Male,2,2,36,0,0,0,0,0,0,136613,133557,129909,133043,133835,132587,6600,6000,6000,6000,5000,6000,No
70000,Male,1,2,31,0,0,-2,-2,-2,-2,45450,0,0,0,0,0,0,0,0,0,0,0,No
230000,Female,1,2,32,-1,0,-1,-1,-1,-1,441,28641,713,1344,3786,6571,28200,720,1344,4674,6571,1814,No
360000,Male,1,2,27,-1,-1,-1,-1,-1,-1,5810,4036,2310,1300,0,348,4041,2310,1300,0,348,1080,No
120000,Female,2,2,33,0,0,0,0,0,2,52266,53351,54425,54925,59010,60191,2522,2559,2000,5000,2300,0,No
90000,Male,3,1,49,2,2,2,2,2,2,74766,76470,77514,78730,80316,82321,3500,2900,3100,3000,3500,6500,Yes
110000,Male,2,1,32,0,0,0,0,0,2,110198,107710,83913,47369,48905,46046,3851,3021,1649,3513,0,1664,No
100000,Female,3,1,53,0,0,0,0,0,0,36838,37785,32905,29866,30503,28518,1607,1385,971,1018,984,810,No
90000,Male,1,2,26,1,2,2,0,0,0,58518,52526,45640,41539,39373,32080,3006,99,1500,1500,2015,1200,No
50000,Female,1,1,35,1,2,2,2,0,0,47438,46400,49276,48286,47915,48386,0,3700,0,2000,6000,0,No
50000,Female,2,2,53,0,0,0,-1,-1,2,7343,7969,8832,10931,11578,10547,1139,1002,13359,800,0,426,No
180000,Female,1,1,28,1,-2,-2,-2,-2,-2,0,0,0,0,0,0,0,0,0,0,0,0,No
50000,Male,2,1,41,0,0,0,0,0,0,36696,46041,47890,8412,9412,0,10000,3012,1000,1000,0,0,No
20000,Female,3,2,26,0,0,0,0,0,0,13804,14578,15893,16330,16517,16944,1300,1563,1000,600,700,2000,No
20000,Male,2,2,26,2,2,2,2,2,3,36060,31741,30013,25938,28447,24288,0,2600,0,6500,0,0,No
20000,Female,2,1,23,1,2,2,2,2,3,7979,8700,9907,9599,14422,18885,1000,1500,0,5000,5000,900,No
20000,Male,3,2,49,0,0,0,-1,0,-1,19363,19609,-391,19413,12223,2110,1200,160,20394,347,2110,12996,No
50000,Female,3,1,48,-1,-1,-1,-1,-1,-1,390,390,390,390,390,390,390,390,390,390,390,0,Yes
210000,Male,2,1,46,-2,-2,-2,-2,-2,-2,0,1828,765,0,0,0,1828,765,0,0,0,0,No
490000,Male,4,1,51,-1,-1,-1,-1,-1,2,4770,16917,739,-11,5132,2724,17143,742,0,5143,13,5744,No
280000,Female,1,2,28,1,-1,-1,0,-1,-1,0,5072,4872,4284,4322,9887,5072,4900,0,4322,9887,49300,Yes
200000,Female,3,2,54,-2,-2,-2,-2,-2,-2,880,1948,3635,1186,0,0,1948,3635,1362,0,0,0,No
100000,Female,2,2,24,1,-1,-1,-2,-2,-1,0,670,0,0,0,150,670,0,0,0,150,477,Yes
250000,Male,1,2,56,-2,-2,-2,-2,-2,-2,777,-3,772,-8,-8,1726,0,775,0,0,1734,0,No
80000,Female,2,1,26,0,0,0,0,0,0,75405,75681,72263,50312,49878,50101,3000,2200,1730,1800,2500,3000,No
30000,Female,3,1,41,-2,-2,-2,-2,-2,-2,0,18393,7501,11216,14333,0,18393,7501,11216,14387,0,0,No
180000,Female,1,2,42,-2,-2,-2,-2,-2,-2,177061,180778,3647,1593,1228,1006,8000,3653,32,0,1006,0,No
80000,Female,1,2,32,0,0,0,0,2,2,60918,62445,63905,67943,68811,70526,2500,2500,5100,2100,3000,3000,No
110000,Female,2,1,46,-2,-1,0,0,0,0,1495,83590,82293,78622,78430,78120,86367,2846,2755,2838,2808,2740,No
180000,Female,2,1,30,0,0,0,0,-1,-1,39259,41054,25590,5817,13623,-2202,3000,6000,1000,13623,388,77001,No
150000,Female,2,1,29,2,2,2,2,2,2,99986,103662,103978,105272,106437,109108,6800,3500,4500,3000,4600,2500,Yes
50000,Female,2,1,52,0,0,0,0,0,0,15377,17121,17832,18532,19233,20650,2000,1300,1000,1000,2000,0,No
230000,Female,2,2,23,-1,-1,2,2,-2,-1,1050,2203,2005,0,0,780,2203,0,0,0,780,0,Yes
340000,Male,1,1,41,-1,-1,-1,-1,-1,-1,624,2431,595,1193,25235,5868,2431,595,1193,25235,5868,2387,Yes
270000,Female,2,1,45,0,0,0,0,0,0,17074,28137,32602,9462,8835,8054,15000,5000,5000,5000,5000,1500,No
50000,Female,1,2,36,-1,-1,-1,-1,-1,-1,11684,45135,34539,7000,6000,0,45135,34539,7000,6000,0,0,No
130000,Female,3,1,43,0,0,0,0,0,2,74020,71527,66370,43882,41063,29215,5000,3000,2500,4100,0,5000,No
200000,Female,1,2,27,-1,0,-1,0,0,0,31789,22289,29815,35442,8321,20718,22091,29851,283,1387,20057,51281,No
360000,Male,1,1,46,0,0,0,0,0,0,14591,14828,14250,13780,15077,14009,3005,3024,4004,4008,3008,2024,Yes
100000,Female,1,2,25,0,0,0,0,0,0,11801,12905,14378,14838,15447,16539,1600,2000,1000,1000,1500,0,No
270000,Female,2,1,50,0,0,0,0,0,0,22821,24949,26526,27778,29322,30677,2500,2000,2000,2000,2000,2000,No
100000,Male,2,1,52,0,0,0,0,0,0,64254,21178,101565,82087,81201,77928,2211,81565,2625,3931,2900,2800,Yes
20000,Female,2,2,25,0,0,0,0,0,0,17950,17330,18560,14509,17972,15352,2000,2000,1000,6000,1000,3000,No
50000,Female,2,1,45,0,0,0,0,0,0,47823,48468,50955,49813,49290,50603,3144,3878,3000,2500,2000,1787,No
200000,Female,2,2,32,-1,-1,-1,-1,-1,-1,2147,1173,912,1140,293,0,1173,912,1140,293,0,308,No
170000,Male,1,1,44,1,2,0,0,0,0,84947,78724,68387,51511,33939,34330,2000,2000,3057,2000,5000,2000,Yes
70000,Male,3,1,50,2,3,2,2,2,0,56781,55327,52927,30432,16546,16722,2,3,2214,0,600,800,Yes
260000,Female,1,2,38,-1,-1,-2,-2,-2,-2,252,0,0,0,0,0,0,0,0,0,0,0,No
200000,Female,1,1,28,-1,-1,-2,-2,-2,-2,1760,0,0,0,0,0,0,0,0,0,0,0,No
190000,Female,1,2,25,0,0,0,0,0,0,106223,103922,106082,95645,89762,91835,7500,16027,9000,2919,3220,22000,No
220000,Male,3,1,58,0,0,0,-2,-2,-1,22599,23875,0,0,0,52884,1875,0,0,0,52884,105660,No
170000,Female,3,2,30,0,0,2,0,0,0,38903,37979,37069,37960,38796,39267,5144,0,1508,1600,1264,1391,No
290000,Female,1,2,47,0,0,0,0,0,0,281950,263710,262786,254495,247060,220298,11900,11000,7900,9050,6900,6000,No
60000,Female,1,2,25,0,0,0,0,0,0,31493,32634,30312,22999,23484,24438,2000,2000,1000,1005,1500,2000,No
100000,Female,3,1,50,0,0,0,0,0,2,36925,38324,39680,41687,43607,43739,2000,2000,2680,2600,1000,5261,Yes
130000,Female,3,1,44,-1,2,2,-1,0,-1,632,316,0,632,316,316,0,0,948,0,316,316,No
360000,Male,1,1,40,-2,-2,-2,-2,-2,-1,1126,3449,3168,1469,1833,1449,3455,3168,1469,1833,1449,0,No
30000,Female,2,1,38,3,2,0,0,0,-1,3379,1715,1170,780,390,150,0,1100,0,0,150,780,No
20000,Male,3,2,28,-1,0,0,0,0,0,16122,16787,14459,14743,16351,17126,2000,2000,2000,2000,2000,2000,Yes
110000,Female,1,2,37,2,2,2,2,2,2,600,600,600,600,600,600,0,0,0,0,0,0,Yes
130000,Female,2,2,43,0,0,0,0,0,0,87289,81818,41268,31836,33559,10390,5000,2000,2000,2000,2000,2000,No
110000,Male,2,1,48,0,0,0,0,0,0,107767,108561,108895,78194,76385,76858,5700,5000,2700,2901,3000,3000,No
80000,Female,1,2,25,0,0,0,0,0,0,78327,79322,76290,58987,57947,58077,3000,2454,2059,2100,2149,1956,No
150000,Female,2,1,34,-2,-2,-2,-2,-2,-2,316,1801,1139,2246,5435,466,1801,1139,2246,5435,466,316,No
80000,Female,2,1,29,1,2,2,0,0,0,56340,57022,55081,55350,55906,57538,2600,0,2200,2028,3000,2200,No
320000,Male,1,2,35,0,0,0,0,0,0,164511,177809,155421,166507,170930,171359,15000,34000,12000,5000,81000,4100,No
170000,Female,1,2,35,-1,-1,-1,-1,-1,0,897,861,3749,1487,1939,588,861,3761,1495,1939,0,10613,No
60000,Female,1,2,26,0,0,0,0,0,0,41525,33907,27517,27506,28115,28815,1815,1760,1100,1052,1200,1100,No
180000,Male,1,2,23,2,2,2,2,2,2,157074,158088,166492,168487,172662,172027,5000,12552,6200,7000,2304,6180,Yes
470000,Male,2,2,29,0,0,0,0,0,0,59235,47091,34901,33953,34188,35444,3106,5017,3007,2001,2093,10076,No
70000,Female,3,1,47,1,-2,-1,2,0,0,30950,33087,42935,28346,27279,28976,3107,48323,0,2001,3000,3003,No
280000,Female,2,1,41,0,0,0,0,0,0,40483,42538,44561,45450,46715,47642,2718,2741,1630,2000,1705,1572,No
210000,Female,1,2,26,-1,-1,-1,-2,-1,-1,231,1608,0,0,312,0,1624,0,0,312,0,0,No
300000,Male,1,2,30,0,0,0,0,-1,-1,185327,29446,21689,12500,12500,12500,1500,5000,3500,12500,12500,12500,No
140000,Female,2,1,42,0,0,0,0,0,0,158495,160681,144194,144802,147311,150207,5530,6600,5100,5460,5460,5100,No
450000,Male,1,1,41,-1,-1,-1,-1,-1,-1,70825,17236,8680,113233,5907,0,17913,9278,114865,6411,0,0,No
160000,Female,2,1,38,0,0,0,0,2,2,105313,109030,109731,116452,114481,121885,5416,4002,8565,0,9502,0,No
50000,Female,3,1,45,1,-2,-2,-2,-2,-2,0,0,0,0,0,0,0,0,0,0,0,0,No
50000,Male,1,2,42,-1,-1,0,0,0,0,12751,19660,14659,14951,14195,14471,22660,1300,519,518,515,528,No
50000,Male,2,1,32,0,0,0,0,0,0,50669,48942,27836,40346,38668,20016,1613,1484,3675,698,1000,706,No
150000,Female,1,2,25,0,0,2,2,2,2,129911,140013,137279,143848,146986,149805,12200,1000,10400,5600,5400,5000,Yes
90000,Male,1,1,53,0,0,0,0,0,0,23551,23607,22132,63204,19412,18099,2400,1582,770,1696,820,520,No
270000,Female,2,1,42,0,0,0,0,0,0,225245,211517,165608,223292,220582,218090,10000,118000,113300,9000,8000,10000,No
70000,Male,1,2,36,0,0,0,0,0,0,65275,68595,67916,56766,50395,42214,5000,3000,3000,3000,7000,7000,No
360000,Male,2,2,33,-1,-1,-1,0,-1,-1,9582,2119,10549,4409,2567,6234,2139,10580,110,2578,6265,0,No
200000,Female,2,1,34,1,-1,-1,-1,0,0,2500,9814,0,4379,1699,0,9814,0,4379,0,0,0,Yes
250000,Female,1,1,42,0,0,-1,-1,0,-1,249406,256400,13600,3274,2446,26710,11400,13600,3274,0,26710,12000,No
360000,Female,2,2,34,0,0,0,0,0,0,205363,207315,211278,215020,218771,222172,8000,8000,8000,7766,7803,7971,No
20000,Female,2,1,39,1,2,0,0,0,0,19565,18968,19612,16213,16812,18382,0,1300,717,1000,2000,1000,No
250000,Female,1,2,28,2,2,2,0,0,0,21404,48774,28705,32017,19052,9847,28705,0,4000,3000,1500,1000,Yes
60000,Female,2,2,25,2,2,4,4,3,2,600,600,600,600,300,150,0,0,0,0,0,586,Yes
200000,Male,2,2,36,1,-2,-2,-2,-2,-2,0,0,0,0,0,0,0,0,0,0,0,0,No
30000,Female,3,2,38,0,0,0,0,0,0,25546,28820,28538,28208,29326,29508,3700,718,1500,1500,3000,12357,Yes
500000,Female,1,2,39,1,-2,-2,-2,-2,-2,0,0,0,0,0,0,0,0,0,0,0,0,No
280000,Female,3,1,45,0,0,0,0,0,0,50415,59538,67642,39396,26096,34104,10000,10000,36432,0,10000,28580,No
200000,Female,2,1,42,-1,-1,-1,-1,-1,-1,1261,0,2521,6934,2255,3021,0,2521,6935,2255,3021,0,No
360000,Female,2,1,35,1,-2,-2,-1,-1,-1,0,0,0,3602,1197,0,0,0,3602,1197,0,474,No
50000,Female,3,2,44,2,2,2,2,2,0,42115,41164,43658,44644,43798,44912,0,3500,2000,0,2000,2000,Yes
60000,Male,2,2,30,0,0,0,0,0,0,57041,58268,59568,61298,29587,27267,2148,2303,2669,1032,1000,1300,No
110000,Male,2,1,42,-2,-2,-2,-2,-2,-1,100534,90201,77817,64246,65746,57715,3678,1948,1285,1500,60589,1620,No
200000,Female,3,1,44,0,0,0,0,0,0,34760,37871,39879,42946,46141,46305,4000,3000,4000,4000,3000,3000,No
70000,Female,2,2,39,2,0,0,0,0,0,67607,69623,71030,30087,29742,29191,3700,3700,1300,1300,1100,1200,No
220000,Female,5,1,37,2,2,2,0,0,0,189976,189665,171669,167294,172042,162565,15510,0,5500,7250,6500,3500,Yes
20000,Female,1,2,24,-1,-1,-2,-2,-2,-2,379,0,0,0,0,0,0,0,0,0,0,0,No
220000,Female,1,2,27,-2,-2,-1,0,0,0,4289,4637,1252,8069,18117,23176,1031,3077,7500,10048,15010,9000,No
180000,Male,2,1,40,1,2,0,0,0,0,172584,167622,130083,64398,62277,58216,1000,4052,2293,2295,2400,2110,No
100000,Male,2,1,53,2,0,0,0,0,0,43611,45415,47053,47747,48459,49560,2500,2400,1845,2400,2500,0,Yes
200000,Female,1,1,41,-1,-1,-1,-1,0,0,6402,5189,2394,15612,525,0,5189,2394,15648,0,0,0,No
200000,Male,3,2,34,1,2,2,3,2,2,138839,142121,193777,189225,192304,188695,7001,56100,5,7269,28,5828,No
60000,Male,1,1,38,2,2,2,0,0,0,59310,60482,58748,49375,38433,38378,2700,0,2100,1600,1600,1600,No
60000,Male,2,2,22,0,0,0,0,0,0,59575,51991,35435,19262,19285,19565,2051,1653,680,700,700,693,No
210000,Female,2,1,37,-2,-2,-2,-2,-2,-2,1094,1335,3056,213,825,1240,1335,3056,213,825,1240,5693,No
200000,Male,1,1,32,0,0,0,0,0,0,30144,32649,32425,32625,9687,5526,3000,1000,1000,400,1000,752,No
50000,Female,1,2,29,-2,-2,-2,-2,-2,-2,0,0,0,0,2900,0,0,0,0,2900,0,0,No
300000,Female,1,2,38,-1,-1,-1,2,-1,2,2984,-46,154,154,1626,976,0,200,0,1626,0,0,Yes
160000,Female,1,2,32,1,-2,-2,-2,-2,-2,0,0,0,0,0,0,0,0,0,0,0,0,No
50000,Female,2,1,36,-2,-2,-2,-2,-1,-1,3477,1909,1726,991,5777,5968,1909,1726,991,5782,5968,2045,No
220000,Female,1,2,32,-2,-2,-2,-2,-2,-2,21332,27844,33260,9142,15687,9148,28567,34393,9203,15765,9194,11317,No
20000,Male,2,2,22,1,3,2,2,0,0,6792,6540,7278,7013,7398,8775,0,1000,0,500,1500,0,Yes
410000,Male,1,2,31,-1,-1,-1,0,0,-1,4182,0,4120,4120,0,3086,0,4120,0,0,3086,4320,Yes
50000,Female,2,1,25,-1,0,0,0,0,0,42726,43072,34984,30090,23820,18012,3941,1432,1000,2000,2036,404,Yes
50000,Male,3,1,38,0,0,0,0,0,0,10825,11377,10760,10973,10693,9888,1500,1155,368,372,356,500,No
50000,Male,3,1,48,0,0,0,0,0,0,10420,8451,9641,9468,9294,9263,1310,1500,500,500,500,200,No
70000,Female,2,2,29,0,0,2,-1,0,0,4059,5791,208,4170,4563,5331,2000,0,4170,1000,1000,1000,No
120000,Male,2,2,25,0,0,0,0,0,0,120633,118741,104754,79227,77751,69889,4622,3384,2589,3000,2460,1300,No
170000,Male,2,1,30,-1,-1,-1,0,-1,-1,416,416,632,416,416,566,832,632,200,416,566,416,No
160000,Male,1,1,51,0,0,0,2,2,2,1380,1481,2623,2457,4912,3669,1331,2473,0,2500,0,0,Yes
30000,Female,2,2,22,0,0,2,0,0,0,30397,31148,28755,30720,28298,9064,3500,0,3500,694,343,266,No
10000,Female,2,1,40,1,-1,0,0,0,0,0,1912,3071,4012,9882,5857,1912,1200,1000,1000,1000,0,No
20000,Male,2,2,33,0,0,0,2,0,0,17439,18498,21335,33247,17261,17601,1340,3177,0,1546,776,646,No
250000,Female,1,2,35,-2,-2,-2,-2,-2,-2,0,0,26267,26599,2948,2065,0,26267,532,2948,2065,13780,No
30000,Female,2,2,26,2,2,2,0,0,2,23064,25479,24705,25202,26608,25926,3100,0,791,1699,0,1000,Yes
180000,Female,1,2,29,0,0,0,0,0,0,123154,126078,78070,50730,48039,47665,5200,3045,3500,2700,2720,2000,No
240000,Female,2,2,34,-1,-1,-1,-1,-1,-1,3403,2858,3619,3262,3228,3127,3502,4099,3500,3228,3127,2221,Yes
30000,Female,2,2,25,1,3,2,2,2,2,16368,15825,15274,17018,16608,18020,0,0,2000,0,2000,0,No
50000,Female,1,2,28,1,2,0,0,0,3,4323,3851,2808,3325,3989,3610,0,602,569,718,0,0,No
20000,Male,1,2,37,2,2,2,2,2,0,14688,16827,17251,17672,17250,18305,2700,1000,1000,0,1500,1500,Yes
130000,Female,3,1,54,0,0,0,0,0,0,77506,78535,72776,66053,52505,12242,2900,2564,2368,2200,364,152,No
180000,Female,2,1,32,-1,2,-1,0,-1,-1,1991,991,7658,1000,1650,1000,0,7667,0,1650,1000,2000,No
320000,Male,1,1,46,-2,-2,-2,-1,-1,-2,3266,12186,1403,24305,7463,1957,12253,3290,11465,7537,1966,2987,No
30000,Female,2,1,33,2,0,0,2,2,0,31947,31564,34804,33808,31740,31135,1872,5550,1238,0,1515,4665,Yes
280000,Female,2,2,33,1,-2,-2,-2,-2,-1,0,0,0,0,0,35833,0,0,0,0,35833,1500,No
80000,Female,2,2,50,0,0,-1,-1,-1,-1,8985,5305,2992,2984,2992,2992,2000,2992,2984,3000,2992,2992,No
140000,Female,2,2,27,0,0,0,0,0,0,136899,139889,142460,142020,139879,140810,5200,6000,5500,5900,5200,5000,No
180000,Male,2,1,27,0,0,0,0,0,0,181219,183311,183936,181370,179904,172758,7000,8021,6315,6432,6409,6008,No
420000,Female,1,2,29,0,0,0,0,0,0,105582,97913,75353,78322,77048,23007,23004,20002,7096,20261,3068,10009,No
200000,Female,1,2,29,0,0,0,-2,-1,0,53493,3123,3221,3287,63687,65034,1060,1000,66,65437,2422,2418,Yes
140000,Female,1,2,25,0,0,0,0,0,0,45068,44158,48437,50667,52888,54060,5000,5000,3000,3000,2000,2000,No
170000,Female,3,2,33,0,0,0,0,0,0,166348,162319,165592,167482,171106,164042,7354,7464,6127,6550,6100,10000,No
30000,Female,2,2,24,0,0,0,2,0,0,18220,20606,22880,22217,23694,24151,3000,2620,0,2000,1000,1000,No
50000,Female,1,2,26,1,-2,-2,-1,0,0,0,0,0,6954,7361,6957,0,0,6954,500,1000,500,No
150000,Female,1,1,45,0,0,0,0,0,0,123580,126136,128709,131292,134011,136711,3575,3647,3678,3793,3835,3952,No
30000,Male,2,2,30,0,0,0,0,0,0,6933,9640,10094,10300,10300,0,3000,1000,206,0,0,0,Yes
50000,Male,3,2,38,0,0,0,0,0,0,50174,32012,34274,38668,40416,20355,3000,3000,5000,2000,3000,1200,No
300000,Female,1,2,39,-1,-1,-2,-2,-2,-2,2019,-1,-1,-1,-1,-1,1,0,0,0,0,2774,Yes
80000,Female,3,0,34,0,0,0,0,0,0,59451,29668,22740,13099,6551,0,1834,2124,0,0,0,0,No
50000,Female,1,2,27,0,0,0,0,0,0,39607,40399,36712,33485,37712,40065,5014,5000,5000,5000,5000,5000,No
110000,Female,2,1,41,0,0,0,0,0,0,100143,98338,92457,79496,72458,72168,4000,4000,3530,4000,4000,5000,No
110000,Female,1,2,32,1,-1,0,0,0,-2,0,1670,11693,7903,-18,-18,1670,10200,0,0,0,0,No
390000,Female,1,1,34,-1,-1,0,0,0,-1,3060,60248,53157,73183,69592,24629,60248,7183,66000,0,24629,43433,No
200000,Male,3,2,46,-1,-1,-1,-1,-1,-1,396,396,396,396,396,396,396,396,396,396,396,396,No
30000,Male,1,1,38,8,7,6,5,4,3,35031,34552,33756,32960,31881,31085,0,0,0,0,0,0,Yes
230000,Male,1,2,30,0,0,0,0,0,0,101874,97302,97383,97487,96588,95221,8000,5016,5000,5000,5000,5200,No
210000,Female,1,1,44,-2,-2,-2,-2,-2,-2,0,70,24329,780,0,1615,70,24259,780,0,1615,8198,No
30000,Female,2,1,54,-1,-1,-1,-1,-1,-1,3334,3366,890,2662,1542,-2695,3366,890,2662,1542,0,6000,No
130000,Female,3,1,41,0,0,0,0,0,0,101885,72686,70672,64530,63041,56493,3500,2389,2368,5000,1964,1707,No
130000,Male,3,2,37,1,-2,-1,0,0,0,-896,-896,2604,2604,1,1,0,3500,0,0,0,0,No
480000,Female,1,2,27,-1,0,0,0,0,0,12759,15410,20116,10060,9301,923,3001,5000,500,500,500,21299,No
160000,Female,1,1,37,-1,-1,-1,-1,-1,-1,9293,5875,9121,2412,2271,2187,5902,9128,2412,2271,2187,4792,No
10000,Male,1,2,27,0,0,0,0,0,-1,6599,7736,8492,8138,4990,1598,1400,1000,1009,1000,1598,0,No
360000,Female,2,2,33,-1,-1,-2,-2,-2,-2,8552,1118,1227,1541,1389,390,1118,1227,1541,1389,390,390,No
260000,Female,2,1,28,0,0,0,0,-1,0,251811,256753,143240,150000,14098,28736,9388,5000,10000,14098,15000,15000,No
330000,Female,2,1,45,0,0,0,0,0,0,47644,48906,50531,50595,40491,31020,2000,2500,1309,1243,2027,1056,No
30000,Female,2,1,47,1,2,2,-2,-2,-2,5163,2475,0,0,0,0,0,0,0,0,0,0,Yes
80000,Male,2,1,31,2,0,0,-2,-2,-2,81712,78535,0,0,0,0,3271,0,0,0,0,0,Yes
120000,Female,2,1,29,-1,-1,-1,-1,-1,-1,7778,3157,5456,0,2777,0,3179,5463,0,2777,0,0,Yes
170000,Male,2,2,30,0,0,0,-1,-1,-1,6383,7189,-1,192,0,397,1000,0,193,0,397,0,Yes
140000,Female,1,2,31,1,-2,-2,-2,-2,-2,0,241,0,0,0,0,241,0,0,0,0,1419,No
80000,Female,2,2,37,-2,-2,-2,-2,-2,-2,3946,0,0,0,0,0,0,0,0,0,0,0,No
200000,Male,3,1,44,0,0,0,0,0,0,138877,144085,142520,151078,176717,168431,6437,5000,10000,27080,10017,4200,No
80000,Female,2,2,26,-1,2,2,-2,-2,-2,780,780,0,0,0,0,0,0,0,0,0,0,Yes
230000,Male,2,1,36,0,0,0,0,0,0,19505,20715,19750,19506,19255,17479,3000,3000,3000,3000,3000,3000,No
260000,Female,1,1,40,-2,-2,-2,-2,-2,-2,2500,0,0,0,0,0,0,0,0,0,0,0,No
50000,Female,2,2,28,-1,-1,-1,-1,-1,-1,780,0,390,390,885,885,0,390,390,885,885,885,No
340000,Male,2,1,35,1,-2,-2,-2,-2,-2,-6,-6,-6,-6,-6,-6,0,0,0,0,0,0,No
50000,Male,1,2,39,0,0,0,0,0,0,49869,42146,43927,19234,18799,16412,2146,3927,1234,1000,1450,2000,No
200000,Female,3,2,45,1,-2,-2,-2,-1,0,666,1928,-15,1753,4717,1230,1937,0,1768,6137,0,27,No
280000,Female,2,2,36,0,0,0,0,0,0,91093,92775,81718,83347,85623,87252,3224,2965,2987,3623,3148,3194,No
170000,Male,2,2,35,0,0,0,0,0,2,115634,118823,120475,109993,115151,112232,5935,6040,4000,8000,0,4320,No
100000,Female,2,1,38,2,2,2,0,0,2,37516,38622,37706,38148,40630,39827,2000,0,1369,3100,0,1443,No
360000,Female,1,1,48,1,-1,-1,-2,-2,-2,491,3670,-114,-200,-200,-200,3700,0,0,0,0,0,Yes
150000,Female,2,2,26,1,-2,-1,-1,-2,-2,2341,340,380,462,3,166,340,380,462,103,266,0,No
50000,Male,2,2,29,-2,-2,-2,-2,-2,-2,15519,19259,18652,24312,28903,28294,4000,0,6000,5000,0,2000,No
40000,Female,1,2,35,0,0,0,0,0,0,26801,36208,25378,28058,31145,38030,10000,5000,5000,5000,7500,4596,No
30000,Male,3,2,58,-1,-1,-1,0,0,0,390,390,1170,780,780,0,390,1170,0,0,0,0,No
140000,Female,1,1,35,0,0,0,0,0,0,26187,28431,26141,24958,27574,27151,3000,2000,2000,3000,1661,3500,No
150000,Male,2,2,30,-1,-1,-1,-1,-1,-1,8821,5943,6569,24604,4878,1477,5964,6588,24677,4896,1477,4303,No
150000,Female,2,2,37,0,0,0,0,0,0,152349,152359,150257,79162,79617,79670,7000,7000,5000,3000,4000,3500,No
360000,Female,1,2,47,1,2,0,0,2,0,366577,345484,354469,187836,186172,189759,0,14148,11500,0,5324,5500,No
170000,Male,2,2,43,0,0,0,0,0,0,136485,87236,79244,59144,60228,61578,3602,3903,2265,2188,2353,2411,No
50000,Male,1,2,26,0,0,0,0,0,2,44838,45894,47121,45625,49367,46001,1769,1996,1800,4603,0,1486,Yes
260000,Female,1,1,43,-1,-1,-1,-1,0,-1,3209,0,2552,2236,2236,2450,0,2552,2236,0,2500,0,No
350000,Female,3,1,32,-1,-1,-1,-1,-1,-1,70910,30372,90588,3047,-4,920,30516,91041,3062,0,924,5124,No
210000,Female,2,1,41,-1,-1,-1,-1,-2,-2,17605,2032,106,-10,-10,-10,2164,106,0,0,0,0,No
50000,Female,2,1,39,3,2,2,-2,-2,-2,5171,4925,-350,-350,-350,-350,0,350,0,0,0,0,No
170000,Male,2,1,46,0,0,0,0,0,0,94791,89330,88384,84456,69871,62012,4300,3314,3050,2600,2600,4860,Yes
50000,Female,2,2,24,0,0,0,0,0,0,48600,47819,48527,39147,38314,37758,2200,1889,1510,1400,1700,2000,Yes
50000,Female,2,1,32,0,0,0,0,0,2,24402,26872,28430,29160,31187,30537,8442,2000,1200,2500,0,1200,No
280000,Female,2,2,33,-1,-1,-1,-1,-1,-1,281,5631,5525,0,21339,607,5631,5549,0,21339,607,0,No
430000,Male,2,2,42,0,0,0,0,0,0,59648,52811,45441,39174,28261,25411,2035,1587,1161,1943,995,606,No
340000,Female,1,2,30,-1,-1,-1,-1,0,-1,8571,21012,10607,47258,35675,20691,21041,10607,47258,983,20691,23849,No
120000,Male,1,1,41,-1,-1,-2,-1,0,-1,416,0,0,832,416,416,0,416,1248,0,416,0,No
200000,Male,2,2,27,-1,-1,-1,-1,-1,-1,1990,2035,1577,2424,671,1606,2035,1577,2424,671,1606,27124,Yes
500000,Female,2,2,41,-1,-1,-1,-1,0,-1,48650,15183,11626,8986,4465,24166,15183,11727,8986,0,24166,4117,No
270000,Male,3,1,53,0,0,0,0,0,0,239963,224278,196747,108242,72480,36440,8710,8119,4500,3000,2000,131904,Yes
190000,Male,1,2,26,0,0,0,0,0,0,184136,186387,172506,89806,91744,93903,9000,6500,3500,3500,3800,3600,No
340000,Female,3,1,37,-1,-1,-1,-1,-1,-1,16275,20037,9085,9461,12654,7296,20047,9126,9481,12657,7306,9928,No
390000,Female,3,2,30,0,0,0,0,0,0,338174,256104,221739,184529,175781,173442,8738,6545,6601,5700,6100,5000,No
90000,Female,1,2,31,0,0,2,0,0,-1,63872,66983,63070,1184,4154,3502,5003,0,1000,4000,3502,1400,No
200000,Female,2,1,27,0,0,0,0,2,2,174381,177078,184026,192069,198862,176770,7000,10000,11000,10043,0,7000,No
230000,Female,1,1,43,-2,-2,-2,-1,0,0,0,0,200,43998,23400,13000,0,200,43998,52,13000,26200,No
100000,Female,3,1,39,-2,-2,-2,-2,-2,-2,1890,24105,52262,9920,8633,53312,24105,52282,9920,8633,53312,4589,No
30000,Female,1,2,24,2,0,0,0,2,2,11483,12810,13591,14530,14154,15320,1519,1300,1166,0,1400,0,Yes
50000,Male,2,1,50,0,0,0,0,0,0,6449,7314,8474,8488,8665,8843,1129,1289,303,313,321,472,No
200000,Female,1,1,44,1,-2,-2,-2,-2,-2,-40,-40,-40,-40,-40,-40,0,0,0,0,0,0,No
50000,Female,2,1,39,0,0,0,0,0,0,42822,43872,25400,24202,25904,27567,2000,2000,1000,2000,2000,2000,No
130000,Male,2,2,31,0,0,0,0,0,0,5551,6953,8176,8884,9737,11404,1500,1500,1000,1000,2000,2000,Yes
260000,Male,2,1,46,0,0,0,0,0,0,29562,22429,11333,11651,12651,9247,1500,1000,1000,1000,205,1988,No
80000,Female,1,1,28,-1,2,-1,-1,-1,-1,9598,6278,8721,3589,8209,10253,60,8721,3589,8209,10253,4829,No
20000,Male,2,2,30,1,-2,-2,-1,-1,-2,-2610,390,0,780,0,0,3000,0,780,0,0,0,No
160000,Female,2,1,27,0,0,0,0,0,0,31666,31865,32691,31490,28324,30798,3000,3000,3000,3000,3000,3000,No
70000,Female,3,2,24,0,0,0,0,-1,0,65429,67513,67767,69275,1058,48376,3136,2076,2243,1058,48000,2000,No
70000,Male,1,2,26,0,0,0,0,0,0,60701,61865,63063,10879,11127,13004,2735,2726,311,343,3000,2000,No
400000,Male,1,2,38,-1,-1,-1,-1,2,2,3456,49709,8834,57959,49590,22972,50263,8834,50000,0,8695,0,Yes
30000,Male,1,2,26,1,-1,-1,-2,-2,-2,0,780,0,0,0,0,780,0,8000,0,0,0,No
240000,Female,1,2,35,0,0,0,0,0,0,18336,19648,11138,11481,18265,4365,5118,5015,5000,10000,2000,5326,No
40000,Female,2,1,43,0,0,0,0,0,0,36415,37409,30019,30426,22867,12900,1939,1399,806,862,258,0,No
510000,Female,3,1,61,0,0,2,0,0,0,181733,192903,181801,178179,223100,216225,17000,0,6508,50000,7000,6000,No
20000,Female,2,2,23,1,2,0,0,0,0,17538,16975,17651,17603,17962,0,0,1400,352,1139,0,1500,No
80000,Male,2,2,26,0,0,0,-2,-2,-2,60315,61650,0,0,0,0,2850,0,0,0,0,0,No
10000,Female,1,1,37,0,0,-2,-2,-2,-2,5300,0,0,0,0,0,0,0,0,0,0,0,No
50000,Female,3,1,61,0,0,0,2,0,0,38158,35961,37417,24663,24655,26088,2220,2943,0,887,2000,716,No
200000,Male,2,1,31,1,2,2,0,0,0,29070,31302,29192,28170,28763,28453,3019,6,991,1032,1310,2000,No
140000,Male,3,1,59,0,0,0,0,2,0,129684,130838,131910,136810,133090,134415,6193,6200,10000,0,5000,5000,No
60000,Male,2,2,28,0,0,0,0,0,0,60721,61452,59797,30372,45283,24588,4000,1353,27826,1300,1903,3000,Yes
100000,Male,1,2,27,0,0,0,0,-1,-1,5552,4784,4743,2805,354,443,1120,1000,0,354,443,441,Yes
30000,Female,2,1,34,2,2,0,0,0,0,30082,29315,30369,29787,30284,29057,0,1750,1025,1100,1500,1000,No
500000,Male,2,1,42,0,0,-1,-1,-1,-2,1131,0,157,2025,-1,-1,0,157,2029,0,0,649,No
420000,Female,2,2,31,0,0,0,0,0,0,50771,48196,46932,45546,46369,42651,1862,2010,1700,1622,1520,1316,No
130000,Female,2,1,36,2,2,0,0,0,2,131989,128467,131073,132399,140254,139209,0,6230,5000,10200,4400,4570,Yes
150000,Female,1,2,36,-1,-1,-1,-1,-1,0,9788,6252,30244,2434,29139,26987,6252,30620,2434,29139,1210,10000,No
360000,Male,1,2,33,-1,-1,-1,-1,-1,-1,845,-4,831,899,1172,820,0,835,899,1172,820,670,No
230000,Female,2,2,29,0,0,0,0,0,0,157107,119402,78875,76117,75428,150130,6000,3020,3000,2500,80000,5000,No
180000,Female,1,1,31,-1,-1,-1,-1,-1,-1,18710,45460,3700,0,228,-372,45460,3700,0,228,0,0,No
160000,Female,1,1,34,1,-2,-2,-1,0,-1,-49,-375,-1027,603,277,1451,0,0,1630,0,1500,0,Yes
250000,Female,2,1,43,-1,-1,-2,-1,-1,0,399,508,-3,-3,51169,51482,508,3,24,51800,1826,1787,No
170000,Male,3,1,40,-2,-2,-2,-2,-2,-1,6115,868,2687,2885,2092,36612,872,2700,2899,2102,101556,8496,No
100000,Female,2,1,28,0,0,0,0,0,0,95251,98226,98295,100406,100430,101392,5401,3576,3754,3806,3796,4000,No
200000,Female,1,1,37,-1,-1,-1,0,0,0,3660,16991,19200,18856,14301,913,17302,20891,7377,2000,0,127188,Yes
300000,Male,1,1,44,0,0,0,0,0,0,58137,51459,49737,48015,36004,6748,3000,2000,1500,3000,1000,3000,No
290000,Male,2,2,29,-1,2,-1,-1,-1,0,22277,21451,2467,166,4030,9097,0,2467,200,6000,6000,6000,No
30000,Female,2,2,23,2,2,2,0,0,2,19674,21050,20414,22008,23480,23777,2000,0,1934,1824,830,0,No
340000,Male,2,1,35,0,0,0,0,0,0,292302,88857,92068,91367,89601,86899,3904,4708,3163,3209,3102,3194,No
90000,Male,2,2,31,0,0,0,0,0,0,34704,36426,35387,36838,35867,36841,3000,1549,2000,2000,2000,1000,No
140000,Female,1,2,28,1,2,0,0,0,2,99215,96776,98949,100673,106935,104427,0,3932,3717,8000,0,4000,Yes
150000,Male,1,2,31,0,0,0,0,-1,-1,110921,64600,58158,24856,704,1899,3000,1500,1000,704,1899,0,No
70000,Male,3,1,47,0,0,2,2,0,0,62080,67523,68334,67132,66796,67743,6874,2030,0,1866,1878,1909,Yes
750000,Female,1,1,41,0,0,0,0,-1,-1,184022,163441,92767,75696,35485,4889,6817,2330,2705,50854,4913,550,No
200000,Female,2,2,26,0,0,0,0,0,0,116070,111996,88327,73717,56921,48160,5096,2700,4017,7921,10160,5594,No
230000,Female,2,1,39,2,0,0,0,0,0,183718,187811,176457,125552,127993,112107,7236,5603,4187,4327,5237,15226,Yes
180000,Female,3,1,43,-1,-1,-1,-1,-1,-1,1473,22969,27315,13315,8194,12800,22969,27392,13315,9000,12800,9460,No
210000,Female,2,1,40,-1,-1,2,-1,-1,-1,2216,6142,1108,1499,2447,888,5258,0,1500,2500,1000,1500,No
30000,Female,2,2,26,0,0,2,2,-1,2,8009,10181,10064,150,1150,1000,2316,199,0,1150,0,0,No
30000,Male,1,2,24,0,0,0,0,0,0,28749,29457,29530,28433,21365,0,2004,2169,1260,819,0,0,No
90000,Female,2,1,33,0,0,0,2,2,2,76395,79168,84904,87914,90043,91534,4000,8000,5348,3700,3128,0,No
50000,Female,2,1,30,2,2,0,0,0,0,29826,29068,29778,30370,31003,32291,0,1496,1088,1123,1800,2200,Yes
240000,Female,1,2,28,1,-1,-1,-1,-1,-1,0,1748,0,14944,968,10408,1748,0,14944,968,10408,0,Yes
280000,Female,1,1,63,-2,-2,-2,-2,-2,-2,4108,2219,4734,0,1420,2705,2219,4734,0,1420,2705,3275,No
410000,Female,3,2,31,-2,-2,-2,-2,-2,-2,0,0,0,0,0,3932,0,0,0,0,3932,1238,No
30000,Female,2,1,42,2,2,2,0,0,2,4641,7071,6811,6795,7342,7075,2521,0,245,658,0,268,Yes
260000,Male,1,1,40,-1,-1,-1,-1,-1,-1,524,248,552,0,80,121,248,552,0,80,121,219,No
30000,Female,2,1,51,0,0,0,0,0,0,16883,17909,18920,19297,19699,20091,1303,1314,691,713,718,742,No
10000,Male,2,1,23,1,3,2,2,2,0,8679,8399,8101,8995,8216,7756,0,0,1000,0,500,500,No
290000,Male,1,1,41,1,-2,-2,-2,-2,-2,0,0,0,0,0,0,0,0,0,0,0,0,No
150000,Female,1,2,37,-1,-1,-2,-2,-2,-2,2195,0,0,0,0,0,0,0,0,0,0,0,Yes
30000,Male,2,1,24,0,0,0,0,0,0,29416,30476,30386,29769,30395,30348,1540,1447,1027,1066,1288,1104,No
360000,Female,1,2,44,0,0,0,0,0,0,347696,329864,322159,289377,146946,130085,20000,20009,30000,10000,10000,10000,No
240000,Female,2,1,47,1,-2,-2,-2,-2,-2,0,0,0,0,0,0,0,0,0,0,0,0,No
60000,Male,1,2,28,1,-1,0,0,2,2,0,3132,3144,3638,3436,22219,3132,1053,547,0,19000,0,Yes
50000,Female,2,2,31,0,-1,-1,-2,-1,-1,9514,2067,-6,-409,793,2385,2100,405,0,2385,2385,3000,No
50000,Female,1,2,42,-1,-1,-2,-2,-2,-1,1618,0,0,0,0,3702,0,0,0,0,3702,4817,No
50000,Male,2,2,29,0,0,0,0,0,0,23236,19132,15138,14036,14752,15445,1660,1065,5000,5000,5000,2000,No
10000,Male,2,2,24,1,2,2,2,2,2,4231,5508,5271,6182,5937,6838,1500,0,1000,0,1000,0,Yes
110000,Female,3,1,48,1,2,0,0,0,2,35341,24107,34090,24843,18105,16952,0,11412,739,1560,0,691,Yes
220000,Female,1,2,29,1,-1,-1,-1,-1,-1,0,3003,2646,1125,0,3455,3003,2646,1125,0,3455,1000,No
400000,Female,3,1,44,0,0,0,0,0,0,120456,113855,87798,19583,20453,21309,3557,2350,5700,1000,1000,1000,No
150000,Female,3,1,48,2,2,2,2,2,2,84647,76858,62650,59255,45983,52986,5950,0,10000,0,20000,0,Yes
80000,Female,2,2,26,0,0,0,2,0,0,77037,71799,75743,67626,69081,70772,3300,5800,0,2700,3000,2700,No
50000,Male,3,2,23,0,0,0,-1,-1,-1,7965,8404,10240,170,-220,390,1500,2000,170,0,1000,3309,No
50000,Male,2,2,33,0,0,0,0,0,0,48355,49715,49736,17599,16753,10582,2140,1161,510,503,500,1000,No
20000,Male,2,1,38,2,2,2,2,2,2,6313,8625,8338,9199,9378,9081,2426,0,1000,471,0,482,No
50000,Male,2,2,29,-1,0,0,0,0,0,10498,8238,6411,5341,3483,4093,1345,1000,2000,1000,1000,2000,No
140000,Female,2,2,27,0,0,0,0,0,0,62986,64498,63093,58650,54946,53773,5000,3000,5000,3000,3000,3000,No
280000,Female,1,1,36,-1,-1,-1,-1,-1,-2,4480,2120,1627,2649,0,0,2120,1627,2649,0,0,0,Yes
70000,Female,1,1,25,1,-2,-2,-1,2,-1,0,0,0,398,248,3408,0,0,398,0,3408,1067,No
470000,Male,1,1,38,0,0,0,0,0,0,156454,152017,153651,155381,155287,160843,5526,5484,5504,5655,9471,5269,No
500000,Male,2,2,33,0,0,0,0,0,0,134503,114682,124240,131006,137911,119343,20031,20029,20058,20127,10000,10027,No
40000,Male,2,2,35,2,0,0,0,0,-2,21072,20454,19977,20650,0,0,1504,1427,1100,0,0,0,No
40000,Female,2,1,45,1,2,0,0,0,0,40910,39592,40135,37403,30159,27854,0,2196,4,603,925,389,No
50000,Female,1,1,22,-1,0,0,0,0,-1,5856,8725,10000,17916,6789,150,3005,2700,7916,0,150,198,No
40000,Female,1,2,24,-1,2,-1,-1,0,-1,780,390,390,780,390,150,0,390,780,0,150,780,Yes
310000,Female,2,2,44,-2,-2,-2,-2,-2,-2,6571,1156,1156,1889,3367,2267,1156,1156,1889,3367,2267,0,No
140000,Female,2,2,34,0,0,2,2,2,0,27098,29832,29354,30609,29981,30581,3485,300,2038,0,1100,2570,Yes
80000,Female,2,2,27,0,0,0,-1,0,0,36406,31472,10246,20202,20077,20247,2000,5056,20202,726,891,10000,Yes
210000,Male,2,2,26,1,-2,-2,-2,-1,3,0,0,0,0,1290,990,0,0,0,1290,0,0,Yes
50000,Female,1,2,23,0,0,0,0,0,0,18975,19763,21081,21432,21933,22569,1400,1649,1000,1000,1000,1200,No
400000,Male,1,2,39,2,2,2,2,2,2,50747,49666,52727,51286,55077,55500,0,4500,0,4800,1600,0,No
60000,Female,2,1,36,0,0,0,0,-1,0,57262,27275,22095,14293,12217,16170,5816,1000,5000,12217,8000,1100,No
160000,Female,3,2,54,1,-2,-2,-1,-1,-2,0,0,0,1690,0,0,0,0,1690,0,0,0,No
450000,Female,1,1,46,-1,-1,-1,-1,-1,-1,28205,3760,4148,2312,6909,4189,3793,4148,2312,6909,4189,1539,Yes
20000,Female,3,2,35,0,0,0,2,0,0,10704,11352,13297,12418,12581,12305,1517,2852,0,500,700,500,No
50000,Female,2,1,47,0,0,0,0,2,2,47500,46937,44681,47537,46644,49765,2700,2000,3600,0,3890,0,No
200000,Female,2,1,41,-2,-2,-2,-2,-2,-2,23570,735,0,0,0,0,742,0,0,0,0,0,Yes
60000,Female,2,2,48,2,3,2,3,2,2,60717,59183,62075,60501,61808,60668,0,4500,0,2400,0,2200,Yes
280000,Female,2,2,30,-1,-1,-1,-1,-1,-1,3510,-32,4628,2589,3120,4334,0,4660,2601,3135,4354,3027,No
200000,Female,2,2,28,-1,-1,-2,-2,-2,-2,1243,0,0,0,0,0,0,0,0,0,0,1434,No
100000,Male,2,1,56,0,0,0,0,0,0,96392,87986,89230,90745,92774,101275,4424,3600,3000,3200,9800,0,No
80000,Male,1,2,28,0,0,0,0,0,0,49740,48501,48117,48502,48610,49650,2000,2000,2000,1800,1800,2000,Yes
440000,Male,1,2,35,0,0,0,0,0,0,421895,413687,420892,352705,359770,351535,15100,16076,12445,13183,12874,12146,Yes
500000,Female,2,2,36,-2,-2,-2,-2,-2,-2,11168,9287,9963,17145,7645,16079,9287,9963,17223,7645,16079,11288,No
500000,Female,1,2,30,-1,-1,-1,-1,-1,-1,5800,7210,229,3377,441,24116,7210,229,3377,441,24116,0,No
30000,Male,1,2,24,-1,-1,-1,-1,-1,-1,8217,3000,0,504,279,254,5000,0,504,300,500,1000,No
120000,Female,1,2,23,0,0,0,0,0,0,100904,91354,160932,54967,42017,30455,6629,3117,1551,2000,1273,2000,No
140000,Male,2,1,40,0,0,0,0,0,0,77356,80113,82083,83029,84737,94101,4000,3900,3200,3200,10800,0,No
60000,Male,2,2,26,0,0,0,0,2,0,23146,23868,26447,28109,28720,28308,1400,3000,2100,1200,1200,2000,Yes
10000,Female,2,2,22,-1,-1,-1,-1,-1,-1,528,0,264,264,264,264,0,264,264,264,264,1056,Yes
120000,Female,1,1,39,0,0,0,0,0,-1,51662,30285,24879,29479,27553,14587,10000,6000,5000,7553,14587,1706,No
70000,Female,2,2,26,0,0,2,0,0,0,28986,30609,31301,31980,32813,33614,2400,1500,1500,1500,1500,1500,No
330000,Female,1,2,28,1,-2,-2,-2,-2,-2,0,1056,2006,-2,1683,1382,1056,2014,0,1685,1388,967,No
410000,Female,3,1,48,-1,-1,-1,-1,-1,-1,6578,43564,16813,11080,16595,15843,43821,16865,11100,16615,15866,1547,No
360000,Male,1,1,57,-1,-1,-1,-1,-1,-1,2505,4070,3307,0,380,2566,4070,3307,0,380,2566,166,No
200000,Male,1,2,28,-2,-2,-2,-2,-2,-2,0,0,0,0,0,0,0,0,0,0,0,597,No
20000,Female,3,1,34,-1,-1,-1,-1,-1,-2,1030,4177,1786,1050,0,0,4177,1786,1050,0,0,0,No
90000,Female,3,1,49,-1,2,2,0,0,0,69380,70886,69402,1332,1604,958,2800,0,0,272,166,3756,No
60000,Female,2,1,30,0,0,0,0,0,0,36082,37127,38117,38874,38667,39544,1628,1618,1375,1403,1520,1205,No
120000,Male,1,2,34,1,-1,-1,-2,-1,2,-325,279,-117,-513,1091,545,1000,0,0,2000,0,550,No
210000,Female,1,2,30,1,-2,-2,-1,-1,-1,0,0,0,830,0,10533,0,0,830,0,10533,13877,No
40000,Female,2,2,25,2,0,0,0,2,2,25741,26772,27794,29333,29816,30577,1750,1772,2311,1100,1400,0,Yes
130000,Female,3,1,42,0,0,0,0,0,0,105406,95012,83245,76631,75607,73006,4349,3000,2410,7639,12962,2889,No
150000,Female,1,2,38,-1,-1,-2,-2,-2,-2,675,0,0,0,0,0,0,0,0,0,0,0,No
30000,Male,2,1,39,1,2,2,0,0,2,22595,24928,24230,26811,28702,28092,3000,0,3000,2327,0,1200,Yes
380000,Male,3,1,52,2,0,0,0,0,2,390409,369065,375150,383319,385813,365587,15353,14219,15022,29000,0,27000,No
50000,Female,1,2,22,2,2,2,0,0,0,41632,44069,37395,32284,32805,33751,3509,0,1302,1191,1492,1949,Yes
170000,Male,1,2,27,0,0,0,0,0,0,17066,20456,24644,25739,30372,34924,4000,5000,5000,5000,5000,5000,No
360000,Male,3,1,41,-1,-1,-1,-1,-1,-1,498,498,498,498,498,498,498,498,498,498,498,498,Yes
500000,Female,1,1,38,0,0,0,0,0,0,238708,313903,323841,319331,316208,304388,90012,28000,15000,9494,108914,18200,No
200000,Female,1,2,36,1,-2,-1,-1,-1,-1,12099,0,1540,0,3045,0,0,1540,0,3045,0,0,No
240000,Female,1,1,33,-1,0,0,0,0,0,30973,32008,32889,33410,34327,34500,1537,1418,939,1193,690,0,No
210000,Female,2,1,38,-1,-1,-1,-1,-1,-1,142,307,307,614,307,307,307,307,307,614,307,307,No
110000,Female,2,1,28,0,0,0,0,0,2,66831,62435,59977,59411,55112,45025,3021,2800,2710,5227,0,1900,No
10000,Male,3,1,46,-1,2,2,4,3,2,6277,7019,9557,9269,8836,8548,1000,2819,0,0,0,250,Yes
180000,Female,1,2,34,-1,-1,-2,-2,-2,-2,1599,0,0,0,0,0,0,0,0,0,0,0,No
50000,Female,2,1,41,2,3,2,2,2,2,29463,28715,28950,29684,29078,29944,0,1000,1500,0,1500,2100,No
180000,Male,1,2,32,0,0,0,0,0,0,63461,54673,53358,41379,32620,19061,3018,3071,3042,1161,3023,32,No
40000,Female,2,2,24,0,0,0,0,0,0,38221,34975,19606,21272,22923,24539,3107,3000,2000,2000,2000,0,Yes
50000,Male,1,2,25,-1,-1,-1,-1,-1,-1,910,1597,997,-3,999,491,1607,1000,0,1002,492,3243,No
200000,Female,1,2,29,-2,-2,-2,-2,-2,-1,390,390,192,-198,-588,691,390,192,140,0,1727,287,No
120000,Female,2,2,48,0,0,0,0,0,2,72528,74047,75564,77242,81826,83630,2680,2741,2933,6000,3300,0,No
350000,Female,1,1,46,0,0,0,0,0,-1,102060,86242,63012,47172,19482,125875,10069,5631,20036,5000,125000,3000,No
200000,Male,1,2,28,-2,-2,-2,-2,-2,-2,778,504,3724,445,8963,482,506,3742,447,9007,484,489,No
80000,Male,2,2,26,0,0,0,0,0,0,76158,81858,80337,61002,58148,52515,8000,5000,4000,5000,3000,5000,No
50000,Female,1,0,45,-1,-1,-2,-2,-1,2,4736,0,0,0,4881,4634,0,0,0,4881,0,0,No
20000,Female,2,2,46,1,2,2,0,0,0,15481,16537,15979,16410,17142,17705,1600,0,1000,1000,1000,650,No
90000,Female,2,2,31,0,0,0,2,2,2,23418,24443,26695,25967,26946,28346,1408,2660,0,1400,2000,1200,No
160000,Female,2,1,34,0,0,0,0,0,0,5283,5920,6999,8109,8596,9455,1500,1200,2000,1000,1000,500,Yes
50000,Male,3,1,41,2,2,2,0,0,0,31303,35716,30087,29610,40736,25690,5700,0,1000,12000,2000,900,No
220000,Female,1,2,30,1,2,-1,-1,0,-1,29007,23428,339,207,207,12890,0,339,500,0,12999,0,No
70000,Female,1,1,29,0,0,0,0,0,0,68532,69475,69582,69589,68728,69304,3300,3100,2800,2600,2940,3000,No
30000,Male,3,1,52,2,3,2,0,0,0,31521,30749,29506,29106,29106,29700,0,0,0,0,594,0,No
80000,Female,3,1,46,2,0,0,0,-1,-1,58934,52253,34721,5544,9318,7298,2254,2086,19,9346,7319,1352,Yes
10000,Male,2,2,23,0,-1,-1,-1,0,-1,3072,2529,390,9478,8170,953,2535,390,9478,0,953,0,No
80000,Female,2,1,46,0,0,-1,0,0,0,4742,3913,6383,5016,1760,2783,1277,6387,102,35,1850,6099,No
50000,Male,3,2,25,0,0,0,0,0,0,45943,45922,34514,23610,21760,6398,1818,1400,472,435,128,25518,No
60000,Male,1,3,47,0,-1,-1,0,0,0,49689,2497,59271,28101,29724,25664,3007,59274,1500,2013,1000,1000,No
50000,Male,2,2,41,0,0,0,0,0,0,40710,42736,43751,44619,45900,46845,3000,1729,1597,2000,1709,1665,No
80000,Female,3,2,26,0,0,0,0,0,0,78513,76475,80131,75920,75421,73991,3000,5000,3500,8000,3000,3200,No
120000,Male,2,2,32,0,0,0,0,0,0,113650,105592,105428,76543,144089,74115,3999,6025,3069,3001,6000,3112,No
80000,Female,3,3,60,0,0,0,0,0,2,30959,15774,9365,6515,6845,5789,1458,1230,250,800,0,300,No
110000,Male,1,2,33,0,0,0,0,0,0,111249,111480,64237,57066,112716,57044,4000,2800,2200,2200,3000,2000,No
140000,Female,3,1,51,0,0,0,0,0,0,58213,60764,59949,40979,42339,43529,3500,2000,1447,2000,2184,2000,No
50000,Female,2,2,22,1,2,0,0,0,2,5139,4911,5924,6822,7411,9146,0,1102,1000,1000,2000,3000,No
50000,Male,3,1,38,0,0,0,0,0,0,44837,45385,45763,27659,28236,28797,1871,1852,990,1023,1029,1137,No
320000,Male,1,1,42,0,0,0,0,0,0,19252,21351,20819,20993,19089,16062,4027,5048,10029,10470,7027,10058,No
140000,Male,2,1,38,2,2,2,2,2,2,131877,135309,131671,138771,141146,127184,7000,0,10800,4800,0,5000,No
180000,Female,2,2,35,-2,-2,-1,-1,-1,-1,827,669,785,1809,2067,0,675,785,1809,2067,0,0,No
50000,Male,2,2,25,1,2,0,0,0,0,21679,18566,19918,19584,18508,20047,0,2000,1500,1000,2000,676,Yes
310000,Male,2,1,36,0,0,0,0,0,0,52191,36758,29180,22426,18592,14976,3012,5000,2000,5000,5000,3000,No
50000,Female,1,2,23,-1,-1,-1,0,-1,-1,1300,628,4050,3050,1243,865,628,4050,0,1243,865,3000,No
160000,Male,3,1,62,0,0,0,0,0,-2,37615,38707,40460,41149,-1,-1,1700,2400,2000,0,0,0,No
220000,Female,2,1,33,-2,-2,-2,-2,-2,-2,9649,8300,1590,1341,8171,14253,8300,1590,1341,8171,14253,3513,No
140000,Male,2,1,41,0,0,2,2,2,2,57607,60676,64072,62444,67411,71144,4000,5000,0,6000,5000,0,No
50000,Male,1,1,49,0,0,0,0,0,0,50430,46924,48351,28442,29481,30232,2500,2500,1500,1500,1256,1018,No
20000,Male,3,2,28,-1,2,2,2,0,0,3515,4301,5075,4845,6753,9615,1000,1000,0,2000,3000,2000,Yes
100000,Female,1,1,27,0,0,2,0,0,2,39056,43420,42417,40287,42938,42095,5000,0,1500,3300,0,1571,No
150000,Female,3,1,29,0,0,0,0,0,0,149278,142117,144947,140696,143607,136575,3984,3825,3361,3469,3812,3020,No
260000,Male,2,2,30,-1,-1,-1,-1,-1,-1,326,326,326,326,476,326,326,326,326,476,326,326,No
50000,Male,3,1,38,0,0,0,0,0,0,31304,33479,34617,35735,37154,38380,3000,2000,2000,2000,2000,2000,No
320000,Male,1,2,29,-1,-1,-1,0,0,0,838,4288,24495,29226,41415,20738,4309,24495,5036,20004,1250,9,No
180000,Male,2,1,35,0,0,0,0,0,0,95757,76696,77720,79430,81098,82791,3400,2900,3000,3100,3200,7300,No
120000,Female,2,1,35,1,-2,-2,-2,-1,2,0,0,0,0,54683,2657,0,0,0,54683,0,2239,Yes
500000,Female,1,1,41,-1,-1,-1,-1,-1,3,5094,5626,1715,-285,1715,1395,6000,1715,0,2000,0,0,No
50000,Male,2,2,26,1,-2,-2,-2,-2,-2,0,0,0,0,0,0,0,0,0,0,0,0,No
180000,Female,3,1,56,-1,-1,-1,-1,-1,-1,440,440,440,440,440,440,440,440,440,440,440,440,Yes
230000,Female,2,2,33,1,-1,-1,-1,-1,-1,-133,611,19640,13242,1782,3106,744,19640,13242,1782,3106,0,No
220000,Female,1,2,36,-1,-1,-1,-1,-1,-2,4952,1734,819,3750,657,0,1734,827,3750,0,0,0,No
160000,Male,2,1,41,0,0,-2,-2,-2,-2,2524,0,0,0,0,0,0,0,0,0,0,0,Yes
50000,Male,1,2,23,0,0,0,-1,-1,-2,17528,17921,0,940,0,0,1000,0,940,0,0,0,No
100000,Male,2,1,41,0,0,0,0,2,2,100284,90952,92840,99296,101872,99555,3500,3400,8000,4300,0,1650,No
360000,Male,1,1,32,-1,-1,-1,-1,-1,-1,2708,5562,3906,8413,3079,4075,5588,3924,8454,3093,4095,3045,No
160000,Female,2,1,38,-1,-1,-1,-1,-1,-1,6000,6000,6228,6000,6000,6000,6000,6228,6000,6000,6000,6000,No
100000,Female,1,2,25,-1,-1,-1,-1,-1,-1,9424,1259,586,3195,3732,42605,1259,586,3195,3732,42605,30583,No
170000,Female,1,2,24,0,0,0,0,0,0,171465,145196,110163,112157,106497,108832,18500,13998,3760,4000,12212,4200,No
80000,Female,2,2,26,0,0,0,0,0,0,11284,10110,10859,59187,111059,56320,1500,1000,56500,2500,2500,2000,No
50000,Male,2,1,44,0,0,0,0,0,0,38736,28402,28813,29550,29106,29718,3000,2000,1500,1100,1096,1200,No
500000,Female,2,1,32,-2,-2,-2,-2,-2,-2,0,0,293,0,0,259,0,293,0,0,259,2621,No
20000,Male,1,3,47,0,0,0,3,2,0,16888,17928,20312,19696,19648,20154,1616,3000,0,408,826,872,No
30000,Female,2,2,26,0,0,0,0,0,0,14923,16277,17003,17420,17790,18993,1600,1300,700,650,1500,0,No
60000,Female,1,2,30,-2,-2,-2,-2,-2,-2,0,0,0,0,0,0,0,0,0,0,0,3789,No
360000,Male,1,1,44,-1,-1,-1,-1,-1,-1,18295,3199,6131,7662,19423,28351,3204,6195,7664,19423,28351,3250,No
240000,Male,1,1,50,0,0,0,0,0,0,52771,54522,55634,56628,58228,59985,3000,2400,2300,2300,2500,2100,No
50000,Female,3,1,36,0,0,2,0,0,0,49212,49243,5112,48455,48456,47234,5450,0,45554,2100,1900,2000,No
50000,Male,2,2,46,2,2,0,0,0,0,49423,48332,46043,18759,19161,19516,10,2000,655,688,666,649,No
210000,Female,1,2,25,1,-2,-2,-2,-2,-2,0,0,0,0,0,0,0,0,0,0,0,0,No
330000,Male,2,1,42,-1,-1,-1,-1,-1,-1,870,0,870,0,435,435,0,870,0,435,435,435,No
90000,Female,1,2,25,-1,-1,2,-1,0,-1,3407,10839,4788,7370,1051,14014,10850,5,5042,0,14014,5812,No
380000,Female,1,2,27,0,0,0,0,0,0,44986,109142,43758,39106,37978,33428,70000,2014,1004,3000,2000,3302,No
500000,Female,2,1,34,0,0,0,0,0,0,60278,56247,46940,45607,41412,31200,1745,1635,2000,3450,3000,2000,No
30000,Female,3,1,35,0,0,0,0,0,0,23697,20523,20762,22535,22622,11400,3000,3102,3008,3136,1103,0,No
50000,Male,2,2,33,0,0,2,2,0,0,29616,34040,30385,18399,19037,17945,5000,2000,0,2000,726,510,Yes
360000,Female,1,1,33,0,0,0,0,0,0,364367,365353,346416,261694,230654,201528,14050,11992,8581,7991,9083,8000,No
60000,Female,2,2,26,1,2,0,0,2,2,58603,58918,55709,54173,54065,57499,2000,2500,3200,1000,4500,0,No
120000,Female,3,1,47,0,0,0,0,0,0,118148,118593,101152,80503,75407,77157,5033,5000,3007,3000,3000,3000,No
140000,Female,1,1,33,0,0,0,0,0,0,27234,20191,26276,26847,21713,22143,1389,12000,915,788,791,821,No
220000,Female,1,1,41,0,0,0,0,0,0,219198,114930,100749,74457,68604,53333,5068,5000,2000,3000,3000,1000,No
400000,Male,1,2,29,0,-1,-1,-1,0,0,31348,27887,38915,29926,24383,45588,28102,39186,30153,12029,38220,6004,No
50000,Female,2,1,56,0,0,0,0,0,0,48836,48049,47060,19171,18624,18923,2000,2000,1000,1000,1000,1000,No
80000,Male,2,2,35,1,-2,-2,-1,-1,-1,0,0,0,19980,173,0,0,0,19980,173,0,0,Yes
150000,Female,3,1,33,0,0,0,0,0,-1,21112,13155,14534,3334,318,1963,5000,4500,3300,300,2029,16368,No
50000,Male,1,2,26,0,0,0,0,0,0,28408,29117,28764,28390,29443,29041,1477,1444,1100,1500,1100,967,No
50000,Female,2,1,50,0,0,0,0,0,0,50224,47178,48400,29781,30082,26609,2200,2520,1000,1100,1000,1000,No
210000,Male,2,2,25,0,0,0,0,0,0,96518,35523,34809,25199,25395,25692,1681,1409,886,912,1035,900,No
90000,Male,1,2,30,0,0,0,0,0,2,41789,42913,44388,45348,48454,47524,2100,2500,2000,4000,0,2000,No
320000,Male,1,2,31,-1,-1,0,0,0,0,1391,48556,49210,50052,53325,53765,50006,3011,4000,4019,5000,3065,No
180000,Female,3,2,29,-2,-2,-2,-2,-2,-2,0,0,0,0,0,0,0,0,0,0,0,0,No
310000,Male,2,2,24,0,0,0,0,0,0,165477,167227,103601,102895,101017,95530,6000,4500,4348,3407,4000,4000,No
50000,Female,2,2,23,0,0,0,0,0,0,48529,44669,45684,46592,47568,48907,1743,1758,1666,1725,2128,1374,No
120000,Male,1,2,41,0,0,0,0,0,2,113796,116467,116060,115711,121575,120940,6000,4500,4500,7900,3000,4023,No
150000,Female,2,2,36,-1,-1,-2,-1,-1,-1,1374,-4,-4,6340,4998,5710,0,0,6344,4998,5712,5000,No
20000,Male,2,1,47,-1,2,-1,0,-1,-1,8424,4310,16990,3820,4350,3180,0,16990,0,4350,3180,780,No
180000,Female,3,1,43,-2,-1,0,0,0,0,130500,47346,48176,49140,48129,45759,47346,1678,1642,2000,2000,1424,No
120000,Female,2,1,39,0,0,0,0,0,0,114644,117110,117050,117486,117720,118773,4320,4200,4200,4300,4400,4200,No
100000,Male,1,2,27,1,-1,-1,0,-1,-1,0,429,858,429,429,429,429,858,0,429,429,429,No
100000,Female,2,2,23,0,0,0,0,0,2,85435,85957,86295,86945,94526,91630,3143,3052,3264,10398,0,3390,No
120000,Female,2,1,41,-1,-1,-1,-1,-1,-1,7877,11532,13695,2050,804,0,11532,13740,2050,804,0,0,No
190000,Female,3,1,54,-1,-1,-2,-2,-2,-2,88,-468,-1024,-1397,-1953,-825,0,0,1580,556,2047,7932,No
80000,Male,4,2,30,0,0,0,-2,-2,-2,59292,13943,0,0,0,0,5009,0,0,0,0,0,No
60000,Male,2,2,42,1,2,0,0,0,0,60560,56471,36057,35077,69251,71478,2065,1988,2500,62731,3600,1600,Yes
110000,Female,2,1,45,0,0,0,0,0,0,108214,107512,82828,47978,47276,48109,5300,3300,1700,1900,1770,3000,No
200000,Female,1,2,47,-1,0,-1,-1,-1,-1,8172,20004,7737,8586,4291,52605,20003,9189,8586,4291,52605,21,No
210000,Female,1,2,33,1,-2,-2,-1,-1,-1,0,0,0,25478,9485,0,0,0,25478,9485,0,0,No
160000,Female,1,2,32,-1,-1,-1,-1,-1,-1,1179,4042,270,52,0,394,4042,270,0,0,394,646,Yes
20000,Female,3,2,23,0,0,2,2,2,2,13884,16344,15784,17517,17097,18654,3000,0,2000,0,2000,0,Yes
70000,Male,2,2,42,0,0,0,0,0,0,66681,68768,69699,69484,71067,67568,3768,2699,2660,2879,2568,2570,No
260000,Female,3,1,51,-2,-2,-2,-2,-2,-2,1821,7091,1546,37708,4080,11036,7091,1555,37708,303,7500,0,No
260000,Female,2,2,51,0,0,0,0,0,0,200964,205714,208756,168828,155644,159135,8000,8065,7000,10000,10000,10000,No
50000,Female,3,2,54,0,0,0,0,0,0,42659,35552,31512,25361,26946,28492,1500,2000,2000,2000,2000,1000,No
170000,Female,2,2,26,1,2,0,0,0,0,16237,15692,17120,17836,18396,18935,0,2000,1000,1000,1000,1000,No
20000,Male,2,2,25,1,2,0,0,0,0,15863,14498,15064,13605,11844,10152,0,1157,574,423,374,648,No
40000,Female,1,2,24,1,2,2,0,0,0,9958,12140,11653,11762,12418,13108,2500,0,600,1000,900,1000,No
220000,Male,3,1,39,0,0,0,0,0,-1,192815,208365,88004,31237,15980,529,20000,5003,3047,5000,1000,81000,No
30000,Female,2,1,23,0,0,0,0,2,2,29336,30047,29904,32025,32479,30894,1800,1470,3500,2000,0,1400,Yes
20000,Male,2,2,22,-1,0,0,0,0,0,17676,18833,19002,18982,13762,0,1451,1400,380,0,0,0,Yes
120000,Female,1,2,34,0,0,0,0,0,0,67253,31954,16991,18730,21076,24134,1954,1991,3730,9076,4134,497,No
170000,Female,2,1,23,2,0,0,0,0,0,160189,150377,138779,129548,121625,108462,5936,4584,4002,4093,4187,4335,No
90000,Female,1,2,32,1,2,2,0,0,0,32226,33255,32426,32763,33602,34193,1839,0,1176,1367,1300,4337,Yes
140000,Male,1,2,35,-2,-2,-2,-2,-2,-2,2000,0,0,0,0,0,0,0,0,0,0,0,No
200000,Male,2,1,41,-2,-2,-2,-2,-2,-2,23025,22369,23344,23627,3977,1100,0,1400,1110,1000,0,1736,Yes
50000,Male,2,2,27,0,0,0,0,0,0,46301,47731,46649,48020,49439,45771,2187,1700,2000,2044,1319,30000,No
50000,Female,2,1,45,0,0,0,0,0,0,49073,12630,9215,9215,8011,5615,2022,2000,0,1000,1904,1664,No
20000,Male,2,2,57,0,0,0,0,0,0,20104,19887,19486,19501,19274,19703,3000,1500,1600,900,900,600,No
20000,Female,2,1,47,3,2,2,2,2,2,17772,18487,17892,19294,19840,19376,1300,0,1700,1000,0,850,Yes
200000,Male,1,2,32,1,2,2,2,2,2,18726,18141,20838,20217,22896,22400,0,3000,0,3000,0,3000,Yes
460000,Male,1,2,28,0,0,-1,-1,-1,0,17919,13041,9681,3284,732,2732,1500,9681,3284,732,2000,0,No
70000,Female,2,1,53,0,0,-1,-1,-2,-2,24645,0,14000,0,0,0,0,14000,0,0,0,0,No
410000,Female,1,1,53,-1,-1,-1,-1,-1,-1,4213,187,7884,1842,1129,7592,187,7898,1842,1129,7592,0,No
90000,Male,2,2,28,0,0,0,0,0,0,91431,88920,88344,50209,48262,49316,4672,4042,1748,1892,2000,1861,No
260000,Male,2,1,35,-1,-1,-1,-1,-1,-1,228,340,352,364,376,388,500,400,400,400,400,284,No
260000,Male,3,1,53,-2,-2,-2,-2,-2,-2,3304,7378,3641,4726,2966,5946,7378,3696,4726,2966,5946,6020,No
200000,Male,3,1,36,-1,2,-1,0,0,2,1762,881,24842,28367,28721,20139,4,24846,5004,1540,4,6411,Yes
500000,Male,1,2,35,-1,-1,-1,-1,-1,-2,4814,12939,19502,128406,-200,-200,13275,19522,128406,0,0,0,No
20000,Male,1,1,35,0,0,0,0,0,0,5745,6023,7053,5909,3287,3604,2224,1171,500,500,500,5000,Yes
20000,Male,2,2,40,0,0,0,0,0,0,17068,18283,19424,19208,19600,20000,1800,1600,384,392,400,0,Yes
20000,Female,2,2,24,0,0,0,0,0,0,19096,20087,16752,15017,13754,4699,1335,5000,370,350,176,94,No
360000,Male,3,1,58,-1,-1,-1,-1,0,-1,1351,554,1090,780,390,388,554,1096,780,0,388,887,No
20000,Male,2,2,43,2,0,0,2,2,2,9286,10176,12298,11809,12333,11986,1200,2300,0,1015,0,1900,Yes
30000,Male,2,2,25,3,2,2,2,0,0,18585,19301,19702,19102,19508,19899,1300,1000,0,700,700,1000,Yes
180000,Male,1,1,44,0,0,0,0,0,0,18896,20166,16995,15324,6758,5730,2006,6995,282,0,200,0,No
30000,Male,3,1,48,0,0,2,2,3,2,20817,23860,24372,25776,25088,24537,3400,1200,2100,0,0,2200,No
220000,Female,1,2,35,0,0,0,0,0,0,11636,11004,8392,10887,16542,10164,3004,3392,4000,6542,5000,3909,No
40000,Male,1,1,37,0,0,0,2,2,-1,12745,6889,8530,4610,-220,1060,1500,3005,0,0,2000,4000,No
100000,Male,1,1,30,2,0,0,0,0,0,85806,85195,85464,86921,88524,91241,3100,4000,4000,3500,5000,10000,Yes
30000,Female,1,2,41,0,0,0,0,0,0,22346,26357,29043,29419,29848,29306,8816,4021,2000,5000,6000,6000,No
60000,Female,3,2,40,0,0,0,0,0,0,35602,35911,36246,29831,29667,30062,1654,1762,1044,1065,1266,979,No
80000,Female,2,2,28,0,0,0,2,2,2,44739,46708,49611,50496,51543,50563,3000,4000,2000,2000,0,5000,No
180000,Female,2,1,41,2,0,0,0,0,0,106944,78405,47542,44952,24904,26825,3500,2000,1500,2000,3000,3000,No
90000,Female,2,2,32,1,-2,-2,-2,-2,-1,-295,-295,-295,-295,-295,9727,0,0,0,1,10022,0,No
230000,Female,1,2,32,1,-1,-1,-2,-2,-2,0,351,0,0,0,0,351,0,0,0,0,432,No
90000,Female,2,2,26,0,0,0,0,0,0,83900,84236,79623,70039,70962,71013,4022,2917,2500,2451,2600,2700,Yes
290000,Female,2,1,39,-1,-1,-1,-1,-1,-1,316,316,316,316,316,297,316,316,316,316,297,2828,No
100000,Female,2,1,58,2,2,0,0,0,0,87851,85594,87095,88357,77155,80108,0,3300,2839,3000,4000,2000,Yes
360000,Female,1,1,37,-1,-1,-1,0,0,-1,4644,1417,3588,2589,1549,1278,1417,3588,0,0,1278,1998,No
100000,Male,2,2,28,0,0,0,0,0,0,61396,60621,58855,48570,47651,38481,3012,2500,1700,2100,2500,2708,No
200000,Female,1,2,33,-1,-1,-1,-2,-2,-2,846,4292,0,0,0,0,4974,0,0,0,0,0,No
70000,Female,1,2,30,0,0,0,0,0,0,19492,20054,14016,14782,15249,15595,1600,1300,1000,701,1000,1000,No
200000,Female,2,2,26,-2,-2,-2,-2,-2,-2,0,0,0,0,0,0,0,0,0,0,0,0,No
70000,Female,1,2,24,0,0,0,0,0,0,68689,68161,69534,67399,66963,66797,3120,3166,2609,2574,3000,3500,No
460000,Female,2,2,33,-1,-1,-1,-1,-2,-1,877,0,3352,0,0,44849,0,3352,0,0,44849,0,No
80000,Female,2,1,47,0,-1,-1,-2,-2,-2,7345,4596,0,0,0,0,4596,0,0,0,0,0,No
90000,Female,2,1,49,-2,-2,-2,-2,-2,-2,316,714,1443,13982,4105,1594,714,1443,13982,4105,1765,2000,No
310000,Female,1,2,29,-1,-1,-1,-1,-2,-1,760,3674,368,-2444,-2444,151306,3674,500,0,0,155438,5231,No
50000,Female,2,2,29,0,0,0,0,0,0,48517,49391,27780,28585,28130,29005,3000,2000,1200,1000,1300,1000,No
220000,Female,1,2,30,-1,-1,-1,0,0,-1,15069,0,14129,28246,9995,198,680,14129,16000,5000,198,14952,No
70000,Female,1,2,25,0,0,0,0,0,0,31680,28410,24046,19194,16621,10797,2000,2000,2000,3000,2500,900,No
60000,Male,1,1,34,0,0,0,0,0,0,37749,38785,39803,40837,41783,42689,1948,1966,2000,1600,1600,1600,No
450000,Male,1,1,54,-1,-1,-1,-1,-2,-2,727,0,419,0,0,0,0,419,0,0,0,6154,No
20000,Female,1,2,29,-1,-1,-1,-1,-1,-1,342,792,677,-1,213,856,792,677,0,214,856,0,No
420000,Female,1,2,33,-2,-2,-2,-2,-2,-2,6135,-2314,-3859,172,3859,8274,51,0,4031,3859,5000,0,Yes
10000,Male,2,2,22,0,0,0,0,0,0,6579,7599,8608,8780,9114,9234,1134,1143,315,476,420,1000,Yes
20000,Female,2,1,25,2,2,4,4,4,4,1650,1650,1650,1650,1650,1650,0,0,0,0,0,0,Yes
200000,Female,2,2,49,2,2,2,2,2,2,91140,93011,90634,95464,99894,98171,4200,0,7260,6100,0,3800,Yes
80000,Female,2,1,25,0,0,0,0,0,2,78639,80188,80711,59119,62019,60955,3200,2500,2182,4700,0,2000,No
80000,Male,3,2,30,0,0,0,0,0,0,78010,5976,5812,4788,3758,3812,1106,1060,154,147,127,52,Yes
60000,Male,1,2,23,0,0,0,0,0,0,59318,54553,51323,38031,38825,39255,2065,1597,1473,1521,1538,1521,No
230000,Male,1,2,28,-1,-1,-1,-1,-1,-1,326,326,326,326,1176,326,326,326,326,1176,326,776,No
100000,Male,1,2,30,1,2,0,0,0,0,94432,92080,93046,94898,97763,99102,0,3400,3383,4380,4300,2497,No
200000,Male,1,2,29,-2,-2,-2,-2,-2,-2,0,0,0,0,0,0,0,0,0,0,0,0,Yes
110000,Male,1,2,26,0,0,0,0,0,0,57861,47409,47743,45654,26525,22937,2191,1525,18236,1500,2000,1000,No
50000,Male,2,2,22,0,0,0,-2,-2,-2,47478,43300,0,0,0,0,1000,0,0,0,0,432,No
260000,Male,1,1,53,1,-2,-2,-1,-1,2,0,990,0,1930,4304,150,990,0,1930,4304,0,150,Yes
220000,Female,1,2,32,0,0,0,0,0,2,205310,203343,209214,210965,214989,203159,7600,9800,7200,7700,7500,7250,No
200000,Male,1,1,32,-1,-1,-1,-2,-1,-1,1727,1796,-4,-4,1565,1686,1809,0,0,1569,1691,0,No
10000,Female,2,1,26,1,2,2,2,0,0,5015,4789,6199,5951,6255,6401,0,1500,0,400,400,700,Yes
180000,Male,2,1,34,0,0,0,0,0,0,37671,39009,40213,41702,43687,44982,1800,2000,2000,2500,2000,2000,No
210000,Female,2,2,30,0,0,0,2,2,2,45998,47107,50999,51884,50926,54404,2150,5000,2020,0,4500,2000,No
310000,Male,1,2,29,2,0,0,0,0,0,45153,36123,26113,22661,20351,16639,2904,1500,1000,2000,1000,2000,Yes
360000,Male,1,2,29,-2,-2,-2,-2,-2,-2,12018,31282,28823,51120,2222,-34,32038,28982,51379,2233,0,0,No
200000,Male,1,1,51,0,-1,0,0,-1,0,102847,52556,34369,14240,23762,18198,52556,2003,1000,26068,10019,61500,No
140000,Male,2,2,27,0,0,0,2,2,2,34229,35262,38079,37167,41146,40332,1583,3400,0,4600,0,2000,No
50000,Female,1,2,32,1,2,2,2,0,0,20091,20175,22718,22057,23044,24990,700,3200,0,1500,2340,924,Yes
60000,Male,3,1,33,0,0,0,0,0,0,59615,59570,60851,56113,30326,30038,2300,2317,2500,1100,1300,1198,No
100000,Male,2,2,40,0,0,0,0,0,0,86208,173340,36562,37298,39687,40044,3595,3218,1345,3000,1275,440,No
20000,Male,3,2,24,1,-2,-2,-2,-2,-2,-1400,-1400,-1400,-1000,-1000,0,0,0,1000,0,1000,0,No
110000,Male,1,2,29,0,0,0,0,0,0,18166,18364,19742,23886,29949,34969,3000,3500,5500,10000,6000,10000,No
70000,Female,1,2,25,0,0,0,0,0,0,24526,25532,25971,14859,14930,15091,1790,1229,519,687,557,546,No
170000,Female,2,1,33,-2,-2,-2,-2,-2,-2,4018,6302,6844,1467,4797,2659,6330,6844,1467,9594,2659,7076,No
500000,Male,1,1,64,-2,-2,-2,-2,-2,-2,0,0,0,0,0,0,0,0,0,0,0,1063,Yes
30000,Male,2,1,38,1,2,2,2,0,0,9303,9009,13861,13344,13972,18735,0,5000,0,1000,5000,0,No
50000,Female,2,2,23,0,0,0,0,-1,-1,33109,32856,27438,4786,768,-579,1660,1600,624,768,173,30267,No
10000,Female,2,2,22,0,0,2,0,0,0,9721,11756,10844,10468,10101,9911,2939,0,507,365,404,459,No
200000,Female,1,2,35,0,-1,0,0,0,0,13766,39072,44758,45571,40592,7145,39124,15000,1622,2068,1000,2031,No
390000,Female,1,2,29,0,0,0,0,0,0,196172,196262,157388,123706,115813,112143,9599,10054,4242,4346,5000,5000,No
140000,Female,2,2,32,2,2,2,3,2,2,76187,84734,91142,88800,90750,88591,9834,8742,0,3500,0,3100,Yes
220000,Female,3,1,50,-2,-2,-2,-2,-2,-2,612,10612,2225,4782,416,12287,10612,2225,4782,5286,12287,416,No
100000,Female,2,1,49,-2,-2,-2,-2,-2,-2,1261,1261,1261,390,390,390,1261,1261,390,390,390,0,No
400000,Female,3,1,30,0,0,0,0,0,0,121219,113770,355718,298654,263190,202907,4981,263106,10900,10063,7708,5394,No
80000,Male,1,2,26,0,0,0,0,0,0,76436,75437,58309,59217,59955,57100,5990,2500,3000,2500,3000,1500,No
30000,Male,2,2,39,0,0,0,0,0,0,28138,28401,28949,28218,27262,27434,1793,1731,1200,1000,1009,1200,No
500000,Male,1,2,49,-2,-2,-2,-2,-2,-2,478030,419644,309019,292878,152025,110034,205,10500,9692,4823,3986,1188,Yes
180000,Male,2,1,34,-1,-1,-1,-1,-1,-1,1341,4185,291,570,2260,1583,4185,291,570,2260,1583,3974,No
100000,Female,2,1,33,0,0,0,0,0,2,70096,71667,73043,73928,80682,77485,3300,3200,2650,9000,0,3100,No
180000,Female,2,2,29,0,0,2,0,0,0,85465,95546,93000,93526,66726,42668,11508,0,2340,1850,4000,0,No
50000,Male,3,2,40,0,0,0,0,0,0,52828,93362,46645,19114,19341,20047,3000,2403,6700,1000,1000,2000,No
360000,Male,1,2,29,-1,-1,-2,-2,-2,-2,51400,0,0,0,0,0,0,0,0,0,0,0,No
330000,Female,2,1,27,1,-2,-2,-2,-2,-2,0,0,0,0,0,0,0,0,0,0,0,0,Yes
200000,Male,1,1,38,-1,-1,-1,-1,-2,-2,3048,0,100000,0,0,0,0,100000,0,0,0,0,No
40000,Male,2,2,22,-1,-1,-1,0,0,0,900,2833,9495,6965,2759,0,2833,9495,0,0,0,0,No
260000,Male,1,2,37,0,0,0,0,0,0,36664,22228,39330,39880,78787,52790,1690,19342,15000,53787,22790,3217,No
320000,Male,1,1,40,-1,-1,-1,-1,0,-1,10853,33968,86024,232017,15622,7463,34151,86466,232242,3199,7500,30,No
10000,Female,2,1,22,-1,-1,-1,0,0,0,390,390,9159,9363,8160,7552,390,9159,700,279,1000,800,No
230000,Female,2,1,30,0,0,0,0,0,0,218495,223270,227807,218047,223370,206937,8270,8366,6012,9474,6962,24338,No
30000,Male,1,2,25,2,-1,2,-1,-1,-1,581,1312,731,7300,6071,7849,1312,0,7300,6071,8000,16000,Yes
90000,Male,2,1,41,0,0,0,0,0,0,45431,46338,45129,45640,46175,46716,2749,2206,1113,1135,1153,1134,No
300000,Female,3,1,41,1,-2,-2,-2,-2,-2,390,390,780,390,390,5144,390,780,0,390,5144,390,No
230000,Female,2,2,31,0,0,0,0,0,-1,17587,19297,19580,8247,-6666,13334,2000,1000,2000,0,20000,8200,No
150000,Male,2,2,27,0,0,0,0,0,0,9489,11757,12438,14240,15288,-1000,2500,1202,3000,1048,0,23799,No
60000,Male,2,1,52,0,0,0,0,0,0,56893,58170,56539,29425,28013,29075,3000,2000,1000,1000,1500,2450,No
50000,Male,2,2,25,0,0,0,-2,-2,-2,41739,20650,0,0,0,0,1650,0,0,0,0,0,No
140000,Male,2,2,31,0,0,0,0,0,0,64300,62758,77133,71397,71546,83412,20009,32637,15027,10021,20055,10037,No
90000,Female,3,1,25,0,0,0,0,0,0,80603,73487,70581,67336,67069,67890,2827,2370,2300,2300,2700,2700,No
80000,Female,3,1,50,-1,0,0,2,2,2,67328,69356,73445,74645,73330,78032,3113,5850,3000,0,6103,0,Yes
60000,Female,3,1,53,-1,3,2,2,-1,0,747,498,249,0,58628,59550,0,0,0,115800,2141,2134,No
50000,Male,2,1,48,2,2,2,2,2,2,44489,45470,46424,45377,48441,47511,2000,2000,0,3800,0,1800,Yes
150000,Male,1,2,34,-1,2,2,2,0,0,40749,39815,46887,45832,52968,60034,0,8538,0,8810,8942,9344,No
220000,Female,1,1,36,-1,-1,-1,-2,-1,-1,307,191,-125,-441,10243,9927,200,0,0,11000,10000,11000,No
330000,Female,1,1,36,0,0,0,0,0,0,95255,101046,100349,100218,100334,98097,10500,4074,3600,4005,3600,3400,No
300000,Female,2,2,37,0,0,0,0,0,0,67943,69969,71387,72340,73853,75316,3121,3175,2736,2829,2843,2941,No
70000,Female,2,1,29,-1,0,0,0,0,0,71232,71262,71509,70695,71189,70554,2751,3600,2694,2800,2743,2700,No
300000,Female,1,2,29,-2,-2,-1,0,0,0,-1282,-1282,132218,133533,136877,139940,0,133500,5000,5500,5500,5500,No
70000,Female,2,1,43,0,0,2,0,0,2,31652,35809,34934,35652,38079,37314,5000,0,1300,3000,0,1500,No
110000,Male,2,2,24,2,2,2,2,2,2,101402,104878,105325,102220,107970,103301,6600,3700,0,7500,0,3906,No
240000,Female,2,2,28,0,0,0,0,0,0,121109,124460,126384,126917,90822,83742,6000,5000,4000,4000,4000,3000,No
50000,Male,3,2,26,-2,-2,-2,-2,-2,-2,0,0,0,0,0,0,0,0,0,0,0,0,No
420000,Female,1,1,32,0,0,0,0,0,0,45465,46232,31233,22768,22588,22172,1706,1401,804,852,0,8100,No
220000,Female,2,1,41,2,0,0,2,0,0,27094,27819,30363,29579,48933,97187,1465,3009,0,20000,50000,1240,No
150000,Female,1,2,31,0,0,0,0,0,0,90121,51385,26352,27607,29457,40706,2031,2000,2000,2457,12060,40000,No
60000,Female,1,2,31,-1,-1,-1,0,0,-1,9815,11093,699,699,0,1000,11160,699,0,0,1430,850,No
260000,Female,2,1,46,-2,-2,-2,-2,-2,-2,0,135,0,0,109,945,135,0,0,109,945,9300,No
180000,Female,1,2,34,1,-2,-2,-1,-1,-1,0,0,0,4279,488,659,0,0,4279,488,659,5067,Yes
130000,Female,2,2,25,1,2,0,0,0,0,39728,38815,39828,40468,41315,42133,0,1960,1600,1650,1655,1725,No
220000,Female,2,1,45,0,0,0,0,0,0,204052,207977,214117,216712,194521,198246,7600,10000,8255,7200,7500,8500,No
200000,Male,5,2,40,2,0,0,0,0,0,58118,205712,194265,139360,82750,0,150000,7673,5000,5000,0,0,No
130000,Male,1,2,27,-1,-1,-1,-1,0,-1,326,326,326,2400,1075,1650,326,326,2400,0,1650,652,Yes
420000,Female,1,2,41,-1,-1,-1,-1,0,0,22186,15258,13513,80831,39333,26831,15262,13523,80854,787,850,75341,No
30000,Female,1,1,23,0,0,0,0,0,0,26669,28080,28836,28812,29400,30000,1844,1600,576,588,600,0,Yes
110000,Male,3,1,43,-1,-1,-1,0,0,0,390,5050,63032,33228,31073,25035,5050,63032,1100,1100,1000,1000,No
150000,Female,2,2,25,1,-2,-2,-2,-2,-2,0,0,0,0,0,0,0,0,0,0,0,0,Yes
200000,Female,1,1,41,1,-2,-2,-2,-2,-2,0,0,0,0,0,0,0,0,0,0,0,1433,No
170000,Female,1,1,33,0,0,0,0,0,0,170440,170060,115372,211577,120407,122952,8200,5200,5000,5000,5000,4000,Yes
200000,Female,4,2,25,0,0,0,0,0,0,134857,123653,108765,96918,98685,97621,4257,3274,3025,3266,3145,2176,No
200000,Female,2,1,31,1,2,0,0,0,0,153829,153229,148438,143121,141466,128846,7022,6700,5500,6000,9800,0,No
50000,Female,6,2,33,2,0,0,0,0,0,50786,50450,45210,29917,17859,0,2034,1251,848,872,0,0,No
500000,Male,1,2,38,0,0,0,0,0,0,477468,488083,498839,411820,422671,394599,21000,22800,15200,19000,16000,10000,No
230000,Female,1,2,33,-1,-1,-1,-1,0,0,483,0,342,955,957,1407,0,342,955,2,1511,4373,No
360000,Female,2,1,49,0,0,-1,-1,-2,-2,13219,8644,454,-2,-2,-2,3050,456,0,0,0,519,Yes
380000,Female,1,1,37,0,0,0,0,0,0,452092,442041,446224,419943,420016,426622,17400,16672,14088,14500,14700,14671,No
30000,Female,3,2,43,2,2,2,2,3,2,13509,13499,14979,15737,15201,14807,500,2000,1300,0,0,1400,No
50000,Female,2,2,43,0,0,0,0,0,0,53651,51703,48675,40059,41411,42722,3000,2000,1436,2000,2000,2000,No
420000,Female,2,1,47,1,-2,-2,-2,-2,-2,0,0,0,0,0,0,0,0,0,0,0,0,No
50000,Female,2,1,37,0,0,0,0,0,0,51734,51665,51105,47494,31375,30781,2003,1680,1860,1061,1392,8000,No
350000,Female,2,2,33,0,0,0,0,0,0,341200,328857,324873,300004,306269,273732,14000,12000,10400,12000,12000,9000,Yes
200000,Male,1,2,32,0,0,-2,-2,-2,-1,10532,0,0,0,0,2842,0,0,0,0,2842,204297,No
340000,Male,2,2,29,-1,-1,0,0,-1,2,5060,7604,14900,0,2650,1000,7604,10000,0,2650,0,1000,No
50000,Male,2,2,25,0,0,0,0,0,0,24724,25895,23627,24827,25521,26523,2000,2000,2000,1500,2000,2000,No
20000,Female,2,2,22,0,0,2,2,2,2,15189,17802,17219,18377,17941,19572,2869,0,1444,0,1933,0,Yes
360000,Female,1,2,34,1,-2,-2,-2,-2,-2,0,0,0,0,0,0,0,0,0,0,0,0,Yes
140000,Male,1,2,29,0,0,0,0,0,0,29785,32140,34002,23567,24377,4327,4000,3000,3000,1000,1000,2000,No
150000,Male,2,1,39,2,2,0,0,0,2,117485,114166,116491,118839,126102,123914,0,4225,4282,9207,0,4679,Yes
100000,Female,1,1,35,0,0,2,0,0,0,98899,102435,98188,97189,97013,96950,8800,0,3600,3500,3700,3443,Yes
460000,Male,1,1,44,-1,-1,-1,0,-1,-1,1762,3152,531,522,4434,9767,3152,531,500,4434,9767,0,No
150000,Female,2,1,34,1,2,2,0,0,0,147833,148066,142163,135075,135309,135165,6130,27,4610,5000,5000,3760,No
290000,Female,1,1,39,-2,-2,-2,-2,-2,-2,79298,-40,122380,0,32720,-200,0,122420,0,32720,200,0,No
240000,Female,2,1,35,0,0,0,0,2,2,109226,110226,111030,114584,115681,112528,5500,5400,8000,4179,0,4000,No
210000,Female,1,2,41,-1,0,0,0,0,0,779,11040,12471,13684,15356,16337,11000,2200,2000,2000,2000,2000,No
350000,Female,2,2,33,0,0,0,0,0,0,293303,338272,177483,182381,194678,215024,50070,10000,8000,15036,30050,8110,No
280000,Female,3,1,37,-1,-1,2,-1,-1,-1,4591,38854,15287,14201,26133,4504,38979,16,14201,26133,4504,10748,No
150000,Male,2,1,43,0,0,0,0,0,0,105416,106773,106500,104670,55442,55936,5800,4648,2000,2889,2700,94000,No
170000,Female,2,1,29,-1,-1,-1,-1,0,-1,7383,23400,49771,30929,31429,14170,23518,50026,31023,20157,14233,22818,No
50000,Male,3,1,40,1,2,0,0,0,0,24091,13698,14908,15033,15705,11616,0,1475,600,1000,500,570,No
100000,Male,2,1,51,3,4,3,2,2,2,56002,55557,54083,54601,55585,57027,1000,0,2000,2000,2500,0,Yes
50000,Male,2,2,24,0,0,0,0,0,0,47578,33666,16177,16607,17186,17749,2000,2000,1000,1000,1000,1000,No
230000,Female,2,1,33,1,-2,-2,-1,-1,-2,0,0,0,1990,0,0,0,0,1990,0,0,0,Yes
90000,Male,2,2,28,2,0,0,0,0,0,33382,35526,37513,38637,44088,35705,3000,3000,3000,10000,3000,2000,Yes
20000,Male,2,2,24,1,2,-1,0,-1,-1,12060,11047,780,390,12246,12409,0,780,0,12246,911,0,No
260000,Female,2,2,40,-1,-1,-2,-2,-2,-2,1022,1085,0,0,0,0,1085,0,0,0,0,300,No
290000,Female,1,1,40,-1,-1,-2,-2,-2,-2,636,6732,0,3692,0,1957,6732,0,3692,0,1957,0,Yes
50000,Female,2,1,34,1,2,0,0,0,0,49378,48052,48573,28902,28205,30388,0,2033,1119,985,2000,4000,No
60000,Female,3,2,42,0,0,0,0,0,0,54216,27596,28772,19067,19467,9247,4000,2000,1000,1000,331,343,No
180000,Female,2,1,36,-1,-1,-1,-2,-2,-2,787,398,0,0,0,0,398,0,0,0,0,0,No
250000,Female,2,1,43,0,0,0,0,0,0,82650,81977,24585,16753,17113,17298,3503,1553,1000,1000,1000,1382,No
10000,Female,3,1,52,2,2,2,2,2,2,3475,4366,4148,4579,4360,4787,1100,0,500,0,500,0,No
290000,Female,1,1,37,0,0,0,0,0,-1,54966,41327,24872,20318,26030,7258,4020,8000,0,16000,7258,10000,No
80000,Female,2,2,27,0,0,0,0,0,0,79534,81391,77033,47413,48650,49841,3174,2308,3400,2000,2000,14410,No
30000,Female,2,2,25,2,2,2,2,3,2,300,300,300,1126,826,676,0,0,828,0,0,31496,No
50000,Female,3,1,56,0,0,0,0,0,0,63348,62934,60513,18712,17015,20284,2400,2500,1000,1000,5000,2000,No
220000,Male,2,1,47,4,3,2,2,2,2,216591,197022,198088,187000,179703,174571,0,6000,0,14004,0,7000,Yes
430000,Male,2,1,48,0,0,0,0,0,0,32263,32802,25645,25045,25568,26144,1794,2399,884,914,987,869,No
50000,Female,2,1,27,0,0,0,-1,0,0,48945,36467,18890,30288,30003,29763,1819,2664,31057,1064,1073,1043,Yes
410000,Male,1,2,33,-2,-2,-2,-1,-1,-1,333,333,333,1019,2218,1216,333,333,1019,2218,1216,1019,No
50000,Female,2,1,39,-1,2,2,2,0,0,23912,23242,25451,24743,25263,25763,0,2600,0,918,921,1127,No
110000,Male,2,2,47,0,0,0,0,0,0,72897,72755,71698,72418,72293,73954,3290,3200,2700,2800,3000,2650,No
50000,Male,1,2,28,1,2,0,0,0,-1,50146,47918,48866,4372,-1203,49830,0,2400,1000,0,51830,0,No
30000,Female,3,3,56,3,2,2,2,2,2,26551,25844,27574,28420,29318,28704,0,2478,1600,1498,0,1100,Yes
80000,Female,1,1,25,3,2,2,2,3,3,6269,7212,7246,8073,8349,8420,1200,300,1100,700,500,0,Yes
230000,Male,2,1,39,-1,-1,-1,-1,-1,-1,8681,8681,8888,4932,10986,5081,8681,8888,4932,10986,5081,4321,No
300000,Male,2,1,66,0,0,0,0,0,0,259513,257866,261088,257288,256369,212395,10000,15000,9500,11000,9000,6000,Yes
230000,Female,2,2,28,0,0,0,0,0,0,23063,14024,11825,14765,12383,10008,2000,2000,5000,1000,2000,1000,No
220000,Male,1,1,36,-1,-1,-2,-2,-2,-2,769,0,0,0,0,0,0,0,0,0,0,863,No
200000,Female,1,2,26,0,0,0,0,0,0,199649,202127,198168,189696,192462,194025,7263,7266,7000,7940,7009,7000,No
130000,Female,1,2,30,2,0,0,2,0,0,112822,115526,123658,120259,121205,124778,4527,10122,1,4355,8918,0,Yes
20000,Male,1,2,25,0,0,0,0,0,0,17263,17581,19670,16730,18757,12875,4321,5200,350,4500,1000,4500,No
400000,Female,1,2,31,0,-1,-1,0,-1,0,7912,4220,3364,2832,34967,38706,4220,3364,2500,34967,10000,22600,No
230000,Female,1,2,29,0,0,0,0,0,0,31206,28395,29127,25446,26141,26852,1500,1500,1000,1100,1300,710,No
30000,Male,2,1,36,0,0,0,0,0,0,6727,5023,6714,8714,9514,3300,2000,2000,2000,5000,0,0,No
190000,Male,2,1,44,0,0,0,0,0,0,197494,194913,192896,116537,112086,108660,7200,8000,4100,4000,5000,7000,No
220000,Female,1,2,27,-1,-1,-1,0,0,-1,471,5261,16436,16071,96,480,5272,17571,0,0,549,0,No
20000,Male,2,2,30,0,0,0,0,0,0,19149,20221,19812,10717,13534,15298,1392,1201,1000,3000,2000,399,No
280000,Female,2,2,29,-2,-2,-2,-2,-2,-1,0,0,0,0,0,5017,0,0,0,0,5017,101,No
190000,Male,2,1,36,0,0,0,0,0,0,79584,83108,82179,80874,81720,87685,7007,2912,2871,3501,8001,3234,No
260000,Male,1,2,36,-1,-1,-1,-2,-2,-2,5877,427,-73,-73,-73,-73,10000,0,0,0,0,0,No
80000,Female,2,1,34,0,0,0,2,0,0,63343,65325,69261,67551,71282,72942,3000,5631,0,5000,3000,4500,No
60000,Female,2,2,24,-1,0,0,0,0,0,57147,58104,58311,58828,58945,57918,3000,3000,2500,2100,4000,2100,No
80000,Male,3,1,52,-1,0,0,0,0,0,35861,18521,19385,20561,21261,21457,1500,1500,1500,1028,876,1449,No
360000,Female,1,1,36,-1,-1,0,0,-1,2,15521,36003,51414,17993,11546,9771,36011,20094,1000,11546,0,306,Yes
350000,Female,2,1,33,-1,-1,-2,-2,-2,-1,598,0,0,0,0,687,0,0,0,0,687,18296,No
50000,Male,2,2,25,0,0,0,0,3,3,46741,48883,50074,60158,75277,90464,2900,2000,14455,16560,17000,0,No
360000,Female,1,1,40,-1,-1,-2,-1,-1,-1,10210,-1814,-11035,12319,6050,2125,0,0,32319,6050,2125,35860,No
100000,Female,3,2,41,-1,-1,-1,-1,0,-1,7432,1633,2043,4830,3535,4307,1633,2043,4830,0,4307,0,Yes
360000,Female,1,2,29,-1,-1,-2,-2,-2,-1,1498,0,0,0,0,902,0,0,0,0,902,0,No
120000,Female,1,2,31,-1,-1,-1,0,-1,0,388,-26,74,374,1549,7101,0,100,300,1584,7010,4500,No
20000,Female,3,1,51,0,0,0,-2,-2,-2,19255,20650,0,0,0,0,2000,0,0,0,0,0,No
100000,Male,1,2,31,2,2,2,2,2,2,84886,86729,87706,88859,90685,92736,4100,3300,3500,3400,3700,4000,Yes
60000,Male,2,2,22,0,0,0,0,0,-1,60103,52193,44934,17769,10400,1760,3033,2093,560,600,1760,17933,No
240000,Female,1,2,28,-1,2,2,-1,-1,-2,5018,2300,0,2500,0,0,0,200,2500,0,0,0,Yes
70000,Female,1,2,25,0,0,0,0,0,0,67906,68201,69003,70146,71592,66053,2519,2371,2544,3000,1866,1266,No
360000,Female,1,2,31,-2,-2,-2,-2,-2,-2,12521,18746,47535,186,38169,2665,18843,48271,187,38359,2678,6169,No
290000,Male,1,1,47,-2,-2,-2,-2,-2,-2,3700,18019,4516,8140,59512,2716,18035,4516,8140,59512,2716,3516,No
90000,Female,1,2,24,0,0,0,0,0,0,85365,88054,90370,26420,27398,28295,4054,4444,1420,1398,1345,3265,No
50000,Male,2,2,38,1,2,0,0,0,0,28651,24587,25468,31488,68450,31036,0,5000,10000,5000,2500,0,No
50000,Female,3,2,54,0,0,0,0,0,0,48065,48968,47368,9515,9483,9292,2082,1672,500,500,355,264,No
160000,Female,2,1,45,-1,-1,-1,-1,-1,-1,19477,10477,7396,5224,16989,1640,10528,7433,5245,17053,1647,30028,No
120000,Female,3,2,53,2,0,0,2,0,0,66963,68780,70830,71557,73052,74502,3500,3800,2500,2804,2820,3000,Yes
500000,Female,1,2,27,0,0,0,0,0,0,78335,61234,55446,47208,32019,22318,2315,2599,1500,2019,1200,1784,No
50000,Female,2,2,24,-1,-1,-1,0,-1,-1,1572,1572,6561,5091,353,26864,1572,6561,102,353,27000,1000,No
50000,Male,2,2,28,0,0,0,0,0,0,35277,34627,35096,9657,9617,9404,1800,1600,500,500,341,500,Yes
50000,Male,2,2,28,0,0,0,0,0,0,2940,3989,5116,4425,6353,15829,1100,1205,2000,2000,10000,1000,No
210000,Female,1,2,33,-1,-1,-1,-1,-1,-1,591,1053,2989,2046,17239,3680,1053,2992,2046,17239,3680,0,No
80000,Male,2,2,26,0,0,0,-2,-2,-2,5844,6700,0,0,0,0,1067,0,0,0,0,0,No
20000,Male,1,2,31,0,0,0,2,2,2,12761,13481,15322,14779,15543,16139,1229,2070,0,1000,1000,0,No
310000,Female,1,1,34,-1,-1,-1,0,-1,-1,455,455,1415,883,883,1033,455,1415,0,883,1033,883,Yes
150000,Female,1,1,29,0,0,2,0,0,0,18231,20625,17443,21649,22045,18814,3000,2,5000,2000,1500,2107,No
50000,Female,2,1,50,0,0,0,0,0,0,48926,45156,27762,19238,15585,15892,2036,1243,3991,712,715,582,Yes
100000,Male,3,1,30,2,2,2,2,0,0,68436,66783,74555,72759,74131,75603,0,9557,0,2700,2707,3120,Yes
150000,Male,5,2,31,-2,-2,-2,-2,-2,-2,136692,91815,0,0,0,0,2000,0,0,0,0,0,No
50000,Male,2,2,23,1,2,0,0,0,0,6226,5981,6870,7038,2268,5051,0,1032,200,285,3000,2000,No
180000,Female,3,1,51,1,-1,2,2,0,-1,0,31,31,31,1931,878,31,0,0,1900,878,0,Yes
50000,Female,3,2,23,-2,-2,-2,-2,-2,-2,8647,4872,-5,2809,0,0,4890,0,2814,0,0,0,No
50000,Female,3,1,36,0,0,0,0,0,0,44449,35238,37551,17808,13765,14038,2500,11000,600,500,502,521,No
50000,Female,3,1,43,-1,-1,-1,-1,-1,-1,6748,1366,1173,1473,1473,1623,1366,1173,1773,1473,1623,946,No
230000,Male,2,1,41,0,0,0,0,0,0,231187,231272,228653,225471,224853,230078,10500,10000,9000,8200,9000,9000,No
70000,Female,2,2,24,0,0,0,0,0,2,68659,68259,14690,9980,15607,15209,3500,1400,700,6000,0,1000,No
50000,Male,3,1,51,-1,-1,-1,-1,-1,-2,6700,13902,42835,8500,0,0,13902,42863,8500,0,0,0,No
10000,Female,2,2,31,0,0,0,-1,-1,-1,10503,9996,6528,4328,4328,4171,1140,1000,4328,4328,4171,4718,No
30000,Male,3,2,27,0,0,0,0,0,2,27061,28129,29377,29625,30134,28716,1504,1752,1000,2257,0,2287,No
230000,Female,2,1,29,0,0,0,0,0,0,69853,61844,24802,61631,46396,28311,2310,2000,49000,1500,1000,2000,No
50000,Female,3,1,61,0,0,0,0,0,2,20907,22236,23250,23564,30882,30242,1672,1686,1000,7764,0,1000,No
20000,Male,2,1,31,0,0,0,0,0,0,17766,18806,19772,18940,18587,20352,1630,1596,664,838,2241,0,No
20000,Female,2,2,31,0,0,0,0,0,0,16569,22372,25285,24669,20899,11968,11000,5000,0,418,5000,3816,No
360000,Male,2,1,26,-2,-1,-1,-2,-2,-2,0,2500,0,0,0,0,2500,0,0,0,0,0,No
120000,Male,1,2,28,0,0,0,0,0,2,8460,7729,8920,7439,26832,26287,5000,1500,7000,21300,0,1000,No
400000,Male,1,1,35,-2,-1,0,0,0,0,11802,73011,79259,87413,92269,100973,73022,10000,10009,8000,10000,10029,No
360000,Male,1,1,40,-2,-2,-2,-2,-2,-2,5772,11664,15390,7090,2115,20075,11694,10048,35,2126,21220,35114,No
500000,Male,1,1,55,0,-1,0,0,0,0,16593,226145,216931,207423,197914,188329,226145,7815,7372,7113,6967,6261,No
80000,Male,2,2,26,-1,0,0,0,0,0,2159,4132,5949,7144,5309,500,2000,2002,2005,15,523,0,No
20000,Female,2,2,23,-2,-2,-2,-2,-2,-2,9410,7120,0,0,0,0,7120,0,0,0,0,0,No
20000,Female,1,2,24,0,0,0,0,0,0,24146,25374,19075,18907,18507,20046,2024,2000,1005,1188,2002,1015,No
200000,Male,2,1,51,-1,-1,-1,-1,-1,-1,1690,0,396,792,0,396,0,396,792,0,396,792,Yes
50000,Female,3,1,27,0,0,0,2,0,0,11231,6482,8799,8033,8933,7995,2000,5000,0,1000,1000,1000,No
120000,Female,3,1,46,-1,-1,-2,-2,-2,-2,4940,0,0,0,0,0,0,0,0,0,0,0,Yes
30000,Male,2,2,37,0,0,0,0,0,0,27526,28794,29480,29679,16451,0,1714,1400,599,0,0,0,No
390000,Male,2,1,35,0,-1,-1,0,0,0,33808,15275,17331,78340,76892,57954,15347,17375,70077,15103,3290,16153,No
200000,Male,1,1,57,-1,-1,-1,0,0,0,1964,2684,11764,9830,669,-716,2698,11764,1000,0,0,2000,No
260000,Female,1,1,52,2,2,2,2,-1,-1,150,150,150,150,2500,0,0,0,0,2500,0,0,Yes
210000,Male,2,2,33,-1,-1,-1,-1,-1,0,1024,264,264,264,42515,43104,264,264,264,42515,1559,1472,No
180000,Male,1,1,46,-1,3,2,-1,-1,-1,780,780,390,390,390,540,0,0,390,390,540,390,No
120000,Female,2,1,27,0,0,0,0,2,0,83567,78276,78971,80907,79219,77809,4326,3000,9000,0,3000,3000,No
50000,Male,1,2,26,-1,2,2,-1,0,-1,5713,5406,-978,978,652,626,0,0,1956,0,626,0,Yes
50000,Male,2,2,32,0,0,0,0,0,0,46281,27311,41032,29626,26328,28475,1658,29000,1027,1300,2600,1280,No
50000,Male,1,2,30,0,0,0,0,0,2,43935,47744,40339,44377,48723,49841,5000,2000,5000,5000,2010,9,No
90000,Female,2,2,24,0,0,0,0,-2,-2,80699,68100,33434,0,0,0,2991,2655,0,0,0,0,No
80000,Female,1,2,23,1,2,0,0,2,0,32337,31543,32141,28622,24619,23211,0,1659,4000,0,1000,25000,No
310000,Female,2,2,24,0,0,0,0,0,0,203519,182513,161002,139275,120762,102598,6373,5600,5000,4500,3500,2816,No
100000,Male,1,2,25,0,0,0,0,0,0,18883,20272,22577,21037,22373,23352,2000,3000,1000,2000,1500,1000,No
230000,Female,3,1,50,1,-1,-1,-1,-1,-1,0,211,3546,0,1490,0,211,3546,0,1490,0,890,No
120000,Female,3,2,40,0,0,0,0,0,0,31543,31641,32286,32692,32261,32644,1600,1600,1200,1200,1200,1500,Yes
230000,Male,1,1,48,0,0,0,0,0,0,160879,161797,165107,105508,108101,110094,7000,6607,3773,4290,4164,2000,No
360000,Female,3,1,38,1,2,2,0,0,0,29773,24395,22285,21359,21581,16065,2000,0,687,3864,1065,11500,No
500000,Male,1,1,37,-1,-1,-1,-1,-1,-1,37443,24110,28593,22707,23495,40283,24197,28832,22784,23536,40542,12169,No
50000,Male,3,1,44,0,0,0,0,0,0,49996,50386,24565,21098,18965,18063,1596,1291,695,668,654,637,Yes
30000,Female,2,2,49,0,0,0,0,2,2,11554,12662,13744,14712,14334,15593,1300,1300,1200,0,1500,0,No
720000,Female,1,1,45,0,0,0,0,0,0,125529,112933,105582,104501,83504,79411,8019,8043,10092,3020,2591,10081,No
10000,Male,1,2,22,0,0,0,0,0,3,4060,2774,3764,4001,5134,4762,1300,1200,300,1200,0,0,No
400000,Female,1,2,27,-2,-2,-2,-2,-2,-2,5457,4438,5048,7013,52189,16153,4460,5072,7048,52317,16232,4516,Yes
150000,Female,1,2,33,-1,-1,-1,-1,-1,-1,2858,9934,19312,46321,146947,237926,9934,19312,30000,105180,103752,5742,No
500000,Male,1,2,54,-2,-2,-2,-2,-2,-2,2634,1108,1318,36032,0,11270,1119,1318,36032,0,11270,28051,No
50000,Male,2,1,25,0,0,0,0,0,0,43259,35307,23096,18970,19514,20038,1405,1366,1000,1000,1000,600,No
210000,Female,2,2,26,0,0,0,0,0,0,26847,26883,27180,27035,27390,28045,1500,1500,1000,1500,2000,1000,No
260000,Female,1,2,36,-1,-1,-2,-1,-1,-2,531,0,0,1245,0,0,0,0,1245,0,0,0,No
240000,Female,2,1,38,1,2,-1,2,2,2,7466,221,189,189,1648,1459,899,198,0,1459,0,1250,Yes
360000,Female,2,2,30,-2,-2,-2,-2,-2,-2,0,90,0,0,4460,2169,90,0,0,4460,2169,0,No
200000,Female,1,2,30,-2,-2,-2,-1,0,-1,0,0,324,3741,1374,2932,0,324,3741,0,3118,0,No
50000,Female,3,2,43,-1,-1,-1,-2,-2,-2,150,809,-60,-210,-360,-510,809,0,0,0,0,0,No
80000,Female,2,2,23,1,-2,-2,-2,-2,-2,0,0,0,0,0,0,0,0,0,0,0,0,Yes
230000,Male,1,2,29,0,0,0,0,0,0,32375,36817,40170,43473,44663,47207,5000,5000,5000,3000,5000,5000,No
500000,Female,1,1,40,-1,-1,0,0,0,0,4240,80648,110704,99984,71135,56594,80648,35000,10000,10000,2430,10000,No
70000,Male,1,2,40,2,2,0,0,0,2,45740,44727,45738,48977,52191,53242,0,1750,4000,4000,2060,2200,Yes
50000,Female,1,1,36,2,0,0,2,2,2,37397,40292,43073,44067,44955,44081,3500,3452,2000,1738,0,4000,Yes
210000,Male,3,2,34,-1,-1,-1,-1,0,0,862,1136,1511,54400,81139,82585,1144,1515,54409,30000,3759,435,No
220000,Female,1,1,41,0,0,0,0,0,0,157980,163974,140964,105353,100750,85261,11024,5198,6006,10362,5000,4000,No
100000,Female,2,1,29,2,2,0,0,2,2,75242,73482,76628,82320,83359,85837,0,5000,7000,2500,4000,0,No
150000,Male,2,2,45,-1,-1,-2,-1,-1,-1,9487,0,0,159,14903,410,0,0,159,14903,509,0,No
50000,Male,2,1,42,-2,-2,-2,-2,-1,0,1464,1469,2185,0,19777,19910,1469,2185,0,19777,629,296,No
50000,Male,3,1,45,-1,-1,2,-1,-1,-1,261,1305,1134,1073,1312,51,2305,0,1200,1500,0,0,No
410000,Male,2,2,48,0,0,0,-1,-1,0,28921,13482,8484,15286,17116,18777,5422,3040,15362,17133,5076,4040,Yes
80000,Female,2,2,29,-2,-2,-2,-2,-2,-2,0,0,0,0,0,0,0,0,0,0,0,0,No
70000,Male,2,1,35,1,2,2,0,0,0,68375,71660,66948,30406,29128,23597,5000,0,1001,944,5000,5000,No
210000,Female,3,2,28,-1,-1,-2,-1,-1,-1,1082,0,0,232,0,150,0,0,232,0,150,81,No
290000,Female,2,2,36,0,0,0,0,0,0,320952,326625,290268,296053,302793,307336,11149,10524,10600,11500,10000,65000,No
50000,Male,2,1,42,0,0,0,0,0,0,12111,12911,13990,14356,14657,15013,1300,1300,600,532,600,494,Yes
380000,Male,2,1,40,0,0,0,0,-1,-1,31526,51255,63052,0,1184,21852,21255,13052,0,1184,21852,40534,No
200000,Male,1,1,37,0,0,0,0,0,-1,4289,2907,3720,7720,5030,2990,1187,1000,4000,1000,3020,0,No
200000,Female,5,2,32,0,0,0,0,0,0,64059,66113,15421,15728,16057,16398,3372,1246,553,572,597,2000,No
190000,Male,1,2,33,-1,-1,-1,0,-1,0,546,1213,15571,14625,28520,24920,1213,15571,0,28520,0,0,No
80000,Female,2,1,46,0,0,0,0,0,0,73366,76178,78560,49399,48420,50600,4000,4000,2000,3000,3003,3003,No
480000,Female,1,2,33,0,0,0,0,0,0,118986,62137,79556,97836,96299,88757,30000,30276,30000,30000,15000,15000,No
20000,Male,3,1,53,0,0,0,0,0,0,16854,18075,19020,19000,19500,10000,1500,1400,380,500,500,0,No
160000,Male,2,1,31,0,0,0,0,0,0,75636,77220,79129,80710,82749,84871,3400,3800,3500,3500,3500,3600,No
50000,Male,3,1,49,1,2,0,0,0,0,36728,35835,32092,32581,33897,34691,36,1833,1322,2000,1358,3446,No
80000,Female,2,1,47,1,2,-1,-1,-1,-1,17401,8824,13261,6261,6261,6261,0,13261,6261,6261,6261,6261,No
50000,Female,1,2,27,-1,-1,-1,-1,-1,-1,451,-49,6258,1032,2766,1401,0,6307,1035,3164,1405,1507,No
300000,Male,2,1,35,1,2,0,0,0,0,240394,239798,242518,224580,179060,154320,10000,10000,8000,8000,10000,3632,No
200000,Female,2,2,23,0,-1,-1,-1,0,0,67821,4938,-849,107555,108177,110506,4938,473,110000,3899,4100,8000,No
180000,Male,2,1,43,0,0,0,0,0,0,171992,175427,150965,71478,72955,74426,6099,4427,1949,2007,2030,2000,No
370000,Male,3,2,27,-1,0,0,0,0,0,50886,61378,96133,103773,137735,234740,11378,36133,18773,37735,100000,5600,No
230000,Male,2,2,28,0,0,0,0,0,0,31875,31611,32411,34162,34884,35569,2000,2000,4000,2000,2000,1500,No
90000,Female,2,1,27,2,2,2,0,0,0,85753,87510,85188,87112,169533,90316,4000,0,4200,3285,7787,4000,Yes
20000,Male,1,2,26,0,0,0,0,0,2,11065,11788,13082,13498,14278,13899,1206,1500,634,1151,0,514,Yes
280000,Female,1,1,57,-1,-1,-1,2,2,3,929,1669,5707,4795,5328,4969,1669,4795,0,4115,0,0,No
200000,Female,1,1,39,1,-2,-2,-2,-2,-2,0,0,0,0,0,0,0,0,0,0,0,0,Yes
140000,Male,2,1,73,0,0,0,0,0,0,135206,135316,134943,135772,138675,137197,5082,5008,5000,6016,5018,5264,No
150000,Female,1,2,27,0,0,-1,0,0,0,3467,2182,1764,9558,59865,55717,2008,1764,9000,55000,4000,4000,No
50000,Female,2,1,31,2,2,2,2,2,2,26441,28297,29532,28758,30287,31133,2600,2000,0,2000,1500,1500,Yes
50000,Female,2,2,25,0,0,0,0,-2,-2,40407,31811,13898,0,0,0,1814,1000,0,0,0,0,No
20000,Female,1,2,23,0,0,0,2,0,0,15573,17013,19413,14871,15478,16068,2000,3000,0,1000,1000,1000,No
200000,Female,1,2,33,0,0,0,0,0,0,150573,140844,144245,135946,135736,134500,6550,7200,5300,5400,5240,5260,No
20000,Female,2,2,23,0,0,0,0,0,0,8647,9734,10594,11002,11608,9186,1232,1092,500,1000,500,500,No
30000,Male,2,2,24,0,0,0,0,0,0,26573,26988,14964,15428,15612,16630,1500,1600,1000,569,1280,0,Yes
80000,Female,2,1,34,2,2,2,0,0,0,17294,22256,21660,22055,22603,23133,5210,0,1000,1000,1000,1000,Yes
240000,Female,1,1,38,-2,-2,-2,-2,-2,-2,0,0,0,0,0,0,0,0,0,0,0,0,No
200000,Female,1,1,38,2,-1,2,2,-2,-1,166,1694,1519,0,0,600,1694,0,0,0,600,0,Yes
80000,Male,2,1,49,0,0,0,0,0,0,71775,68083,50642,47283,42340,40223,2911,1920,1541,1502,1619,1472,No
290000,Male,2,1,39,1,-1,-1,-1,-2,-2,-9,698,728,-2,-2,-2,707,730,0,0,0,0,Yes
70000,Female,2,2,23,0,0,0,2,0,0,18285,16903,18903,18443,10139,10141,1400,2332,0,365,364,527,Yes
30000,Female,2,1,38,0,0,0,0,2,0,7979,9046,10279,10610,10339,8710,1200,1423,754,0,1000,3000,No
30000,Female,3,1,31,2,2,2,-1,-1,-1,18870,3222,390,390,390,390,1906,0,390,390,390,390,Yes
280000,Male,2,2,37,-1,-1,0,0,0,0,1152,49293,44707,39607,37542,34812,49349,3045,5028,5034,5024,5002,No
200000,Female,2,1,28,-1,-1,-1,-1,-1,-1,3099,3174,0,3239,0,500,3174,0,3239,0,500,0,No
60000,Male,1,2,28,-1,-1,-2,-2,-2,-2,20000,0,0,0,0,0,0,0,0,0,0,0,No
140000,Male,5,2,26,0,0,0,0,0,0,136953,133265,82163,83238,85383,86615,6350,2900,2950,4000,3576,2200,No
390000,Male,2,2,29,0,0,0,0,0,0,160537,186227,189792,109806,69845,48101,30000,9000,5000,2815,2111,3000,No
30000,Female,1,2,28,0,0,0,0,0,0,6359,7461,5172,5931,7665,9535,1230,1241,1000,2000,2000,0,No
160000,Male,3,1,54,-1,2,-1,0,0,0,780,390,1560,1170,780,390,0,1560,0,0,0,390,Yes
500000,Female,2,2,32,0,-1,-1,-1,0,0,13631,3840,7527,77166,74397,77055,3840,7527,77166,3397,4055,2266,No
180000,Female,2,2,26,-1,-1,-1,-1,-1,-1,5000,1600,2700,12000,0,1995,1600,2700,12000,0,1995,0,No
290000,Female,2,1,33,0,0,0,0,0,0,117275,110481,107735,100195,84268,76356,3700,4005,4000,3000,2928,2000,No
140000,Male,1,2,35,0,0,0,0,0,0,142119,142362,142292,99399,101677,100867,6000,6982,3500,3800,3700,4000,No
50000,Female,2,1,31,0,0,0,0,0,0,13641,15409,16052,15993,15780,15549,2000,1223,1000,1000,1000,1000,No
130000,Male,1,1,47,2,2,2,2,2,2,115704,117277,118814,119915,121325,122052,4900,5000,4503,4605,4400,4204,No
160000,Male,3,1,48,0,0,0,-2,-2,-2,156197,102650,0,0,0,0,4700,0,0,0,0,0,Yes
110000,Male,2,1,35,0,0,0,0,0,0,112820,112134,110436,50175,50874,50730,4800,4108,4100,3000,1900,1800,No
180000,Female,2,1,33,-1,-1,-1,0,0,0,506,0,174,1974,3462,4114,0,174,1800,2600,2000,3500,No
310000,Female,1,1,32,0,0,0,0,0,0,66916,63746,58216,57112,53694,49205,2440,2041,1520,1581,1774,1523,No
450000,Male,2,1,44,-1,-1,-1,-1,-1,-1,19951,7277,1096,1968,1575,3889,8203,1105,2012,2007,4019,510,No
130000,Male,1,2,27,0,0,0,0,0,0,69353,49878,30242,31239,31893,32549,2139,1503,1500,1157,1186,5000,No
300000,Female,1,1,36,1,2,-1,0,0,-1,5602,2700,6300,8100,5400,2700,0,6300,5400,0,2700,7150,No
160000,Female,1,1,39,1,-2,-2,-2,-2,-2,0,0,0,0,0,0,0,0,0,0,0,2000,No
270000,Male,2,1,48,2,2,2,0,0,0,53624,67736,63082,73568,77642,73452,15018,0,20000,5000,10000,0,Yes
360000,Male,2,1,63,1,-2,-1,-1,-1,-1,-3,-3,590,-10,2162,3528,0,593,0,2172,3545,0,Yes
360000,Male,2,1,42,1,-2,-2,-2,-2,-2,0,0,0,0,0,0,0,0,0,0,0,0,Yes
180000,Male,2,1,40,-1,-1,-1,-1,-1,-1,3071,5630,9040,1288,1419,2385,5639,9044,1290,1421,2386,1964,No
360000,Female,3,1,41,-1,-1,-1,-1,-1,-1,390,390,390,390,390,390,390,390,390,390,390,0,No
280000,Male,1,1,45,2,2,2,2,2,2,2482,2482,2482,2482,2482,2482,0,0,0,0,0,18,Yes
220000,Male,2,2,44,0,0,0,0,0,0,5005,9880,10542,10903,10981,9931,5000,1147,508,374,384,1008,No
20000,Female,3,1,47,0,0,0,-1,-1,-2,8152,7268,3699,780,0,0,1125,1000,780,0,0,0,No
310000,Male,3,1,32,0,0,0,0,0,0,172772,152397,110375,84373,57779,14163,8295,6000,4000,3000,1000,2000,No
160000,Male,2,2,52,1,2,-1,0,0,0,2259,1869,12671,8315,5085,4900,1310,12671,166,102,1100,2610,Yes
50000,Male,1,2,27,1,-2,-2,-2,-2,-2,-2900,-2900,-2900,-2900,-2900,-2900,0,0,0,0,0,0,No
20000,Male,2,1,38,0,0,0,0,-2,-2,16619,17845,19000,0,0,0,1500,1500,0,0,0,0,Yes
20000,Male,2,2,26,0,0,0,0,0,0,18626,20296,18902,38250,19709,19774,2000,1308,683,1472,714,357,Yes
470000,Male,2,1,32,0,0,0,0,0,0,181224,143173,145293,148871,152309,155769,7000,6000,6000,6000,6000,8000,No
220000,Male,1,2,31,-2,-2,-2,-2,-2,-2,2828,2828,2828,2828,2828,3013,2828,2828,2828,2828,3013,2828,No
50000,Female,2,1,42,0,0,0,0,0,0,11618,12641,13953,13924,14399,14610,1216,1528,499,700,600,541,No
50000,Male,2,2,22,2,2,2,0,0,0,13752,17945,17807,17430,18262,14224,4448,1003,1000,1014,1004,1468,Yes
230000,Female,1,1,53,-1,-1,-2,-2,-2,-2,10000,0,0,0,0,0,0,0,0,0,0,0,No
70000,Female,2,1,51,2,2,2,2,2,2,43913,44911,45772,46611,47508,48476,2000,1900,1900,1800,1900,1900,No
90000,Female,2,2,24,-1,-1,-2,-2,-2,-2,520,0,0,0,0,0,0,0,0,0,0,0,No
180000,Male,1,2,27,-1,-1,-1,-1,-1,-1,2658,2014,536,1123,536,536,2014,536,1123,536,536,629,Yes
50000,Male,2,1,53,0,0,0,0,0,0,47750,49149,47843,29018,29777,28722,2180,1874,1049,1237,1100,1300,Yes
210000,Female,1,2,39,-2,-2,-2,-2,-2,-2,0,0,0,0,0,0,0,0,0,0,0,0,No
50000,Female,1,2,24,0,0,2,0,0,0,52227,55264,52028,32140,32216,31482,5350,0,1085,2000,1226,2415,No
10000,Male,2,2,23,2,0,0,0,0,0,8206,6828,9694,9888,10094,9762,1134,3000,345,356,425,194,No
80000,Male,1,2,42,0,0,0,0,0,0,74380,68820,59079,30289,27415,28447,2619,2036,1215,1500,1504,1200,No
200000,Female,3,1,34,-2,-2,-2,-1,-1,-1,3600,-4,-4,752,0,2718,4,0,756,0,2718,2722,No
500000,Male,1,1,41,2,0,0,0,0,0,564757,572834,430774,437950,447203,456453,19850,17200,15853,17000,17000,15740,Yes
50000,Female,2,1,42,0,0,0,0,0,0,49401,47828,48416,20098,20130,20158,2100,2000,702,718,730,632,No
50000,Female,3,2,22,2,0,0,2,0,0,31285,30275,26633,19576,15794,19496,3000,2000,0,4532,4500,4500,No
80000,Male,3,1,46,2,2,0,0,0,0,40154,39021,21862,22297,22766,23531,80,1500,797,827,1144,666,No
50000,Female,1,2,23,1,2,0,0,0,0,10393,9895,10726,10863,11200,11272,0,1500,800,700,600,600,No
50000,Male,2,2,22,-1,0,0,2,0,0,5696,6723,8619,8334,8510,8728,1277,2173,0,459,513,161,No
80000,Female,2,2,24,0,0,0,0,0,0,78749,77025,66725,21604,9352,9276,4000,2784,1882,1000,457,20000,No
100000,Female,2,1,39,3,2,2,2,2,0,76620,74813,69802,69887,68023,68734,0,5395,2433,0,2471,5191,Yes
360000,Male,1,2,49,1,-2,-2,-2,-2,-2,0,0,0,0,0,0,0,0,0,0,0,0,No
510000,Female,1,1,37,-1,-1,-1,-1,-1,-1,386,733,739,1939,739,2739,763,739,1939,739,2739,1110,No
130000,Female,3,1,48,0,-1,-1,-1,-1,-1,13570,785,1534,397,22262,251,785,1534,397,22262,251,1380,No
330000,Male,1,2,44,0,0,0,0,0,0,604019,605943,439854,404157,370686,294348,19001,14000,12000,15000,7000,7000,No
50000,Female,3,2,40,0,0,0,0,0,0,29311,30862,26614,15571,14971,15546,10000,5000,1500,800,2000,2000,No
30000,Male,2,2,43,0,0,2,0,0,0,25724,29638,27000,27382,26876,28351,5300,0,1100,1000,2300,0,No
200000,Female,1,1,24,0,0,0,0,0,0,156683,155336,156489,152357,150829,149851,5808,5382,5279,5389,7026,5258,No
80000,Female,2,1,33,2,2,2,2,2,2,53843,55933,56575,57303,58593,59738,3500,2100,2200,2300,2200,2100,No
220000,Female,1,1,39,0,-1,-1,0,0,-1,6589,2901,10836,26227,18590,785,2901,10836,18590,0,785,8700,No
70000,Female,1,2,30,1,-2,-2,-2,-2,-1,-25,-25,-25,-50,-25,475,0,0,0,0,500,0,No
350000,Female,2,1,48,0,0,0,0,0,0,311013,305633,301114,285750,289399,284597,11019,10728,9812,10397,10099,9967,No
60000,Male,2,2,24,0,0,0,0,0,2,60753,54892,59268,17967,20309,17867,2800,6100,621,2609,0,756,No
120000,Male,2,1,34,-1,-1,-1,-1,0,0,6059,1943,2402,18700,9900,0,1943,2500,38098,5000,0,0,No
50000,Female,2,2,48,0,0,0,0,0,0,50894,49333,9923,10126,10113,10130,1385,1200,350,400,360,400,No
100000,Female,1,1,44,0,0,0,0,0,2,68444,71722,73525,75303,79994,78550,5000,3000,3000,5900,0,5000,Yes
210000,Male,2,1,30,0,0,0,2,0,0,85988,88410,93234,90571,94653,142549,5000,7500,0,6000,50000,0,Yes
20000,Female,2,2,35,0,0,2,0,0,0,16528,19347,18600,19000,19000,20000,3400,0,1000,0,1000,0,No
240000,Male,3,2,42,0,0,0,0,0,0,159362,227686,177380,126645,128877,121803,146282,7005,4601,5000,5300,6100,No
170000,Female,2,1,43,0,0,0,0,0,0,95780,109078,115606,121493,132016,145820,13298,9913,7900,10523,16289,3600,No
330000,Male,1,2,34,-1,-1,-1,-1,0,-1,316,310,6994,632,316,38277,310,7006,2000,0,38277,6000,No
70000,Male,2,2,43,0,0,0,0,0,0,59829,57240,29079,28562,29155,29448,1586,1739,1002,1033,1142,1014,No
50000,Female,3,1,29,0,0,0,0,0,0,45561,47322,49054,7378,8103,8963,2500,3125,417,1000,1000,500,No
130000,Male,2,2,38,0,-1,0,0,0,0,9439,62132,48108,40918,35111,24846,63053,1478,1119,1016,1026,1049,No
50000,Male,3,2,36,2,2,7,7,7,7,2400,2400,2400,2400,2400,2400,0,0,0,0,0,0,Yes
450000,Female,1,2,30,0,0,0,0,0,0,46244,32387,30976,29455,30012,20109,1599,1311,2000,1000,2000,647,Yes
100000,Male,2,1,41,2,2,2,2,2,2,68786,69604,67887,72744,73932,75560,2500,0,6000,2500,3000,3000,Yes
120000,Female,1,2,26,0,0,0,0,0,0,11513,12227,13321,15090,16836,18554,1206,1300,2000,2000,2000,2000,No
270000,Female,1,2,29,0,0,0,0,-1,-1,14728,20865,24812,12674,9486,2460,10000,5000,3900,9486,2460,0,No
80000,Male,1,2,36,-2,-2,-2,-2,-2,-2,5012,1200,0,1159,0,0,1200,0,1159,0,0,6028,No
80000,Female,3,1,40,0,0,0,-1,0,0,80855,78074,38360,60060,59322,59973,2800,2700,61400,2312,2800,2800,No
320000,Male,1,2,33,-2,-2,-2,-2,-2,-2,3903,3609,4615,5256,22760,700,3609,4615,5256,22760,700,1992,No
380000,Male,1,1,35,1,-1,-1,-1,-2,-2,-6,15099,1299,0,0,0,15105,1300,0,0,0,0,No
380000,Female,2,2,41,0,0,0,0,-1,0,86950,76202,63536,22345,9222,10551,3239,1283,453,9222,10551,5088,No
180000,Female,2,1,41,-2,-2,-2,-2,-2,-2,21450,0,6980,10628,9920,6205,0,6980,10628,9920,6205,6381,No
100000,Female,2,2,31,0,0,0,0,0,0,32430,34169,36495,36910,37838,38457,2579,2905,1320,1522,1400,1419,No
290000,Female,1,2,29,0,0,0,0,-1,0,41435,30229,9020,-77,8123,210989,1690,3000,0,8200,205000,6000,No
90000,Male,1,2,27,-1,-1,-1,-1,-1,-1,1040,3953,6986,868,350,874,3963,6986,868,350,874,548,Yes
10000,Male,2,1,24,5,4,3,2,0,0,9829,9539,9244,8949,9137,9177,0,0,0,480,340,500,Yes
150000,Male,3,2,31,-2,-2,-2,-1,-1,-2,31991,18322,11429,3714,0,0,18696,11629,3814,0,0,0,No
160000,Female,2,2,32,2,2,2,2,-1,0,400,400,400,0,20818,20818,0,0,0,20818,0,0,No
200000,Female,1,1,27,2,2,2,0,0,0,191406,201756,197185,146021,147473,147669,15100,3028,5169,5400,5306,5232,Yes
30000,Female,2,2,23,-1,-1,-1,-1,-1,-1,1393,1393,1393,1543,1596,2970,1393,1393,1543,1596,2970,0,No
70000,Female,1,2,24,0,0,0,0,0,0,65920,67413,68623,68867,70179,67976,3150,3000,2250,2400,2350,2400,No
160000,Male,2,2,30,1,-2,-2,-2,-2,-2,0,0,0,0,0,0,0,0,0,0,0,679,No
140000,Female,1,2,27,2,2,2,2,2,2,94903,96912,98015,99155,100979,99251,4400,3600,3600,3500,0,3470,Yes
50000,Female,3,2,22,0,0,0,0,0,-1,11867,12588,13089,13731,13891,1769,1309,1200,1232,891,4435,1836,No
50000,Female,1,2,23,-1,-1,-1,-1,0,0,496,454,-42,13109,13266,13401,454,0,14109,1000,1000,1000,No
150000,Male,1,2,31,0,0,0,0,0,0,1575,4711,4956,6692,14418,25825,3651,1068,1977,9118,12625,122,No
120000,Female,1,2,34,1,-2,-2,-2,-2,-2,0,0,0,0,0,0,0,0,0,0,0,0,No
160000,Female,2,1,63,1,-2,-1,-1,-1,-1,-2,-2,2647,1210,0,1886,0,2649,1210,0,1886,491,No
180000,Female,4,2,26,0,0,0,0,0,0,252810,240518,39162,5461,2309,0,8013,3060,109,46,0,0,No
220000,Female,2,2,27,0,0,0,0,0,0,220588,218136,177720,131874,118918,110338,9000,7500,4500,5000,5000,3000,No
80000,Female,1,1,36,-1,-1,-1,-1,-1,-1,1069,1460,4337,0,2649,708,2000,4507,999,2649,787,288,No
110000,Female,2,2,28,0,0,0,0,0,0,105080,107420,107325,108545,105341,106822,5540,5361,4500,4000,4500,4100,No
80000,Female,2,1,51,1,-2,-2,-1,-1,-1,-12,-12,-12,17691,4599,4134,0,0,17703,4599,4134,0,Yes
270000,Male,2,1,52,0,-1,-1,-1,2,-1,18758,4937,2000,9078,5058,6177,4937,2000,9078,0,6177,4600,No
160000,Female,1,2,36,1,2,0,0,0,0,163897,116343,118552,119376,122039,121841,0,5677,4197,4509,4412,4228,No
50000,Male,2,2,44,0,0,0,0,0,0,16726,18144,19116,19543,20116,18163,2000,1600,1000,1000,1000,811,No
60000,Female,2,1,39,0,0,0,0,0,0,58017,59481,60360,38307,35519,35356,2396,2110,1272,1257,1245,1138,No
360000,Female,2,2,34,0,0,0,0,0,0,277569,246380,236139,241056,246297,246072,10500,8500,8750,9200,9800,8700,No
200000,Female,4,2,34,-1,-1,-2,-2,-2,-1,6093,4297,15765,3997,4931,429,4310,15818,4009,4945,429,0,No
40000,Female,2,1,36,1,2,0,0,0,0,38430,37537,38156,39581,36506,37893,0,1575,2000,1500,2000,3000,Yes
50000,Female,3,1,50,2,0,0,0,2,0,48381,47810,48123,51060,50162,48209,2200,2100,4000,0,2000,2000,Yes
50000,Female,2,1,46,0,0,0,0,0,0,48095,26873,27774,28387,28982,29599,1500,1387,1000,980,1026,843,No
500000,Male,1,1,41,-1,-1,-1,-2,-1,-1,719,1550,-50,-50,10037,79,1558,0,0,10087,79,471,No
160000,Male,1,2,37,-1,2,-1,-1,0,-1,17723,497,1100,652,326,5654,0,1100,652,0,5654,0,Yes
180000,Female,3,2,28,0,0,0,0,0,0,176802,179271,180382,132104,129772,124734,6963,6208,3749,4365,4517,177,No
100000,Male,2,2,25,0,-1,-1,-1,-1,-1,48285,390,390,390,390,390,390,390,390,390,390,9528,No
50000,Female,2,2,38,0,-1,-1,0,0,0,4965,495,16982,17203,17577,17936,500,17000,800,800,800,900,No
210000,Male,2,1,33,0,0,0,0,0,0,141571,138588,142343,69004,70596,69388,5000,6000,2270,2500,2472,2600,Yes
80000,Female,2,2,23,0,0,0,0,0,0,50884,48709,19010,21808,15995,12290,2427,1214,600,656,282,0,Yes
120000,Female,1,2,28,0,0,0,2,0,0,75982,78213,82563,78273,79914,81514,3451,6275,0,2898,2926,6210,Yes
280000,Male,2,1,48,0,0,0,0,-2,-2,74267,54500,5520,0,0,0,3110,1200,0,0,0,0,No
80000,Female,2,1,45,0,0,0,0,0,0,30063,30399,24577,24788,18522,17873,1843,1233,882,633,842,12000,No
200000,Female,3,2,31,-1,-1,0,0,0,2,2126,99787,194779,194179,164444,83277,99787,100000,0,83277,0,77325,No
300000,Female,1,2,27,-1,-1,-1,-1,0,0,2566,4658,197,10767,26117,15800,4725,197,10770,15350,5000,424,No
360000,Male,2,1,38,1,-2,-2,-1,2,2,0,0,0,2500,2500,0,0,0,2500,0,0,0,Yes
60000,Male,1,2,30,1,-1,-1,0,0,0,0,345,11736,11387,10228,10497,345,13737,0,4000,6000,0,No
110000,Female,2,2,29,2,2,4,4,3,2,600,600,600,600,300,150,0,0,0,0,0,921,Yes
50000,Male,2,2,42,1,-2,-2,-2,-2,-2,-4,-4,0,0,0,0,0,4,700,0,0,2300,No
150000,Female,2,2,24,-2,-2,-2,-2,-2,-2,1563,5689,490,0,2893,0,5689,494,0,2893,0,499,No
60000,Female,5,2,22,0,0,0,0,0,0,61094,61260,55730,29846,28600,28970,3000,3000,2000,1500,1500,2000,No
20000,Female,1,2,25,0,0,0,-1,-1,-2,17693,13037,600,1040,0,0,1081,600,1040,800,0,0,No
30000,Male,1,2,25,0,0,-2,-2,-2,-2,7833,0,0,0,0,0,0,0,0,0,0,0,No
70000,Female,2,1,36,0,0,0,0,0,0,59331,57786,58608,28105,30656,32674,3500,3000,3000,3000,3000,3000,No
50000,Male,2,2,28,0,0,0,0,0,0,48433,49608,45568,9742,8790,6591,2000,1500,442,300,238,500,Yes
200000,Female,2,1,35,0,0,0,0,0,0,7677,14704,8000,10285,16285,4815,7240,2000,2285,6000,1500,0,No
480000,Female,3,1,42,-2,-2,-2,-2,-2,-2,7245,0,0,0,790,0,0,0,0,790,0,0,No
150000,Female,3,2,60,0,0,0,0,0,0,149892,137990,136171,100508,102610,101682,6780,4800,3496,3618,4000,3497,Yes
400000,Male,1,1,40,-1,-1,-2,-1,-1,-2,4750,0,0,2827,0,0,0,0,2827,0,0,3347,Yes
300000,Female,1,2,36,1,-2,-2,-1,2,-1,-78,-78,-78,1222,1072,4689,0,0,1300,0,4689,0,Yes
30000,Male,2,2,25,1,2,3,2,0,0,25787,28067,27332,26597,27512,57002,3000,0,0,1500,1600,900,No
300000,Male,2,2,33,0,0,0,0,0,0,283552,252308,204975,159596,116322,247931,10000,7009,6000,6100,245000,7600,No
400000,Female,2,1,53,0,0,-1,0,0,0,252860,257062,99832,100967,101788,117818,11416,99835,3501,3641,17823,4180,No
280000,Female,2,2,26,0,0,0,0,0,0,70219,69487,85733,131138,131414,130758,3165,20014,50014,5015,4518,4609,No
160000,Female,1,2,30,-1,2,2,-1,-1,-1,6548,3200,0,4775,456,0,7,0,4775,456,0,0,No
450000,Male,1,1,53,-1,-1,-1,-1,-1,0,3873,3119,8970,1323,11990,8838,3128,9008,1323,12008,214,1327,No
50000,Male,3,1,47,1,-2,-2,-2,-2,-2,0,0,0,0,0,0,0,0,0,0,0,0,No
60000,Female,2,1,57,0,0,0,0,0,0,20866,22131,22685,24938,25085,28862,2000,2000,2950,926,4600,0,No
210000,Female,1,2,26,0,0,0,0,0,0,129882,131991,134515,134141,137667,126127,6000,6000,3000,5000,5000,3000,No
110000,Female,2,2,24,0,0,0,0,0,0,28956,33115,31752,30539,29468,33259,5000,2000,2000,2000,7000,2000,No
110000,Female,1,1,32,1,2,0,0,0,0,42867,41901,44126,43483,43435,41010,0,3000,2000,2000,2000,3600,Yes
140000,Male,2,2,41,0,0,0,0,0,0,92281,92370,92446,65774,65076,64295,3551,3814,2333,2340,2279,2273,No
430000,Female,2,1,36,1,-2,-2,-2,-2,-2,1821,2324,2250,3004,1074,1623,2324,2250,3004,1074,1623,2493,No
20000,Male,2,1,43,-1,-1,-1,-1,-1,0,4820,1837,390,390,780,780,1837,390,390,780,0,0,No
630000,Female,1,2,29,0,0,0,0,0,0,497106,497921,490093,435019,329476,338557,15868,12371,26454,8510,11039,5390,Yes
60000,Female,2,3,39,0,0,0,-1,0,0,52149,32476,8128,9972,13037,-161,1173,1000,9972,10000,0,20588,No
50000,Male,3,2,41,0,0,2,-1,0,0,48238,35194,9802,26781,28542,29235,4866,126,58542,3032,2000,2000,No
200000,Male,1,1,41,-1,-1,-1,-1,-1,-1,855,0,316,8386,316,10104,0,316,8386,8896,10104,955,No
20000,Male,3,2,61,2,0,0,-2,-2,-2,18828,10400,0,0,0,0,1400,0,0,0,0,0,No
260000,Male,1,1,37,1,-2,-2,-2,-2,-2,0,0,0,0,0,0,0,0,0,0,0,0,No
210000,Female,1,1,32,-1,-1,-1,-1,-1,-1,8600,0,4231,4221,4221,4483,0,4231,4221,4221,4483,4300,No
30000,Female,2,2,31,0,0,0,0,0,0,28716,26570,26829,26839,27449,25125,2000,1600,1000,1000,1000,0,No
500000,Male,1,2,33,-1,-1,-1,-1,0,0,1025,1691,1316,4941,8539,3842,2000,1316,5000,5000,2000,1223,No
20000,Female,3,1,47,0,0,0,0,2,0,19753,19728,19763,20240,18955,15255,1401,1306,2000,0,800,800,No
20000,Female,3,1,45,0,0,0,0,-1,-1,16392,16367,12426,11449,341,20875,2000,2426,1000,407,21769,793,No
150000,Male,1,2,30,2,2,2,2,2,2,17352,21338,20304,21585,20718,22813,5000,0,2000,0,3000,0,Yes
150000,Female,1,2,30,0,0,2,0,-1,-1,14883,12683,2700,1500,18439,1381,4908,0,0,18439,1381,0,No
500000,Male,1,1,41,0,0,0,0,0,0,231887,122499,107198,98450,93828,92237,6115,4550,3533,3525,5034,4080,No
220000,Female,2,1,53,0,0,0,0,0,0,207592,212099,214669,173187,176496,169649,8165,6889,6033,6247,6142,6146,Yes
30000,Female,2,2,22,-1,0,-1,-1,-1,-1,13271,9277,2655,2800,4503,780,2015,2655,2800,4503,780,11500,No
10000,Female,2,1,40,1,2,2,2,2,2,8481,8711,6946,5863,4180,4322,2000,0,450,0,600,320,Yes
170000,Female,2,1,28,1,-2,-1,0,0,0,0,0,9311,10257,20872,34403,0,9311,1257,10872,14003,1500,No
120000,Male,1,1,45,1,-1,0,0,0,0,0,106257,108360,109121,109061,112079,106257,5400,4000,3944,4817,8892,Yes
10000,Female,3,2,22,0,0,0,-1,-1,2,7572,8520,6118,245,10274,9963,1118,1020,250,10300,0,200,No
200000,Female,3,1,54,6,5,4,3,2,2,110185,107665,104686,102549,101400,0,0,0,0,0,0,0,No
500000,Female,1,2,32,-2,-2,-2,-2,-2,-2,0,0,973,229,3330,7980,0,973,229,3330,7980,538,Yes
260000,Female,1,2,50,0,0,0,0,0,0,254749,259549,258390,256252,250390,251336,11046,10004,10000,10000,10000,20000,No
90000,Male,2,1,32,0,0,0,0,0,0,36081,37802,29985,28447,24775,25498,3002,1600,1500,1000,1500,1500,No
160000,Male,2,1,52,0,0,0,-2,-2,-2,161747,164150,0,0,0,0,7350,0,0,0,0,0,Yes
230000,Female,2,2,25,0,0,0,0,0,0,187472,188140,178221,156627,128110,121517,9200,6707,3000,2725,3544,2417,No
50000,Male,3,2,29,0,0,0,0,0,0,49156,50162,49170,49426,50906,45886,4000,2400,2000,2459,2100,5000,No
130000,Male,3,2,44,0,0,0,0,0,0,83648,72031,59850,49099,49015,49265,3100,2300,2000,1900,2200,1800,No
240000,Female,2,2,27,1,-2,-2,-2,-2,-2,0,0,0,0,0,0,0,0,0,0,0,0,Yes
50000,Male,1,2,22,0,0,0,0,0,0,13444,14819,15967,16599,17329,17888,1600,1700,1200,1000,1000,1000,No
320000,Female,1,2,43,0,0,0,0,0,0,34702,76361,58124,70717,78149,70379,50390,20000,20000,15000,40000,40000,No
130000,Female,2,1,44,0,0,0,0,0,0,69120,66171,65225,65588,66662,68176,3000,3000,3000,2500,3000,3000,No
50000,Female,3,2,48,1,2,2,0,0,0,49295,50414,49158,29375,28050,27721,2200,0,1008,1004,1032,932,No
330000,Female,1,2,24,0,0,0,0,0,0,341499,334929,317997,274132,267622,261246,12500,10882,9902,10000,10000,17629,No
180000,Female,2,1,29,2,2,2,2,2,2,113436,109439,111108,108476,104655,107338,1308,7623,3900,11,7700,0,Yes
500000,Female,1,1,47,-2,-2,-2,-2,-2,-2,97832,47708,131063,131508,182843,10790,27369,135784,15000,75550,216,27183,No
250000,Female,2,1,54,-1,-1,2,-1,-1,-1,17582,600,600,9375,8765,3649,1200,0,9375,8765,3649,95417,No
260000,Female,2,2,29,0,0,0,0,0,0,56380,40882,214941,196242,193177,161731,4121,196000,6020,6330,6032,5000,No
270000,Female,1,1,36,-2,-2,-2,-2,-2,-2,3291,0,0,0,0,0,0,0,0,0,0,0,No
60000,Female,3,1,42,-1,-1,2,0,-1,-1,1570,21835,20680,390,390,14290,20680,0,0,390,14290,2892,Yes
240000,Male,1,2,28,0,0,0,0,0,0,147974,150683,137645,140388,142521,143736,5300,4931,4966,5000,4771,4354,No
500000,Female,1,2,41,2,2,-2,-2,-2,-2,2500,0,0,0,0,0,0,0,0,0,0,0,Yes
330000,Male,2,2,33,0,0,0,0,0,0,137974,138692,141674,136790,141469,143453,7000,7000,5000,7004,6015,5012,No
80000,Female,2,2,24,-2,-1,-1,-1,0,0,2530,3041,6603,1483,1485,4665,3055,6622,1483,2,4683,1700,No
80000,Female,1,2,23,0,0,0,0,0,0,80133,74838,62696,27693,25594,29155,3539,3180,818,1018,10006,3616,No
180000,Male,3,1,39,0,0,0,0,0,2,122187,123790,125258,125214,131276,114050,6000,6000,4400,9000,0,4000,Yes
60000,Female,1,2,24,0,0,0,0,0,0,18220,18743,17624,17457,21386,4340,1553,1200,349,5345,0,316,Yes
150000,Female,2,1,44,-2,-2,-2,-2,-2,-2,292,7948,3363,1774,0,0,8144,18285,1774,0,0,0,No
10000,Female,3,1,45,2,-1,-1,-1,-1,-2,390,390,0,780,5018,5275,390,0,780,5018,375,0,No
340000,Female,1,1,41,0,0,0,0,0,0,325371,326867,322454,275928,264601,265494,25034,11000,10000,10000,10000,10000,No
80000,Female,3,1,39,0,0,0,0,0,0,83482,80406,71540,68325,65105,62011,2900,2340,2300,2289,2500,1551,No
430000,Female,1,2,34,0,0,0,0,0,0,35792,36894,44848,39219,32008,19397,2000,10002,2000,5000,2000,7027,No
80000,Female,2,1,35,0,0,0,0,0,-1,2227,3432,4416,5275,0,316,1250,1200,1000,0,316,31002,No
150000,Female,1,1,34,0,0,0,0,0,0,97874,130901,127985,126207,126814,125640,54190,6000,5000,5000,5000,5000,No
320000,Female,1,2,27,2,0,0,0,0,2,253197,258621,262825,268326,284625,290787,11000,10000,9876,20900,11000,0,Yes
120000,Female,2,1,28,0,0,0,0,0,0,96833,78920,74310,75710,77503,73945,3000,5000,3000,3000,4000,1500,No
620000,Female,1,2,31,0,0,0,0,0,0,569023,562316,475333,473182,481896,513798,23009,20004,20008,14000,35804,250005,No
130000,Male,1,2,37,0,0,0,0,0,0,22563,22222,21783,9421,8809,8596,1500,1505,1000,500,1000,115,No
230000,Female,2,1,46,-1,-1,-1,-1,-1,-1,4328,1518,1958,368,1613,1371,1518,1972,368,1613,1371,752,Yes
60000,Female,1,2,28,2,2,2,2,2,2,22343,24678,25079,24380,26022,26542,3000,1100,0,2200,1100,1000,Yes
420000,Male,3,2,32,-1,-1,0,-1,-1,-2,41104,6784,6346,1409,14107,8379,6887,2028,1413,14109,8452,1928,No
200000,Female,1,1,42,0,0,0,0,0,0,23242,24575,25284,25938,26478,26889,1711,1420,1074,1107,1000,1000,No
80000,Male,2,1,43,1,2,0,0,0,0,77871,71898,72926,73745,75675,75999,1261,3214,3000,3500,2266,3000,No
200000,Male,1,2,34,3,2,-1,-1,-1,-2,1571,361,1716,460,0,0,0,1716,460,0,0,0,Yes
110000,Female,3,1,42,0,0,0,0,0,0,116292,118781,121030,119267,116142,113887,5836,5780,5000,4206,5000,5000,No
60000,Male,2,1,37,0,0,0,0,0,0,54770,58257,59675,60646,60071,60066,5000,3000,2500,2500,3000,2500,Yes
340000,Female,1,1,33,0,0,0,-2,-1,-1,35695,40924,0,0,7687,21200,6018,0,0,7687,21200,10600,No
50000,Female,3,2,22,0,0,0,0,0,0,50089,41382,36995,17726,13623,13781,1798,1117,4749,500,508,250,No
80000,Female,2,2,48,0,0,0,2,0,0,60261,60129,57488,47846,48464,48940,2234,5311,0,1787,1700,1500,No
30000,Male,2,2,29,2,2,2,2,2,2,21959,24685,24983,25375,25923,25358,3400,1000,1100,1100,0,2100,No
200000,Female,2,2,24,0,0,0,0,0,0,21447,23429,26158,29486,27166,25954,2649,3500,4008,1098,1500,1000,No
200000,Male,1,1,49,-1,-1,-1,-1,-1,-1,390,390,390,390,390,390,390,390,390,390,390,390,No
90000,Female,2,1,34,2,0,0,0,-1,0,49530,18717,3053,3537,46816,47398,1449,1213,1087,47698,1740,1888,Yes
160000,Male,1,1,49,0,0,0,0,-1,-1,143804,145244,145978,41600,2500,2500,6235,6632,1910,2500,2500,2500,No
50000,Male,2,1,44,1,2,2,2,0,0,49615,48552,50175,12790,12743,17305,0,3056,0,2000,5000,3000,Yes
230000,Female,1,1,36,1,-2,-2,-2,-2,-2,0,0,0,0,0,0,0,0,0,0,0,0,No
300000,Female,1,2,27,-2,-2,-2,-2,-2,-2,525,7792,8347,10471,9813,10690,7797,8361,10490,9828,10698,6666,No
300000,Female,1,1,59,-1,-1,2,2,2,2,2500,2500,2500,2500,2500,2500,0,0,0,0,0,0,No
260000,Male,2,1,45,-1,-1,-2,-2,-2,-2,3814,2688,500,2870,1141,679,2861,500,2870,1141,679,0,No
140000,Female,2,1,38,-1,-1,-1,-1,-1,-1,1156,316,1156,736,316,1156,316,1156,736,316,1156,316,No
30000,Male,2,2,28,0,0,0,0,0,0,25198,25988,27107,27450,29193,27372,1500,1600,1000,2100,1400,500,No
230000,Female,2,2,35,-1,-1,2,-1,-1,-1,30300,1689,409,1333,168,140,1689,0,1333,168,140,0,No
360000,Male,2,2,26,0,0,0,0,-1,0,89635,80129,75246,72996,73177,67271,3122,2007,1500,73177,2452,2256,No
230000,Female,1,1,41,-1,-1,-1,0,-1,-1,1886,8013,3962,1410,1410,1410,8034,4007,0,1410,1410,1410,No
220000,Female,1,2,30,0,0,0,0,0,0,91178,99541,74718,64087,72992,74646,10128,10000,5000,10000,3000,10000,No
230000,Female,1,2,32,1,2,2,2,0,0,205498,210424,212979,207759,212014,225246,10000,7598,0,8000,17000,0,Yes
500000,Female,2,2,27,0,0,0,0,0,0,196931,138247,96888,16476,12534,394163,5188,3417,3000,1276,388071,11700,No
50000,Male,3,1,36,0,0,0,-1,-1,-2,10849,3701,4600,2300,0,0,1101,1000,2300,0,0,0,No
500000,Female,1,1,49,0,0,0,0,0,0,435737,421983,414453,422168,423674,413326,20157,13670,13596,14454,33720,12284,No
30000,Female,2,1,22,-1,-1,-2,-1,0,0,4476,5814,5254,15570,10117,1875,5841,5280,15587,325,0,1400,Yes
80000,Male,1,2,27,-1,-1,-1,-2,-2,-2,1300,179,0,0,0,0,179,0,0,0,0,0,No
40000,Female,1,2,23,-1,-1,2,0,0,0,32346,35595,34113,35513,36513,35956,4082,0,2000,1000,500,0,No
500000,Female,2,1,37,0,0,0,0,0,-1,156951,115610,81334,78637,36993,22089,20167,2114,1751,5132,22197,156937,No
30000,Male,2,1,29,0,0,0,0,0,-2,29852,30348,31570,32661,0,0,1600,1738,1829,0,0,0,No
90000,Female,1,2,28,0,0,0,0,0,0,62062,62617,57990,51537,52486,48483,2971,2168,1686,1878,1611,1334,No
20000,Male,2,1,35,0,0,0,0,0,-1,20139,19067,19787,19682,7468,2312,1480,1200,394,210,5546,0,Yes
60000,Male,2,2,22,1,3,2,0,0,0,25300,23150,20999,21423,19049,18282,0,0,1000,1000,1000,1000,No
500000,Male,1,2,32,0,0,0,0,0,0,208603,211340,166739,166464,168722,170299,8444,8009,5301,5220,5419,5313,No
70000,Male,1,1,40,1,2,2,2,2,2,12026,13531,13017,14299,13927,15692,2000,0,1500,0,2000,0,No
180000,Female,1,2,26,-1,-1,-1,-1,-1,-1,873,7233,2701,1900,45517,9451,7233,2701,1900,45517,9451,5795,No
450000,Female,1,2,38,0,-1,-1,-1,-1,-2,1414,1080,97,1749,0,0,1080,97,1749,0,0,0,Yes
220000,Male,2,2,35,1,-2,-1,0,0,-1,0,0,81677,46177,3308,2912,0,220230,7308,0,2912,0,No
20000,Female,2,2,45,1,1,-1,0,-1,-1,4516,-630,18976,8005,3034,9287,700,21400,1005,3034,9287,85,No
170000,Female,2,1,50,-1,-1,-1,-1,-1,-1,79210,660,15360,891,13460,32136,660,15360,891,13460,32136,0,No
110000,Male,1,1,48,0,0,0,0,0,0,73472,75431,76296,77260,72907,63104,3139,2529,2348,2308,2180,1687,No
70000,Male,2,1,45,0,0,0,0,0,0,43050,43410,36226,29369,25873,26101,1888,1225,856,6000,1097,604,No
290000,Male,5,1,38,-2,-2,-2,-2,-2,-2,555,0,0,0,0,0,0,0,0,0,0,0,No
50000,Female,1,2,23,-1,-1,-1,-1,0,-1,1050,1050,974,1224,1224,1025,1050,974,1300,1050,1025,1050,No
160000,Female,2,2,32,0,0,0,0,0,0,156098,156259,155404,153234,156731,155818,6000,6000,5600,6000,6000,5500,No
360000,Female,2,1,37,-1,0,0,0,0,0,725,1172,1619,1266,1212,1324,1002,1002,202,501,502,501,Yes
200000,Female,3,2,29,0,0,-2,-2,-2,-2,98700,0,0,0,0,-3500,0,1000,0,0,0,3976,No
200000,Male,2,1,38,0,0,0,0,0,0,8565,86497,138640,75983,44160,34671,85000,60000,3500,2000,2000,2000,No
100000,Male,2,2,29,-1,-1,-1,0,-1,-1,2494,1999,6632,6150,10122,2689,2005,6633,18,10152,2697,3607,No
70000,Male,2,2,48,-1,-1,-1,-1,-1,-1,193,188,299,829,338,865,188,299,829,338,865,833,No
60000,Female,2,1,23,2,2,0,0,0,0,63143,59608,59182,27882,24574,22330,0,1478,2000,1000,3000,2000,No
170000,Female,2,1,43,0,0,0,0,0,0,51054,52127,52651,53851,53095,54316,2489,2000,2048,1927,2104,2071,No
50000,Male,1,2,25,0,0,0,0,0,0,40181,66569,19281,18679,12980,8592,1500,2400,5700,8000,3062,1000,Yes
360000,Male,2,1,28,0,0,0,-2,-1,-1,207571,182384,161295,199803,198614,2383,6114,4899,202074,200395,2383,98668,No
210000,Male,2,2,24,0,0,0,0,0,0,40985,41028,42041,42842,43757,45403,1987,2000,1800,1757,2533,2030,Yes
20000,Female,3,2,30,-1,-1,-1,0,0,0,390,286,9457,10311,10374,10692,286,9847,1000,1000,500,442,No
460000,Female,3,1,57,-2,-2,-2,-2,-2,-2,7516,23485,7398,6143,9634,9581,23524,7409,12286,9634,9581,38354,No
30000,Female,1,2,22,1,2,2,0,0,0,25229,25533,24441,24441,11255,0,1000,0,0,0,0,0,Yes
30000,Female,1,2,26,0,0,0,0,0,-1,9417,4638,3617,3787,4820,914,3150,1000,1200,2000,914,7311,No
20000,Male,2,1,33,1,2,0,0,3,2,18139,17559,18662,21345,20721,20836,0,1400,3000,0,600,0,Yes
150000,Male,1,2,32,2,2,-2,-2,-2,-2,3354,-18,-18,-18,-18,-18,0,0,0,0,0,0,Yes
200000,Male,2,1,27,0,0,0,0,0,0,112133,116017,119576,121954,124517,127441,5693,7000,4362,4525,5000,5000,No
110000,Female,2,1,48,1,-2,-2,-2,-2,-2,0,0,0,0,0,0,0,0,0,0,0,0,No
400000,Female,1,2,32,1,2,2,2,2,2,29864,29104,31379,27969,9513,1346,0,3000,0,1000,0,10025,Yes
50000,Male,2,2,25,1,2,0,0,-1,0,11023,9497,4273,0,6805,5554,14,1000,0,6805,2000,3782,No
100000,Female,1,1,28,0,0,0,0,0,0,106203,108327,106142,102449,100212,102674,8000,5300,3605,3500,4100,3000,No
120000,Male,1,1,34,2,2,2,2,2,0,118096,120455,116061,116959,112050,111153,12000,0,9500,0,4100,5000,Yes
220000,Female,1,1,43,-1,3,2,0,0,0,1090,1257,1090,1090,1090,0,167,0,0,0,0,0,Yes
100000,Female,2,1,40,0,0,0,0,0,0,90828,83479,73749,68512,72518,65890,3523,3025,2344,5000,3000,2000,No
410000,Female,1,1,35,-1,-1,-2,-2,-2,-1,99687,0,0,0,0,18000,0,0,0,0,18000,0,No
50000,Female,2,1,28,1,2,0,0,2,0,5490,4471,5570,6676,5235,3728,0,1200,1308,0,500,1000,No
50000,Male,1,2,26,0,0,0,0,0,0,50947,23750,11105,5960,5220,3024,3432,1071,158,500,400,337,No
90000,Female,3,1,33,2,2,2,2,2,2,75619,77116,78252,78470,81056,82572,3300,3000,2100,4000,3001,3100,No
260000,Male,1,2,30,-2,-2,-2,-2,-2,-2,-7,-7,-7,1544,-43,-43,0,0,1551,0,0,0,No
70000,Female,1,2,24,0,0,2,0,0,0,8244,10569,8159,8241,9103,9361,2500,0,1000,1000,409,1000,No
130000,Male,2,1,53,2,2,2,0,0,0,109994,125138,114344,96995,100086,92344,17100,17,4000,5000,4000,4000,Yes
120000,Female,3,1,43,1,2,-1,-1,-1,-2,2057,1722,716,926,0,0,524,716,926,0,0,485,No
50000,Female,2,2,32,0,0,0,0,0,0,49138,49718,49437,40186,19179,16043,2250,1900,1800,700,1000,1000,Yes
500000,Female,1,2,28,0,0,0,0,0,0,5392,6038,6972,7037,7603,10602,1502,1502,502,1003,10024,40060,No
320000,Male,2,2,32,1,2,2,2,2,2,114180,115491,109226,111673,111053,105999,5012,11,7013,4014,57,5031,No
380000,Male,1,1,39,1,-2,-2,-2,-2,-2,0,0,0,0,0,0,0,0,0,0,0,0,Yes
70000,Male,2,1,45,0,0,0,0,0,0,31218,32321,41713,42233,43288,46001,1608,10000,1511,1735,3600,0,Yes
120000,Female,1,1,32,-1,-1,-1,-1,-1,2,3556,326,326,476,802,326,652,326,476,802,0,326,Yes
80000,Female,3,1,52,1,-1,-1,-1,-1,-1,0,2583,3001,21306,5051,2450,2583,3001,21306,5051,2450,0,Yes
220000,Male,1,2,25,1,2,0,0,0,0,222737,216397,207870,172612,166705,166192,0,7109,6050,6000,9111,6171,No
20000,Male,2,2,34,0,0,0,0,-1,0,15494,11950,11292,10790,780,780,1488,1220,608,780,0,0,No
50000,Male,2,1,39,0,0,0,0,0,0,46410,48710,8108,7358,3098,0,5000,2001,2000,0,0,0,No
120000,Female,2,1,34,-1,-1,-1,-1,0,0,326,499,1870,652,326,0,499,1870,652,0,0,1705,No
50000,Female,1,2,30,-1,-1,-1,-1,-1,-1,14855,7468,12372,14029,14298,16496,7468,12534,14031,14298,16496,600,No
80000,Female,1,2,24,0,0,0,0,0,0,81111,67891,56993,42663,43136,43676,3000,7139,6000,1694,2000,3000,No
130000,Male,2,2,28,0,0,0,0,0,0,119513,121776,122440,125189,127644,74295,6000,4500,5100,5365,2846,2600,No
450000,Male,1,3,37,-2,-2,-2,-2,-2,-2,324,302,5018,317,1614,324,303,5041,1,1622,325,316,No
80000,Male,2,2,27,2,0,0,0,0,3,56789,58276,60102,61423,72197,71003,2400,3000,2500,11576,39,38,Yes
100000,Female,3,1,39,0,0,0,0,0,-1,4247,4097,6314,3410,1396,1640,1283,2500,1500,1000,1700,300,No
260000,Female,2,1,43,2,2,2,2,2,2,2500,2500,2500,2500,2500,2500,0,0,0,0,0,0,Yes
200000,Female,1,2,30,0,0,0,0,0,0,74961,69702,63210,57098,46455,38265,2513,1656,5000,20000,15000,14000,No
260000,Female,2,1,40,-2,-2,-2,-2,-2,-2,209,217,613,2339,1474,1254,217,613,2339,0,1254,431,No
470000,Male,3,2,37,2,0,0,0,0,0,499024,494290,470617,398523,389927,381295,20600,19000,14000,13600,13600,13500,Yes
100000,Female,2,1,41,0,0,0,0,0,2,76828,77371,85154,84914,83097,1308,4000,10200,2100,2850,0,72375,No
360000,Male,1,2,31,-1,-1,-1,-2,-1,-1,509,1350,0,0,1713,4819,1363,0,0,1713,4819,6439,Yes
50000,Male,2,2,24,0,0,0,0,0,0,42025,37828,6382,6284,6681,6813,1500,2000,1000,500,243,256,No
20000,Female,2,1,23,0,0,0,0,0,0,18774,18608,18312,18474,18074,19618,1700,1577,2000,808,2000,2000,No
360000,Female,2,2,34,1,-2,-2,-2,-2,-2,0,0,0,0,0,0,0,0,0,0,0,0,Yes
190000,Male,1,2,31,0,0,0,0,0,0,182396,187565,188334,182889,81409,85059,8300,5302,6037,3500,5000,4000,No
180000,Female,2,2,34,0,0,0,0,0,0,59076,50505,38547,63249,51437,45279,3000,3000,33000,2000,2000,2000,No
220000,Female,2,1,35,0,0,0,0,0,-1,228754,227903,93311,67900,64150,6000,10626,3600,3100,4000,6000,0,No
200000,Male,3,1,34,0,0,0,0,0,0,75420,73548,47100,27112,21220,15719,3015,1903,10033,949,10078,92757,No
150000,Female,2,2,29,-1,-1,-1,-2,-1,-1,1739,1984,112,0,3865,5562,1984,112,0,3865,5575,10963,No
240000,Male,2,1,41,0,0,0,0,0,0,22165,21292,16469,13737,9071,177268,7002,3002,5002,3009,177004,5452,Yes
340000,Female,2,2,28,0,0,0,0,0,0,329096,259604,231178,201471,181740,140088,10025,7007,7865,5795,5000,4000,No
100000,Female,2,2,26,-1,0,0,0,0,0,53743,52320,46686,44497,44674,42653,3000,2500,3000,2000,5000,2600,No
80000,Male,3,1,29,0,0,0,0,0,0,42488,43805,45126,45775,48033,56981,2000,2051,1700,3000,10000,2200,No
210000,Male,1,1,40,0,0,0,0,0,0,60183,63035,70237,70228,67289,85008,10000,10000,10000,2576,20000,10000,No
300000,Female,2,1,38,-1,-1,-1,-1,0,0,5848,24718,45114,16949,9537,0,24718,45533,17136,0,0,0,No
220000,Female,3,1,37,-1,-1,2,-1,-1,-1,200,400,200,200,350,350,400,0,200,350,350,200,Yes
250000,Female,1,2,50,1,-2,-1,-1,-1,-1,0,0,138,946,377,0,0,138,946,377,0,0,No
170000,Male,1,2,27,2,0,0,0,2,2,46899,45809,44572,43211,41394,37958,2732,2578,2300,2000,1200,0,No
160000,Female,2,2,34,0,0,0,0,0,0,57287,12226,13962,14844,15716,131874,1264,2000,1000,1000,116425,4500,No
110000,Male,2,2,24,0,0,0,0,0,0,105927,65575,66495,67415,68538,78911,2375,2395,2397,2583,12000,2583,No
60000,Female,1,2,25,-2,-1,-1,-1,-1,-1,564,2035,2175,3528,10260,6378,2045,2175,3528,10260,6378,6869,No
290000,Female,2,2,29,-2,-1,-1,-1,-1,-1,0,1591,0,302,390,1278,1591,0,302,390,1278,0,No
240000,Female,3,2,33,0,0,0,0,0,0,221960,223205,226399,203561,205730,199631,9500,10000,7100,7500,7990,7000,No
30000,Female,2,2,23,4,3,2,2,2,2,28607,27868,28312,28747,29439,29909,0,1200,1200,1300,1100,0,No
490000,Male,1,1,45,-1,-1,-1,-1,-1,-1,9763,7059,5606,3136,3353,12336,7059,6000,3136,3353,12336,1493,Yes
20000,Male,3,2,43,1,-1,2,0,0,0,-20,780,780,1560,780,0,800,0,0,0,0,0,No
260000,Male,1,2,34,0,0,0,0,-2,-2,254332,257628,161545,0,0,0,11710,7503,0,0,0,195603,No
210000,Female,1,2,32,-1,2,-1,-1,-1,-1,552,276,381,404,943,1909,0,381,404,943,1909,465,No
300000,Female,1,1,47,-2,-2,-1,-1,-1,-1,3289,5189,7128,5916,9634,0,5189,7128,5923,9634,0,6485,No
40000,Male,2,1,42,-1,-1,-1,-1,-2,-2,780,0,780,0,0,0,0,780,0,0,0,0,No
500000,Male,1,2,37,-1,-1,-1,-1,-1,-1,3214,0,3030,1167,2255,0,0,3030,1167,2255,0,0,No
260000,Female,1,2,30,2,-1,-1,-1,-1,-1,1196,1563,1443,1443,1443,1443,2000,1500,1443,1443,1443,3943,No
90000,Female,2,1,37,0,0,0,0,0,0,85220,86745,71536,72964,64487,65845,3000,3000,2411,2294,2383,2285,Yes
20000,Male,2,2,25,-2,-2,-2,-2,-2,-2,0,0,0,0,0,0,0,0,0,0,0,0,No
270000,Female,1,2,31,0,0,0,0,0,0,167428,168827,148031,92943,94464,92899,6155,5382,3270,3377,3329,3553,Yes
100000,Male,2,1,42,0,0,2,2,0,0,58392,61562,61392,59619,59814,58571,5500,2000,2,2007,2225,1947,No
350000,Male,1,2,31,0,-1,-1,-2,-2,-2,51900,1000,0,0,0,0,1000,0,0,0,0,0,No
200000,Male,2,1,39,-1,-1,2,-1,0,0,162,1879,1707,617,620,0,1879,8,617,3,0,0,No
30000,Female,2,2,39,1,2,0,0,0,0,26981,26264,27240,27440,28000,0,0,1500,600,560,0,15225,No
20000,Female,2,2,23,-1,-1,-1,-1,-1,-1,390,390,390,390,390,390,390,390,390,390,390,390,No
240000,Female,1,2,29,-1,-1,-1,-1,-1,-1,1356,326,326,326,476,326,326,326,326,476,326,3926,No
80000,Female,1,1,44,0,0,0,0,0,0,68677,68947,67025,64850,63658,63005,3152,2873,2380,2401,2492,2073,No
160000,Male,1,2,29,-1,-1,-2,-2,-2,-2,2275,0,0,0,0,0,0,0,0,0,0,0,No
50000,Female,2,2,31,-1,-1,-1,-1,-1,-1,422,1334,3962,0,660,1840,1532,3962,0,660,1840,0,Yes
80000,Female,3,1,45,-1,-1,-1,2,2,3,2516,0,1890,1712,4180,3820,0,1890,0,2523,0,0,No
90000,Female,2,1,39,-1,-1,-1,-1,-1,-1,27571,337,3734,-45,1905,22636,337,3740,38,1950,22636,0,No
50000,Female,2,1,43,1,2,0,0,2,2,43791,42809,45085,48020,47120,50319,0,3000,4000,0,4000,2000,No
150000,Female,2,2,23,0,0,0,0,0,0,146480,147880,146958,147218,146817,103651,6380,4570,4500,5000,3300,1300,Yes
50000,Female,2,1,39,1,-2,-2,-1,-1,-1,0,0,0,2219,390,390,0,0,2219,390,390,390,No
500000,Female,2,2,39,-1,0,-1,-1,-1,2,17749,22130,42532,-118,67910,54976,10106,42744,0,68445,42,1232,No
200000,Female,1,2,28,-1,-1,-1,-1,-1,-1,326,326,326,326,326,326,326,326,326,326,326,326,No
90000,Female,1,2,27,0,0,0,0,0,0,25118,26128,25248,26386,24171,25607,1440,1500,1500,2000,2000,2000,No
100000,Female,2,2,39,0,0,0,0,0,0,100224,101236,101125,96765,99823,96165,4000,3544,3519,5000,3500,4000,No
600000,Female,2,1,46,-2,-2,-2,-2,-2,-2,2585,1649,3474,1952,2182,2305,1652,3480,1957,2186,2310,7511,No
20000,Male,2,2,22,-1,2,-1,0,0,0,2880,1435,1170,780,390,0,0,1170,0,0,0,780,No
60000,Female,1,1,37,0,0,0,0,0,2,37934,39020,40071,41098,43536,44670,2000,2000,2000,3100,2000,0,No
180000,Female,3,3,40,0,0,0,0,0,0,30712,27597,25427,21230,17357,13303,1774,3000,892,1000,620,440,No
290000,Female,1,1,29,0,0,0,0,0,0,232319,109791,106730,93882,91746,76547,5071,4539,3000,3500,3856,3000,No
230000,Female,3,1,32,-1,-1,-1,-1,-1,-2,8756,930,8400,1900,0,9198,930,8485,1900,0,9198,0,No
180000,Female,2,2,34,0,0,0,0,0,0,115700,119834,121342,124337,127181,130147,6000,5000,5000,5000,6000,5000,No
150000,Male,1,2,30,-1,-1,-1,0,-1,-1,3415,2419,1541,1345,23018,1989,2425,1541,4,23087,1996,4010,No
140000,Female,1,2,36,-1,-1,-1,0,0,-1,780,177,1170,390,0,930,177,1170,0,0,930,0,No
500000,Female,1,2,41,-1,-1,-1,-1,-1,-1,2345,3595,1537,360,0,785,3595,1537,363,0,785,0,Yes
20000,Male,3,1,36,0,0,0,-1,-1,-1,6620,7114,3948,18838,-71,8929,2151,3600,20044,65,9000,5203,No
150000,Male,1,2,23,-1,-1,-1,-1,-1,-1,1389,7139,813,3028,5264,208,7139,813,3032,5264,208,3538,No
10000,Male,2,1,58,2,2,2,2,2,0,8857,9964,9654,10348,10044,10009,1400,0,1000,0,515,344,Yes
260000,Female,1,1,37,-1,-1,-1,-1,-1,-1,2644,268,157,1484,307,157,268,157,1484,307,157,438,No
10000,Female,5,2,24,-1,0,0,0,0,-2,5742,4576,4139,2583,0,0,1500,2000,583,0,0,0,No
210000,Female,1,2,37,-1,-1,-1,0,-1,-1,10128,19631,23906,373,3073,7418,19631,23906,0,3073,7418,11894,No
180000,Male,1,2,31,-2,-2,-2,-2,-2,-2,2930,3300,2860,4216,2609,9609,3300,2860,4216,2609,9700,6525,No
40000,Male,2,2,31,0,0,0,0,0,0,37408,37681,37987,37100,37098,37846,1931,1888,1458,1489,1510,1505,No
180000,Female,2,1,38,0,0,0,-2,-2,-2,9705,2170,0,0,0,0,1000,0,0,0,0,0,No
250000,Female,2,1,39,-1,-1,-1,-1,-1,-1,8040,8099,45964,6496,11108,3321,8099,46224,6496,11108,3321,7154,No
50000,Male,2,2,23,0,0,0,0,0,0,45256,41608,36554,19367,19705,19696,2161,1621,1000,1000,1000,1000,No
240000,Female,1,2,30,-2,-2,-2,-2,-2,-2,0,0,9625,8864,9248,23353,0,9625,0,9248,23353,1205,No
180000,Female,1,1,33,-1,-1,-1,-1,-1,-1,3060,2337,766,316,4356,316,2337,766,316,4356,316,716,No
300000,Male,1,2,33,-1,-1,-1,-1,-1,-1,4499,0,2299,900,1400,0,0,2299,900,1400,0,200,No
300000,Female,2,2,32,0,0,0,0,0,0,192727,194694,188465,189094,179211,87266,8000,8001,5000,4030,4551,20000,No
140000,Male,1,1,35,1,2,0,0,2,2,91296,88979,97448,105795,103988,110769,0,10000,10000,0,8500,4100,No
20000,Female,1,2,25,0,0,0,0,0,0,15465,16489,17509,17856,18270,18967,1280,1300,637,700,1000,1600,No
290000,Male,2,1,36,-1,-1,-1,-1,-1,-1,16082,27310,12811,11111,24586,11992,27411,12821,11111,24586,11992,12772,No
70000,Male,2,1,37,0,0,0,2,2,2,67573,68884,70511,48772,27026,26056,3000,3500,0,2200,0,1000,Yes
60000,Female,3,2,26,0,0,0,0,0,0,58643,47548,48491,28518,29157,30073,2100,2000,1000,959,1300,500,No
340000,Female,2,1,31,-1,-1,-1,-1,-1,-1,18495,1609,17707,31778,46063,43101,1611,17709,31780,47056,43117,46771,No
50000,Female,1,1,34,-2,-2,-2,-2,-2,-2,51400,0,0,0,0,0,0,0,0,0,0,0,No
150000,Male,2,2,29,0,0,0,0,0,0,71593,71123,29040,106509,85608,86191,3060,1531,80000,3101,4000,2438,No
180000,Female,1,2,28,0,0,0,0,0,2,90874,79901,82451,83201,77081,74441,3000,3900,3400,5600,0,2600,No
50000,Female,2,2,30,0,0,0,0,0,0,48779,50097,50313,10264,10082,9899,2400,1700,348,354,362,320,No
140000,Female,1,1,33,0,0,0,0,0,0,55222,54293,53294,51558,52800,51806,2510,2450,1676,1900,1826,3968,Yes
190000,Female,2,1,45,2,0,0,0,0,0,140329,128107,131132,96083,97453,99426,6800,7000,3585,3700,3754,7900,No
140000,Female,1,2,26,0,0,0,0,0,0,84151,87784,90424,92022,95377,98237,5000,5000,4000,5000,5000,5000,No
50000,Male,2,2,34,1,2,0,0,0,2,50940,48429,23091,10202,10476,10161,0,2000,500,1200,0,500,No
360000,Male,2,1,47,0,-1,-1,-1,-1,-1,8289,389,389,389,389,389,390,390,390,390,390,375,No
160000,Female,5,2,40,0,0,0,0,0,0,147977,149890,124283,123733,123275,122624,6000,4370,4400,4470,4420,6350,No
180000,Male,2,2,30,0,0,0,2,0,0,40735,36337,36882,34000,34798,35488,1581,4626,0,1500,1419,1400,Yes
200000,Female,2,1,39,-1,2,-1,-1,-1,-1,3603,272,5881,0,3331,0,0,5881,20,3331,0,8447,No
90000,Female,2,2,29,0,0,2,0,0,0,83158,91759,88487,88201,87219,86803,12128,0,3301,3136,3156,3244,No
50000,Male,3,2,34,0,0,0,2,0,0,9110,10454,12274,11780,14578,18309,1500,2000,0,3000,4000,0,No
280000,Male,2,2,45,0,0,-1,0,0,0,170678,26031,191493,136249,111454,96425,7000,208141,5003,5002,5000,3000,No
140000,Female,2,1,25,0,0,0,0,0,0,140876,48005,13650,12371,12511,10697,3600,4015,600,500,800,119,No
200000,Male,1,2,38,-2,-2,-2,-2,-2,-2,0,0,0,0,0,0,0,0,0,0,0,0,No
20000,Male,3,1,29,0,0,0,-2,-2,-2,11136,20649,-1001,-1,-1,-1,10000,0,1000,0,0,0,No
120000,Female,2,2,28,-1,-1,-1,-1,-1,-1,4174,3821,1113,390,390,14613,3821,1113,390,390,14613,770,No
130000,Male,3,1,54,3,3,2,0,0,0,131139,132596,127906,86109,81941,84545,6000,0,3029,4000,5000,3300,No
150000,Male,3,2,32,0,0,0,0,0,0,148352,151267,143254,137379,35290,1200,5210,5212,4610,706,1200,0,No
10000,Female,1,1,37,0,0,0,0,0,0,7600,8473,8793,9106,7792,7500,3000,3000,3014,3000,3000,7589,No
200000,Male,2,2,58,0,0,0,0,0,0,105836,108055,110258,112451,115090,117064,3923,4001,4025,4451,4167,3527,No
480000,Male,2,1,44,-2,-1,-1,-1,-1,-1,21149,1729,20468,-16,3109,18216,1743,20690,0,3125,18307,524,No
80000,Female,3,2,39,0,-1,-1,-1,-1,0,4285,1866,5256,4451,9937,13102,1866,5256,4451,9937,9000,22000,No
200000,Male,2,2,31,0,0,0,0,0,0,173103,176817,180416,184018,188151,199766,6500,6546,6600,7100,15000,0,No
50000,Female,2,1,40,1,2,2,2,2,0,37458,38514,30266,30897,30050,24651,2010,0,2000,0,2000,2000,No
130000,Female,3,1,32,-1,-1,-1,0,0,-1,326,326,4058,5732,7406,4124,326,4058,2000,2000,4124,326,Yes
200000,Male,2,1,28,2,2,7,7,7,7,2443,2443,2443,2443,2443,2443,0,0,0,0,0,0,Yes
170000,Male,1,1,36,0,0,0,0,2,-1,82898,80400,29253,29196,22400,3605,10000,1400,2500,0,3605,0,No
150000,Male,1,1,46,0,0,0,0,0,0,97832,98403,99263,100920,86781,71408,4555,3500,3300,3027,3000,2700,No
270000,Female,2,1,65,1,-1,-1,-1,-1,0,0,2521,5145,8422,6374,1566,2521,5184,8422,6374,0,1429,No
130000,Male,2,2,26,2,2,0,0,0,0,134836,128038,126862,97925,100484,54125,0,5000,3500,4055,10000,50000,Yes
120000,Male,2,2,34,-2,-2,-2,-1,-1,-1,67,0,0,222,836,1259,0,0,222,836,1259,2797,No
140000,Male,1,1,43,-1,-1,-1,-1,-1,-1,1872,1249,1872,1453,1453,1034,1249,1872,1453,1453,1034,1872,No
360000,Female,1,2,35,0,0,-1,0,0,-2,6392,3773,17917,21057,0,0,3000,18117,5371,0,0,0,No
50000,Male,2,2,24,0,0,0,2,0,0,15519,19520,21103,20101,20402,20132,5000,2300,0,1000,2000,1000,No
30000,Female,2,1,31,-1,2,2,3,2,2,699,309,-471,1479,1320,930,0,0,1950,0,390,0,Yes
30000,Male,3,2,26,1,-1,2,0,-1,-1,-857,29237,1170,780,10500,0,30484,0,0,10500,0,0,No
150000,Female,1,1,42,-1,2,2,-1,0,-1,496,1188,940,965,965,726,940,0,965,0,726,0,No
50000,Male,3,1,58,0,0,0,-2,-2,-1,50456,51400,0,0,0,10400,2400,0,0,0,10400,0,No
10000,Female,2,1,22,0,0,0,0,0,0,8730,8523,9527,9713,9762,10312,1303,1307,493,354,712,0,No
60000,Male,3,2,26,1,2,0,0,0,0,61966,60308,47536,17079,18219,19542,0,5021,5000,2000,2000,1720,No
200000,Female,2,2,28,0,0,0,0,0,0,63314,64699,66029,66836,68390,69800,3000,3000,2500,2632,2700,3500,No
50000,Male,3,2,46,0,0,0,0,0,0,50297,46613,46666,20162,19864,19680,1852,4050,676,730,866,3000,Yes
10000,Female,2,1,23,1,3,2,2,2,0,11640,10685,9730,11645,10702,10392,0,0,3000,0,500,1000,No
310000,Female,1,2,44,-1,-1,-1,0,0,-1,11983,7759,16799,32372,6680,4732,7797,16818,20313,1006,4739,6615,No
170000,Male,2,2,29,-1,-1,0,-1,-1,-1,3362,64602,18070,910,9080,4839,64612,4000,910,9080,4839,5130,No
310000,Male,2,1,34,-1,0,0,-1,-1,-1,63908,64224,4595,636,72955,-18,1867,1023,641,73319,0,150,No
20000,Male,1,1,50,0,0,-2,-2,-2,-2,9164,0,0,0,0,0,0,50000,0,1300,0,0,Yes
230000,Female,1,1,39,1,-2,-2,-2,-2,-2,0,0,0,0,0,0,0,0,0,0,0,0,Yes
260000,Female,1,2,28,0,0,0,0,0,0,39105,45868,44567,37437,41321,43970,8000,8000,9000,13000,12000,10000,No
110000,Female,2,2,59,2,0,0,0,0,0,89595,126322,59115,57149,54180,51796,2437,3804,1857,1840,1832,1648,No
210000,Female,1,2,30,1,-2,-2,-2,-2,-2,0,0,0,0,0,0,0,0,0,0,0,0,Yes
260000,Male,2,2,31,0,0,0,0,0,0,62446,54074,46407,38874,31324,24031,2000,2000,2000,2000,2000,72000,No
400000,Male,3,1,51,0,0,0,0,0,0,373702,343591,352484,338823,283288,185288,13000,15000,14000,11500,8000,7000,No
20000,Male,2,1,58,-1,-1,2,2,-1,-1,21116,21470,200,0,28740,1295,21654,0,0,28740,1565,0,No
180000,Male,2,2,26,3,2,2,0,0,2,129728,132185,126527,126407,131572,127154,6006,5,5008,10006,10,5004,No
30000,Male,3,2,44,2,2,2,0,0,0,28290,30728,29701,29121,29715,0,3600,0,600,594,0,0,No
50000,Female,2,1,34,0,0,0,0,0,0,40798,38937,34737,18702,15604,16333,2000,2000,1000,578,1000,1000,No
150000,Male,1,2,26,0,0,2,2,2,2,131490,145714,147332,149199,151978,148131,16441,5500,5800,5400,5000,0,No
30000,Female,1,2,23,4,4,3,2,3,2,29944,29399,28632,30363,29594,30932,206,0,2500,0,2000,0,No
500000,Male,1,1,40,2,2,2,0,0,2,267116,271396,265433,270868,285667,290318,10100,0,9932,19502,9600,10031,Yes
180000,Female,1,1,37,2,2,-2,-2,-2,-1,1310,0,0,0,0,1350,0,0,0,0,1350,1210,Yes
60000,Female,2,1,48,0,0,0,0,0,0,46578,39085,18628,19002,19715,18900,1308,1290,664,1003,693,759,Yes
200000,Female,1,1,30,1,-2,-2,-2,-2,-1,0,0,0,0,0,5659,0,0,0,0,5659,0,No
150000,Female,2,1,25,0,0,0,0,0,0,147476,140352,110722,98874,65258,58027,6640,4100,4000,2675,2500,1500,Yes
190000,Male,2,1,58,2,0,0,0,0,0,135184,139664,142293,113086,115433,117789,6586,5881,3292,3399,3469,5000,No
170000,Male,2,2,42,0,0,0,0,0,0,102141,100600,103156,94090,95922,99324,4002,5107,3600,3500,5000,3000,No
280000,Male,1,2,29,0,0,0,0,0,0,135056,130889,127768,130339,133035,135715,4547,4584,3647,3757,3799,3912,No
290000,Female,3,1,43,-1,-1,-1,-1,-1,-1,1994,390,390,390,390,780,390,390,390,390,780,568,No
240000,Male,2,1,44,0,0,0,0,0,0,21643,19743,20298,15475,15852,16208,1400,1300,1000,1000,1000,1000,No
110000,Female,2,1,24,0,0,0,0,0,2,42667,43734,43495,43504,45987,44274,2600,1667,1525,4000,0,3000,No
140000,Female,1,2,27,0,0,0,0,0,0,126785,129752,132554,268084,137061,129250,6500,6500,5000,5000,5568,3600,No
250000,Male,2,1,38,2,0,0,0,-1,-1,67788,22453,13683,22970,5409,4490,5080,5028,15127,8028,5021,6032,Yes
100000,Male,3,2,32,2,2,0,0,0,0,103540,98205,12605,10437,7920,7350,254,1418,250,306,524,23910,No
20000,Female,3,1,54,0,0,2,0,0,2,6268,8221,6997,8028,9510,8815,3000,0,3000,2000,0,5363,No
120000,Female,2,2,27,2,0,0,0,0,0,51244,51819,53375,54620,56170,57240,2000,2000,1700,2000,1700,1656,No
120000,Male,1,2,30,1,-2,-1,-1,-2,-2,0,0,1990,0,0,0,0,1990,0,0,0,0,No
130000,Female,2,2,25,1,2,2,2,0,0,4393,4178,10018,5353,5465,4559,0,6000,0,173,326,80,No
100000,Male,1,2,31,0,0,2,2,-1,-1,27163,29408,29395,28895,105,955,3000,1000,0,1000,1000,1000,No
70000,Female,2,1,34,2,2,2,2,2,2,16965,17398,18310,18611,18966,19403,1000,1500,900,800,900,2000,Yes
360000,Male,1,1,37,-1,-1,-1,-1,-1,-1,25078,20970,14407,6820,10099,7806,21006,14430,6820,10099,7806,7862,No
130000,Female,1,2,26,-2,-2,-2,-2,-2,-1,0,0,0,402,0,2054,0,0,402,0,2054,0,No
240000,Male,2,1,38,0,0,0,0,0,0,132090,143966,155632,162379,156655,157536,20030,20000,10070,10037,13137,10052,No
20000,Male,2,2,34,1,-2,-2,-2,-2,-1,0,0,0,0,0,8081,0,0,0,0,8081,0,Yes
60000,Female,1,1,43,-1,3,2,0,0,-1,495,330,495,330,165,340,0,330,0,0,340,0,No
50000,Female,2,2,29,0,0,0,0,0,0,45013,43995,39478,19865,19388,19792,2007,1358,680,845,871,1000,No
230000,Female,1,2,31,0,0,0,0,0,0,20356,21504,21729,23113,22936,23378,1676,1700,2007,1000,1000,1000,No
60000,Male,1,2,29,0,0,0,0,2,2,40851,41891,44788,47728,48617,49669,2000,3600,3700,1800,2000,0,No
100000,Male,2,1,42,0,0,0,0,0,0,100699,94528,89010,81545,75592,68715,3368,3995,2800,3267,2919,334,Yes
340000,Female,1,1,49,1,-2,-2,-1,-1,-1,-11,-11,-11,2894,0,530,0,0,2905,0,530,0,Yes
260000,Male,1,2,30,0,0,0,0,0,0,14096,15558,16986,17700,19401,21067,2000,2000,1000,2000,2000,2000,No
220000,Female,1,2,41,-1,-1,-2,-2,-2,-2,2500,0,0,0,0,0,0,0,0,0,0,0,No
130000,Female,1,2,27,-2,-2,-2,-2,-2,-2,5188,-26,3955,0,708,2773,0,3981,0,708,2773,860,No
300000,Male,1,2,29,0,0,0,0,0,0,298072,305851,245210,204845,190840,165498,13636,10633,7016,10058,7125,5035,No
50000,Male,3,1,47,1,2,0,0,0,0,66978,65198,48951,17744,36230,37128,0,2600,635,657,750,501,Yes
30000,Female,2,2,25,1,2,2,2,2,2,26568,27456,27915,27185,28806,28208,1600,1200,0,2200,0,2500,No
50000,Male,3,2,26,2,2,2,0,0,0,22578,23720,23046,23314,23801,24354,1800,0,950,862,947,814,No
200000,Female,3,1,42,0,0,0,0,2,-1,1554,1645,1408,1800,819,886,1345,1108,669,0,886,2415,No
360000,Male,2,1,32,0,0,0,-1,-1,0,7230,9835,8217,2963,15437,15722,5017,2041,2980,16038,8032,10095,No
50000,Male,2,2,23,0,0,0,0,0,-1,47038,51310,49956,19485,13925,15706,10020,2170,1200,4000,15706,10000,No
280000,Female,1,2,31,-2,-2,-2,-2,-2,-2,1558,0,940,0,699,0,0,940,0,699,0,399,No
50000,Female,1,2,43,0,0,0,0,0,0,42627,39610,26538,20818,19759,17907,1610,1279,687,690,671,506,No
140000,Female,2,1,37,1,-1,-1,0,0,-2,0,177,1460,1460,0,0,177,1460,0,0,0,0,Yes
120000,Female,1,2,33,2,0,0,0,0,0,18653,19844,20908,21560,22214,22845,1500,1400,1000,1000,1000,2000,Yes
20000,Male,2,2,30,0,0,0,0,0,0,20001,20041,20205,19998,20367,20399,1400,1290,694,869,2102,1214,No
130000,Female,1,2,30,3,2,2,0,0,0,8830,9533,10220,10353,10636,10711,1000,1000,600,600,400,600,Yes
60000,Female,2,2,29,0,0,0,0,0,0,54932,85672,41483,19394,18893,19043,1900,1572,1000,700,668,6000,Yes
360000,Female,1,2,50,-1,-1,-1,-1,-1,-1,11530,11753,0,2855,1730,0,11763,0,2855,1730,0,11150,No
360000,Male,1,2,32,0,0,0,0,0,0,26833,23626,20571,15423,15001,14917,1722,2636,1006,1003,1011,2003,No
260000,Female,3,1,41,0,0,0,2,2,0,137614,137133,134970,88806,86858,89970,5700,9000,4500,0,5000,3700,Yes
50000,Female,3,1,31,0,0,0,0,0,0,50612,43616,43339,29735,30360,29697,1879,1863,1042,1081,1081,1072,No
20000,Male,2,2,43,-1,-1,-1,-1,-1,-1,54,54,54,54,54,54,0,0,0,0,0,2966,Yes
80000,Male,1,1,34,0,0,2,2,2,0,73839,78934,76649,81845,80021,82334,6700,0,7500,0,4200,3000,Yes
210000,Female,1,2,30,-1,0,0,0,-1,0,1993,2722,2753,291,582,291,1062,1000,0,582,0,2682,Yes
500000,Male,2,2,30,0,0,-2,-2,-2,-2,380417,377866,-3634,-3634,-3634,-3634,9027,3634,0,1907,0,210000,No
50000,Male,2,1,31,0,0,0,0,0,0,51319,52214,50260,32502,27697,25940,5000,2300,1100,1000,1000,1500,Yes
30000,Female,2,2,27,2,0,0,-2,-2,-2,29810,1651,0,0,0,0,1000,0,0,0,0,0,No
260000,Male,2,1,38,-1,-1,-1,-1,-1,-1,17949,5693,28669,1207,2654,1441,5722,28811,1313,2667,1447,2588,No
200000,Male,1,1,40,-1,-1,-1,-1,-1,-1,4394,3366,9379,4253,4403,4326,3405,9436,4274,4424,4347,10741,No
290000,Female,2,2,41,-1,-1,-1,-1,-1,-1,6959,6891,980,4059,2473,3332,6891,980,4059,2473,3332,3203,No
30000,Male,2,2,27,0,0,0,0,0,0,10410,11431,12439,12530,12790,12891,1495,1503,594,610,462,478,No
260000,Female,2,3,38,-1,-1,-1,-1,-1,0,8000,8000,8000,8000,24406,18043,8000,8000,8000,24406,2000,389,No
500000,Male,2,1,33,0,0,0,0,0,0,88832,90687,84613,89944,80339,77214,6047,5016,10055,2513,3009,14542,No
180000,Female,2,2,35,-2,-2,-2,-1,-1,-2,0,0,0,2072,-28,-28,0,0,2072,0,0,0,No
450000,Female,1,2,40,-1,-1,-1,-1,-2,-2,9612,19253,6665,0,0,0,19293,6665,0,0,0,8768,No
110000,Male,3,2,24,0,0,0,0,0,0,78453,48208,8882,47695,48461,48903,1500,1900,40000,2000,1800,1400,No
340000,Male,1,2,29,0,0,0,0,0,0,191426,190339,148694,150872,149218,152598,8200,6500,6000,6000,6000,5000,No
20000,Female,2,2,22,-1,2,2,-1,-1,-1,496,496,-4,400,2800,17333,0,0,404,2800,17333,346,No
50000,Female,2,1,32,1,-2,-2,-2,-2,-2,0,0,0,0,0,0,0,0,0,0,0,0,Yes
140000,Female,3,1,35,0,0,0,0,0,0,46915,115681,110827,113078,98901,100466,70000,4130,4600,3600,3600,3708,No
50000,Female,2,2,40,-1,-1,-1,-2,-2,-2,15584,4377,0,0,0,0,4377,0,0,0,0,0,No
130000,Male,3,2,53,-1,-1,-1,-2,-2,-2,7477,6519,1403,5773,2464,2108,6540,1411,5790,2571,2214,4172,No
70000,Male,2,2,29,0,0,0,0,0,0,34449,35009,21307,8840,8131,7535,1600,1300,500,1000,1000,1500,Yes
40000,Female,1,2,24,-1,-1,-2,-2,-2,-2,19133,0,0,0,0,0,0,0,0,0,0,0,No
130000,Female,1,2,29,-1,-1,0,0,0,0,390,99235,98080,97224,97940,99170,99235,4368,3449,3713,3610,3531,No
70000,Female,2,1,40,0,0,0,0,0,0,43045,44088,45102,45861,47951,49252,2036,2050,1809,3000,2251,1627,No
250000,Male,1,2,30,0,0,0,0,0,0,6476,10023,12947,16095,23343,26028,5000,5000,4000,10000,4000,5000,No
150000,Female,5,1,25,2,0,0,0,0,0,156252,121999,28119,100540,88865,88526,3468,1867,92920,3578,3000,2200,No
300000,Male,2,2,31,0,0,0,0,0,0,285038,291480,298378,131103,128742,124882,12507,15056,5027,5007,5063,3039,No
20000,Male,2,2,24,-2,-2,-2,-2,-2,-1,-331,19398,1238,5300,0,16100,19729,1000,5300,0,16100,0,No
20000,Female,2,2,23,-1,0,0,0,0,0,6872,7805,8801,18601,18909,39156,1204,1200,10000,538,10000,600,No
20000,Female,1,2,24,2,2,0,0,0,2,14750,14229,16438,16770,17995,17556,0,2773,605,1500,0,1456,Yes
210000,Female,3,1,42,1,-1,-1,0,0,-1,0,1200,12466,16870,17741,13049,1200,12466,6004,6000,7282,9731,Yes
220000,Male,1,2,31,-2,-2,-2,-2,-2,-2,332,332,328,1024,1888,1132,333,329,1029,1897,1137,1499,No
300000,Male,1,2,32,-1,-1,-1,-1,-1,-1,2144,2085,2431,2198,14487,725,2085,2431,2198,14487,725,7818,No
120000,Male,1,2,38,0,0,0,0,0,-1,52234,39644,19920,9155,14155,3867,1575,1800,1500,14000,4000,2850,No
50000,Female,2,2,25,-1,2,0,0,0,0,6806,6552,7561,7712,7936,47743,0,1125,276,348,40000,1151,Yes
210000,Female,2,1,42,-1,-1,-1,-2,-2,-2,4221,336,0,0,0,0,336,0,0,0,0,0,No
170000,Female,2,2,56,-1,-1,-1,-1,-1,-1,4767,0,451,0,424,1482,0,451,0,424,1482,688,Yes
60000,Female,1,2,23,0,0,0,0,0,0,27369,27961,28509,28628,28785,28921,1466,1452,1009,1040,1048,856,No
20000,Male,2,1,41,2,2,3,2,2,2,17213,19041,18449,17857,18735,19277,2400,0,0,1320,1000,0,Yes
50000,Male,2,2,27,2,0,0,0,0,2,41932,38411,30659,30963,30505,28696,1600,1712,1016,2500,0,2848,Yes
180000,Female,3,1,43,1,-1,-1,-1,-2,-2,0,8016,1200,0,0,0,8016,1200,0,0,0,0,No
20000,Female,2,1,28,2,2,2,0,0,0,20574,21041,19055,15335,10812,6483,1100,0,550,288,400,0,Yes
310000,Female,1,2,32,1,-2,-1,0,0,-2,0,0,326,326,-235,-235,0,326,0,0,0,1200,No
130000,Male,3,1,48,0,0,2,-1,-1,-1,11926,18095,5552,3038,11094,8670,10840,3,3041,11202,8671,6485,No
160000,Female,2,2,25,0,0,0,0,0,0,153392,143297,140984,120742,115637,111354,8000,7000,5000,5000,5000,10500,No
500000,Female,1,2,33,0,0,0,0,0,0,48206,45445,43875,34003,33079,28257,2100,1800,1500,1500,2000,10200,No
20000,Male,2,2,29,0,0,0,0,0,0,18920,20302,19477,20210,20077,20022,1700,1300,1000,800,700,750,No
70000,Male,3,2,53,0,0,0,0,0,0,14054,15078,15787,16100,16437,16764,1554,1263,576,596,600,622,No
130000,Female,2,1,27,-1,-1,-1,-1,0,0,792,0,396,485,46773,47313,0,396,485,46684,1700,1712,No
310000,Female,2,1,40,0,0,0,0,0,0,180225,85799,103459,80237,74627,52057,10000,20000,10000,6000,5000,5000,No
20000,Female,3,2,25,-1,-1,-1,0,0,-2,12547,14699,900,900,0,0,14745,900,0,0,0,0,Yes
180000,Female,3,1,41,-1,-1,-1,-1,-2,-1,3600,5184,5719,0,0,7632,5184,5719,0,0,7632,0,No
50000,Female,2,1,39,0,0,0,0,2,0,10960,12030,13125,14104,13735,14307,1250,1300,1200,0,800,600,No
210000,Female,1,2,27,-1,-1,-1,-1,-1,-1,272,894,2168,762,660,3140,902,2168,762,660,3140,0,No
90000,Female,1,2,42,2,0,0,0,0,0,88346,85975,86302,67592,69518,68228,3500,3500,3000,3000,3000,2800,Yes
20000,Female,2,1,58,0,0,0,0,0,0,19698,19224,18690,17392,16408,16343,1315,1254,596,592,594,553,No
130000,Male,1,1,29,1,2,0,0,0,-1,162757,143233,130477,99119,101535,89883,5,6000,5000,5000,100207,1622,Yes
60000,Female,2,2,24,1,-2,-2,-2,-1,-1,0,0,0,0,150,560,0,0,0,150,560,1170,No
310000,Female,2,1,35,0,0,-1,0,0,-1,14332,8257,11505,17264,10919,3185,1041,11512,7271,5000,3215,15558,No
80000,Male,2,2,40,0,0,0,-1,-1,-1,81511,65605,62779,634,892,412,3200,3000,1000,1000,412,3542,No
200000,Female,2,1,40,-1,-1,-1,-1,0,-1,7261,32333,12610,7850,977,9205,32543,13587,7850,0,9205,0,No
180000,Male,1,2,27,0,0,0,0,0,0,94450,96632,99127,100581,102800,104931,4600,5000,4000,4000,4000,4200,No
200000,Female,1,1,34,1,-2,-2,-2,-2,-2,0,0,0,0,0,0,0,0,0,0,0,0,Yes
180000,Female,3,1,63,-1,-1,-2,-2,-2,-2,1344,0,0,0,0,0,0,0,0,0,0,0,Yes
10000,Male,2,2,23,0,0,-1,-1,0,0,17834,8511,1651,9984,10096,9847,1033,1651,9984,415,358,114,No
50000,Male,2,2,30,0,0,0,0,0,-1,51396,52908,7456,7608,7978,10400,2481,1000,152,370,11000,511,No
210000,Male,3,1,33,0,0,0,0,0,0,44249,45146,30089,30400,24236,22002,8130,3027,10018,6,66,4008,No
20000,Female,4,2,22,0,0,0,0,0,0,17576,17632,18385,18657,8539,0,1500,1200,1000,1000,0,0,No
50000,Male,2,2,31,0,0,0,0,0,-2,47709,47838,49597,43885,0,0,3007,5230,1927,0,0,0,No
290000,Male,1,2,43,0,0,0,0,0,0,197175,210932,217394,221950,228203,233974,17000,10000,10000,10000,10000,5000,No
360000,Female,1,2,37,0,0,0,0,0,-1,16600,19190,20384,23255,22495,380,3194,2384,3271,2509,381,2469,No
50000,Female,2,1,41,0,0,0,0,0,0,25395,26421,27741,27982,28589,29157,1440,1760,1001,1057,1063,5699,No
180000,Male,2,2,25,0,0,0,0,0,-1,4236,5230,6570,7192,6437,12499,2001,2000,1018,6154,12527,5016,No
200000,Female,2,1,44,1,-2,-2,-2,-2,-2,0,0,0,0,0,0,0,0,0,0,0,0,No
140000,Male,2,1,48,0,0,0,0,0,0,80740,82439,84125,85968,88679,99558,3000,3060,3241,4264,12400,0,No
60000,Female,2,2,34,0,0,0,0,0,0,59291,60720,59503,49305,28903,28577,3000,2267,1000,1100,1300,1025,No
50000,Male,2,2,28,0,0,0,0,0,0,17868,18028,38126,18690,19082,19505,1711,20809,668,692,740,632,No
130000,Female,2,2,27,-1,-1,-1,-1,-1,-1,390,390,390,390,390,380,390,390,390,390,380,400,No
20000,Male,1,2,23,0,0,0,0,0,0,8693,10045,11776,11776,10886,-1000,1500,2000,0,0,0,0,No
200000,Female,1,1,35,-1,2,-1,-1,-1,-1,1972,582,1891,0,1908,290,0,1891,0,1908,290,3100,Yes
10000,Male,3,2,41,2,2,2,0,0,2,3983,4764,5528,7420,8298,8019,1000,1000,2000,1000,0,1390,Yes
330000,Female,1,2,30,-1,-1,-2,-2,-2,-2,5014,59970,18585,13835,45476,25125,60207,18585,13835,45476,25125,21370,No
360000,Female,2,1,34,0,0,-1,-1,-2,-2,9561,5866,1297,0,0,0,1166,1297,0,0,0,444,No
230000,Female,2,1,46,-1,-1,-1,-1,-1,-1,3503,3354,858,5505,2263,10352,3970,858,5505,2263,10352,13000,No
140000,Male,2,1,37,-1,2,-1,0,-1,-1,2081,991,1982,991,1091,1420,0,1982,0,1091,1420,7351,Yes
50000,Male,1,1,38,-1,-1,-1,-1,-1,-1,2536,3147,8321,4453,4038,4764,3147,8321,4453,4038,4764,3662,No
170000,Male,1,2,29,1,-2,-2,-2,-1,-1,0,0,0,0,1015,0,0,0,0,1015,0,0,No
50000,Female,2,2,32,1,2,0,0,0,0,49340,48297,49255,8838,9011,9872,0,3000,1000,1000,1000,1000,No
290000,Female,1,1,35,-1,-1,-2,-2,-1,-1,703,-20,-20,-20,2663,-677,0,0,0,2800,0,0,Yes
140000,Male,1,2,43,0,0,0,0,0,0,138859,141393,135784,136258,137747,138593,5100,4779,6000,6000,6000,5200,Yes
170000,Male,1,2,27,0,0,0,0,0,0,127902,131631,133090,130937,134043,137023,5631,5090,4937,5043,5023,11939,No
390000,Female,2,1,31,0,0,0,0,0,-2,49667,33900,33545,16666,0,0,1700,17000,333,0,16666,13807,No
160000,Male,1,1,47,-2,-2,-2,-2,-2,-2,1562,1499,-3,-3,1274,0,1503,0,0,1277,0,0,No
20000,Female,2,1,37,4,3,2,0,0,0,20460,19860,19100,18500,18500,18500,0,0,0,0,0,4500,No
400000,Male,2,1,37,-1,-1,-1,-1,-1,-1,7011,9639,8102,8585,12633,20338,10000,8501,9003,13000,20500,11000,No
260000,Female,2,2,29,-2,-2,-2,-2,-2,-2,4400,942,1058,2106,2282,2531,942,1058,2106,2282,2531,0,No
260000,Female,3,1,52,0,0,0,0,0,0,207627,212821,214885,219204,223899,228279,8535,6430,6495,6849,6799,32430,No
240000,Male,1,2,48,1,3,4,3,2,0,180189,191054,192447,188156,183299,180090,15281,6000,0,0,9013,6183,No
230000,Female,2,1,38,-2,-2,-2,-2,-2,-2,12696,9883,2035,6337,3388,2132,9883,2035,6337,3388,2132,2204,No
50000,Male,2,1,45,-1,-1,-1,-1,-2,-2,4900,7222,3150,0,0,0,7222,3150,0,0,0,2977,No
400000,Male,1,2,37,-1,-1,-1,-1,-1,-1,1783,1251,629,0,303,219,1251,629,0,303,219,1640,No
30000,Male,2,1,31,0,0,0,0,0,0,29285,29390,30300,29463,29531,29901,1820,1730,1154,1034,1212,1054,No
300000,Male,1,2,37,0,0,0,0,0,0,52268,53440,54615,47146,47486,16937,3000,3011,582,602,627,587,No
100000,Female,1,2,24,-1,-1,2,-1,-1,2,7576,15532,7626,11896,15520,7156,15532,0,11896,11008,0,23164,No
130000,Male,1,2,26,0,-1,0,0,0,0,4417,93163,90056,69832,46645,11869,105072,5000,3000,12000,10000,3500,No
180000,Female,1,2,41,0,0,0,0,0,-2,6734,7752,8763,8938,8568,9357,1124,1135,310,378,1000,0,No
130000,Male,3,2,24,1,2,0,0,0,0,101767,41823,33740,17009,11580,0,12,1407,347,11,0,0,Yes
130000,Female,1,2,25,1,-2,-2,-2,-2,-2,0,0,0,0,0,0,0,0,0,0,0,0,No
50000,Female,2,1,57,-1,-1,-1,-2,-2,-2,173,274,0,0,0,0,274,0,0,0,0,2590,No
230000,Female,2,1,36,-2,-2,-2,-2,-2,-1,198,29430,22925,6120,6519,12051,29439,22993,6167,6519,12086,5948,Yes
140000,Male,3,1,35,0,0,0,-2,-2,-2,136324,138438,0,0,0,0,5407,0,0,0,0,0,No
60000,Male,2,2,30,0,-1,-1,-1,-1,0,41540,390,390,0,15666,15915,390,390,0,16056,1000,390,No
30000,Male,2,1,23,-1,-1,-1,-1,-1,-1,390,390,390,0,780,0,390,390,0,780,0,0,No
40000,Female,3,1,39,0,0,2,2,2,2,34378,37584,38072,37160,39628,40428,3768,1400,0,3081,1600,0,Yes
250000,Female,2,1,40,1,2,2,-2,-2,-1,7067,998,0,0,0,1604,4,0,0,0,1604,0,No
20000,Male,2,1,53,-2,-2,-2,-2,-2,-2,35419,31195,26849,23060,23060,-129,0,0,0,0,129,18143,No
210000,Female,2,2,29,0,0,0,0,0,0,86598,88304,90648,93164,94167,97672,4000,4000,4000,10000,5000,3000,No
380000,Male,1,2,33,-1,-1,-2,-2,-2,-2,2500,0,0,0,0,0,0,0,0,0,0,0,Yes
130000,Male,2,2,28,-1,-1,-1,-1,-2,-2,381,550,547,226,73,-121,551,548,226,105,89,0,No
80000,Female,2,1,49,0,0,0,0,0,0,79545,80932,22320,22765,23393,23470,3708,1364,809,989,930,1216,Yes
80000,Female,2,1,31,0,0,-1,0,-1,-1,3601,-876,6440,2802,1290,4547,9,9242,0,1290,4547,1850,Yes
220000,Female,2,3,50,0,0,0,0,0,0,127571,116768,55863,57079,51202,53195,5200,2000,2000,2000,3200,2001,No
50000,Female,2,1,24,0,0,0,0,0,0,37159,30814,27382,28081,28578,29450,1500,1500,1153,1100,1346,960,No
20000,Male,2,2,30,0,0,0,0,0,0,20027,18971,19339,19733,19799,10400,1395,1153,547,611,600,0,No
230000,Male,3,2,37,-1,0,0,0,-1,0,36571,35484,41862,21655,64645,44627,1700,10010,5000,64667,5003,3016,No
230000,Female,2,2,29,2,2,2,0,0,0,232044,236365,229553,190525,192974,186407,9500,0,6829,7300,7000,7000,Yes
60000,Female,2,2,24,1,-2,-1,-1,-2,-2,0,0,1668,844,200,2930,0,1668,844,1044,2930,3783,No
50000,Male,3,1,54,2,2,2,0,0,0,18691,21072,20039,20042,20097,20288,3000,0,700,750,900,692,Yes
130000,Male,3,1,40,-1,0,-1,-1,-2,-2,3015,2620,1330,0,0,0,1000,1330,0,0,0,0,No
20000,Female,2,2,27,0,0,-1,2,2,2,17304,0,26373,26644,26079,27941,0,26373,1000,0,2300,1200,No
440000,Female,2,2,31,0,0,0,0,0,-1,49803,25781,18400,10978,1175,32857,1390,4375,271,497,34255,1048,No
150000,Female,1,2,23,-1,-1,-1,-1,-1,-2,227,6686,11609,3234,1414,5281,6692,11609,3623,1414,5281,2822,No
410000,Male,2,2,42,-1,-1,-1,-1,0,-1,7114,8223,6557,16128,7539,5300,8309,6645,16141,0,5300,5600,No
320000,Male,2,1,32,0,0,0,0,0,0,43265,28007,24986,23844,20650,0,1528,3019,2022,2000,0,82600,No
30000,Male,2,2,26,0,0,0,0,2,0,26990,24706,25022,26405,25861,27778,4900,2000,2100,0,2500,1840,No
80000,Male,2,2,29,1,2,0,0,0,0,75234,76417,76916,51070,52727,54847,3007,5090,2001,3000,3000,3000,No
50000,Female,3,1,47,1,3,2,2,2,5,28164,27432,28668,29191,35551,34420,0,2000,1300,7000,0,0,Yes
140000,Female,1,2,52,-1,-1,-1,-1,-2,-2,1388,0,980,0,0,0,0,980,0,0,0,0,No
500000,Female,1,1,38,-1,-1,-1,-1,-1,-1,7789,9656,7477,8370,8890,6424,9666,7488,8370,8890,6424,21032,No
60000,Female,3,1,48,0,0,0,0,0,0,59063,53377,37418,37543,35447,35641,2000,1900,1500,1300,1300,1300,No
150000,Male,1,2,35,-1,-1,-2,-1,0,0,5888,0,0,11310,11310,0,0,0,11310,0,0,0,No
130000,Male,5,2,46,2,0,0,0,0,0,79705,59716,38343,37834,37429,36991,2475,1600,1300,1400,1400,2000,No
20000,Male,2,2,41,0,0,0,0,0,0,18577,18961,18126,16557,17519,17111,2000,2000,1000,3000,2000,3000,No
310000,Male,2,1,43,-1,-1,-1,-1,-1,-1,4943,2691,2060,2004,2503,814,2691,2060,2018,2505,816,3052,No
90000,Male,2,1,42,-1,-1,-2,-2,-2,-2,780,0,0,0,0,0,0,0,0,0,0,0,No
210000,Female,1,2,46,-1,-1,-1,0,0,-1,15655,3918,29881,24247,21664,1556,4854,30366,0,433,1556,14047,Yes
10000,Female,2,2,22,1,2,0,0,0,-2,7194,6934,8786,8014,0,0,0,2000,430,0,0,0,Yes
30000,Male,3,1,59,0,0,0,0,0,0,29272,29096,22088,21624,21833,18174,1404,1268,694,866,695,838,No
30000,Female,2,1,22,2,2,0,0,0,2,28574,14220,14188,7058,7976,7734,0,1230,1000,1000,0,2000,Yes
220000,Female,2,1,45,1,-1,0,-1,0,-1,0,6010,7069,43957,30693,13264,6010,1229,43957,614,13264,700,No
20000,Male,3,1,45,-1,2,0,0,0,0,1340,950,1560,1170,780,780,0,1000,0,0,0,0,Yes
300000,Male,1,1,30,-1,-1,-1,-1,-1,-1,649,949,1938,81,671,8067,949,1938,81,671,8067,1513,No
160000,Female,2,1,30,0,0,0,-2,-2,-2,5331,6020,1194,694,1800,186,1153,1202,694,1800,186,3573,No
10000,Male,2,2,25,0,0,0,0,0,0,5378,6482,7308,5736,6236,-764,1200,1000,115,500,180,5000,No
20000,Female,2,2,23,2,0,0,0,0,0,16235,17857,18862,18931,19624,20049,2200,1610,679,1000,900,599,Yes
50000,Female,2,1,30,0,0,0,0,0,0,43334,41935,14854,14125,12176,13827,1986,1040,1000,1000,3000,1000,No
130000,Female,1,2,26,-1,-1,2,0,0,0,10274,10750,8699,7199,5699,6275,2352,0,199,199,2275,1699,No
50000,Male,2,2,28,1,2,2,2,0,0,9500,7913,9572,9281,8835,9038,0,1800,0,400,350,400,Yes
500000,Male,1,1,44,-1,0,0,-2,-2,-2,35755,72000,0,0,0,0,40000,0,0,0,0,11621,No
340000,Female,1,2,27,0,0,0,-1,-1,-1,30452,36919,24268,3210,3240,11095,6919,4322,3210,3240,11095,3345,No
150000,Female,2,2,25,-2,-2,-2,-2,-2,-2,3303,125,7351,1279,0,0,125,7424,1279,0,0,0,No
150000,Female,2,1,40,-1,-1,-1,-1,0,-1,32117,3502,2056,7756,4993,918,3505,2056,7756,0,918,22200,No
100000,Female,2,1,47,0,0,0,0,0,0,27555,29798,31028,33544,35328,41835,3000,2028,3354,2328,7300,0,No
100000,Female,1,2,28,0,0,0,0,0,0,16601,14414,11307,11139,11361,9816,1539,1124,495,500,758,0,No
30000,Female,1,2,23,2,2,2,2,2,2,25487,26513,27026,27871,29017,28403,1738,1251,1596,1742,0,1374,Yes
150000,Female,2,1,34,2,0,0,0,0,0,30821,33009,34867,24438,18883,14737,3000,3000,1000,2000,4500,0,No
10000,Male,1,2,23,0,0,0,0,0,0,7684,8685,8557,7319,7650,8862,1300,1500,500,600,1500,0,No
190000,Female,1,2,38,0,0,0,0,0,0,77720,79417,81326,81650,83354,85163,3774,3799,2874,2970,3138,3054,No
70000,Female,1,2,33,0,0,0,0,0,0,39416,40784,42791,43797,44938,47177,2000,3000,1718,2000,3000,1630,No
360000,Female,1,1,48,-1,-1,-1,-1,-1,-1,8243,10742,3300,0,1270,0,10752,3300,0,1270,0,889,No
500000,Female,2,1,37,0,0,0,0,0,0,71455,79079,73583,79481,115741,168319,10004,10104,10000,40000,10000,10000,No
210000,Male,2,1,45,0,0,0,0,0,0,82902,84897,56023,57137,58333,59373,3814,2931,2045,2117,2010,1853,No
50000,Female,2,1,22,0,0,0,0,0,2,39843,40662,41971,43020,46150,45288,1762,2000,2020,3800,0,2000,No
500000,Female,1,2,38,0,0,0,0,-1,-1,4590,4218,5090,2043,8479,236,1128,1000,0,8479,236,2990,No
320000,Male,2,1,42,-2,-2,-2,-2,-2,-2,730,1550,0,2000,700,760,1550,0,2000,700,760,810,No
80000,Male,2,2,26,0,0,0,0,0,0,76304,78680,79897,27950,28579,29138,4203,3900,1200,1230,1230,1000,No
250000,Male,1,1,42,1,1,1,1,2,2,352016,341600,321232,307354,285901,272322,15210,8273,8100,100,8942,254000,Yes
250000,Male,1,1,40,-1,-1,-1,-1,-1,-1,396,396,396,396,396,109,396,396,396,396,109,0,No
220000,Male,1,1,33,-2,-1,-1,-2,-2,-2,0,2500,0,0,0,0,2500,0,0,0,0,0,No
250000,Female,1,2,37,-1,-1,-1,-1,-1,-1,1391,3498,8963,0,14660,62832,3498,8963,0,14660,62832,4620,No
50000,Female,2,1,24,0,0,0,0,0,2,42120,41444,33933,28945,28131,27531,1921,1490,1148,2370,0,1179,No
360000,Female,1,2,43,1,-1,-1,-1,-1,-1,0,10121,390,2809,390,390,10121,780,2809,390,390,390,Yes
50000,Male,2,1,45,0,0,0,0,0,-2,9659,10610,6525,3660,0,0,1155,1000,73,0,0,0,No
20000,Male,2,2,25,-1,-1,0,0,0,-2,390,5548,7001,6695,0,0,5548,2000,2000,0,3300,0,No
10000,Male,2,2,23,0,0,0,0,0,-2,2068,6000,6457,6177,0,0,4400,1000,500,0,0,0,No
330000,Female,2,2,33,1,-2,-2,-1,0,0,-271,-1648,-2437,95131,46017,46470,0,0,102680,1728,1695,2000,No
170000,Male,2,2,34,0,0,0,0,0,0,113270,112012,114535,115448,117426,115675,6000,6000,4106,4312,5097,3800,No
20000,Male,2,2,63,2,2,4,4,4,4,1650,1650,1650,1650,1650,1650,0,0,0,0,0,0,No
80000,Male,2,1,29,0,0,2,0,0,0,37822,40900,39944,40744,42084,42923,3700,0,1462,2000,1536,2001,No
240000,Female,2,1,32,-1,-1,-1,-1,-1,-1,4101,7101,5500,5500,5500,5463,8500,5500,5500,5500,5463,5500,No
150000,Female,2,2,28,0,0,0,0,0,0,46576,43583,45569,46533,47653,49729,2500,3000,2000,2000,3000,2000,No
200000,Male,2,1,34,0,0,0,0,0,0,135654,173946,176894,170754,172332,175960,66022,6101,5898,6053,6288,8000,No
300000,Male,1,2,33,0,-1,0,0,0,-1,1617,7785,3420,814,-494,8006,7785,3000,0,0,8500,0,No
100000,Male,2,1,35,4,4,3,2,2,2,82348,82156,83318,81380,83710,88057,1700,3100,0,3800,5900,3200,Yes
290000,Female,2,2,33,0,0,0,0,0,0,14026,9154,2778,9981,23989,22667,9000,2000,9000,23000,22000,1797,No
100000,Male,3,1,56,0,0,0,0,0,0,10882,11952,13047,13330,14112,14477,1250,1300,500,1000,600,600,No
10000,Male,1,3,46,0,0,0,0,0,0,6772,7790,8799,8974,9162,9375,1128,1137,312,323,356,268,Yes
420000,Female,1,2,41,0,0,0,0,0,0,79899,82012,84079,85614,87053,88657,3391,3427,2909,2877,2976,2686,No
20000,Female,2,1,42,0,0,0,0,0,0,19185,18621,19605,19717,19203,19871,1323,1307,691,705,995,722,No
300000,Female,1,1,37,-1,-1,-1,-1,-1,-1,616,1370,916,316,898,748,1370,916,316,898,748,748,No
50000,Male,3,2,26,0,0,0,0,0,0,42040,30427,17818,17028,16387,15728,2000,2000,1000,1000,1000,1000,No
180000,Female,2,1,44,-1,-1,-2,-2,-1,-1,33800,0,0,0,1972,0,0,0,0,1972,0,1800,No
420000,Male,2,1,41,-1,-1,-1,-1,-1,-1,16657,2578,523,1855,14539,7647,2590,525,1864,14611,7685,26477,No
100000,Female,2,1,49,-1,-1,-1,-1,-1,-1,10430,3313,490,6974,8018,8441,3313,490,6974,8018,8441,11461,No
80000,Female,2,2,38,2,0,0,2,0,0,18733,20081,17245,13507,14479,14083,2000,2500,0,2000,2000,3000,No
210000,Male,1,1,42,0,0,0,0,0,0,103772,95228,87678,79254,71836,63675,4000,4000,3000,4000,3000,3000,No
240000,Female,1,2,31,0,0,0,0,0,2,65220,68155,70184,71784,78659,81212,4000,3167,2767,8233,4000,4000,No
500000,Male,1,1,45,-1,-1,-1,-1,-1,-1,37875,150573,32413,193427,21978,38102,162003,32611,200967,22074,38272,3491,No
100000,Male,2,2,27,0,0,0,0,0,0,10458,9899,6618,3895,4037,12959,2500,1162,3000,159,11845,200,No
610000,Female,1,2,36,-2,-2,-2,-2,-2,-2,874,-256,-255,-538,107592,168966,0,1,0,108130,30695,179,No
170000,Male,2,2,27,-1,-1,-1,-1,-1,-1,416,416,416,416,416,416,416,416,416,416,416,416,No
320000,Male,1,1,45,-2,-2,-2,-2,-2,-2,37361,21796,10798,9198,2314,14497,21903,10832,9244,2325,14568,29249,No
200000,Female,3,1,38,0,0,0,-1,-1,2,60473,151786,109495,13785,22173,10482,101796,29894,13943,21865,0,26218,No
360000,Male,1,2,35,1,-1,-1,-2,-2,-2,0,1010,0,0,0,0,1010,0,0,0,0,0,Yes
200000,Male,2,1,34,1,-2,-1,-1,-2,-2,0,0,188,0,0,0,0,188,0,0,0,0,No
150000,Female,2,1,39,1,-2,-2,-2,-2,-2,0,0,0,0,0,0,0,0,0,0,0,0,Yes
100000,Male,1,1,44,0,0,-2,-2,-2,-2,48850,0,0,0,0,0,0,0,0,0,0,0,No
200000,Male,1,2,29,0,0,0,0,0,0,45841,37221,34718,32148,25380,22701,4000,7000,7000,7000,7000,295,No
30000,Male,2,1,26,-2,-2,-2,-2,-1,0,-201,349,-199,0,199,199,550,0,199,199,0,3915,No
300000,Female,2,1,34,-1,-1,-1,-1,-1,-1,1000,1000,1000,1000,2000,1000,1000,1000,1000,2000,1000,1000,Yes
110000,Male,2,1,32,0,0,0,0,0,0,73772,75299,72978,67877,60444,61737,2765,2404,2292,2196,2300,2200,No
50000,Female,1,2,24,-2,-2,-2,-2,-2,-2,780,0,580,-200,300,0,0,580,0,500,0,0,No
500000,Male,3,2,44,0,-1,-1,-1,-1,0,16179,1520,2031,2593,45858,161299,2029,5262,3023,45868,130586,5024,No
60000,Female,1,2,30,0,0,0,0,0,0,24396,25463,27036,27074,25911,26431,1463,2036,937,1911,951,2056,No
80000,Male,1,2,39,0,0,0,0,0,0,49171,50376,51536,52782,53781,55389,2000,2000,2100,2000,2500,2500,Yes
370000,Male,1,1,40,1,-2,-2,-2,-2,-2,0,0,0,0,0,0,0,0,0,0,0,0,No
150000,Male,2,2,38,-1,-1,-1,-1,-1,2,476,476,476,476,1102,476,476,476,476,1102,0,476,No
210000,Male,1,2,35,1,-2,-2,-2,-2,-2,-36,-18,-18,-18,-18,-18,0,0,0,0,0,0,No
500000,Female,2,2,34,0,0,0,0,0,0,175570,141773,132747,94651,73734,62519,8734,40000,3912,2101,34000,32000,No
150000,Male,1,1,42,8,7,6,5,4,3,161569,159190,155821,153075,151269,149723,0,0,0,0,0,15,Yes
110000,Male,2,1,39,0,0,0,0,0,0,54806,54544,55357,56281,56483,56685,2000,2200,2200,2149,2170,2000,No
60000,Female,1,1,49,0,0,0,0,0,0,61618,61382,34958,33760,32946,0,2800,1400,675,659,0,3353,No
480000,Female,1,2,33,0,0,0,0,-1,0,621749,550102,475386,384078,397682,399659,22024,21008,17134,400046,17003,4436,No
30000,Male,1,2,35,2,2,2,2,2,2,14489,15460,15514,14968,16026,15619,1500,600,0,1300,0,1300,No
240000,Female,2,1,28,1,2,2,2,0,0,210333,206332,214981,194817,186895,168541,0,12014,0,5307,5001,4505,Yes
350000,Female,1,2,40,1,-2,-1,-1,-2,-2,-644,-644,5170,-1496,-2366,-2366,0,6033,1500,4,0,1500,No
240000,Female,2,1,38,1,-2,-2,-2,-2,-2,0,0,0,0,0,0,0,0,0,0,0,0,Yes
80000,Female,1,2,27,0,0,0,0,0,0,77967,79561,61018,36084,13693,79701,3565,1752,1105,1499,78000,0,No
100000,Male,1,1,43,0,0,0,0,0,0,42451,43564,45522,46832,37683,28680,2100,3000,2500,2000,2000,2000,No
30000,Female,2,1,30,-2,-1,-1,-2,-1,-1,3165,13538,390,1050,1251,962,13538,390,1050,1851,962,0,No
290000,Male,1,2,41,-2,-2,-2,-2,-2,-2,3394,-186,37392,6106,14839,11209,0,37578,6136,14913,11264,2296,No
360000,Female,1,1,32,-1,-1,-1,-1,-1,-1,39587,17900,5307,23102,64617,10542,18011,5307,23102,64617,10542,9702,No
430000,Male,2,1,46,0,0,-1,0,0,0,52930,960,354716,361373,368484,365148,510,358689,15066,14126,13065,12908,Yes
150000,Male,1,2,44,0,0,0,0,0,0,13786,14418,15429,15094,15525,0,1232,1243,688,825,0,0,No
200000,Male,2,2,30,-2,-2,-2,-2,-2,-2,48492,49934,24753,123439,132269,129224,20294,24891,125171,17816,26269,4349,Yes
50000,Male,3,1,31,1,-2,-2,-2,-2,-2,0,0,0,0,0,0,0,0,0,0,0,0,No
240000,Female,3,1,36,1,-1,-1,-1,2,0,-608,1966,4421,8521,8323,16620,5000,5000,10112,0,13000,10000,No
20000,Female,1,2,24,0,0,2,0,0,0,3634,6568,7307,8027,8892,9739,3000,1000,1000,1000,1000,1000,No
150000,Female,1,1,30,-2,-2,-2,-2,-2,-2,10427,-20,-20,-20,-20,-20,0,0,0,0,0,0,No
230000,Male,1,1,39,0,0,0,0,0,0,18835,22319,18732,11986,13596,7469,10005,8737,4000,8000,3000,5891,No
20000,Male,2,1,31,-1,-1,-1,0,-1,-1,836,390,780,390,390,0,390,780,0,390,0,780,Yes
100000,Female,2,1,33,1,2,2,2,2,2,23384,22722,24909,24210,26103,27554,0,2569,0,2287,2028,0,No
280000,Female,2,1,30,0,0,0,0,0,0,71770,74066,75907,77723,79550,81801,4000,3000,3000,3000,3500,4000,Yes
90000,Female,3,1,39,0,0,0,-1,-1,-1,4968,4713,2290,1764,1728,1954,1203,1005,1764,1728,1954,1416,No
240000,Female,1,2,29,0,0,0,0,0,0,23094,18951,18977,12055,7878,5531,2009,2000,300,1000,2000,2000,No
80000,Male,3,1,27,2,-1,0,0,0,0,40846,3099,1950,1170,780,780,1149,1000,0,0,0,2440,Yes
160000,Female,2,1,34,0,0,0,-1,-1,-1,51721,46381,25254,10740,50207,10298,2037,1000,10740,50207,10298,17413,No
280000,Female,1,1,37,0,-1,-1,0,0,-1,1908,12699,7819,7831,5428,2295,12763,7819,12,27,2309,13004,No
170000,Female,1,1,30,2,2,2,2,2,2,158819,161487,157577,168094,170922,166972,6500,0,13000,5500,1000,7000,No
90000,Female,2,1,47,2,2,2,0,0,2,61066,62999,61388,64376,67347,74960,3500,0,4000,4000,8900,0,Yes
160000,Female,1,2,29,-1,2,-1,0,-1,2,2599,1302,1852,736,3542,1852,0,1852,0,3542,0,1116,No
420000,Female,3,1,36,-2,-2,-1,0,0,0,0,0,277510,279493,285447,291183,0,277510,10000,10000,10000,10500,No
280000,Male,2,2,30,-1,-1,-1,-1,-1,-1,651,1650,651,651,651,651,1650,651,651,651,651,0,No
30000,Male,2,2,26,1,2,2,2,2,2,17989,17417,19807,20186,19725,22225,0,3000,1000,0,3000,0,Yes
220000,Male,1,1,48,2,-1,-1,-1,0,-1,1480,9202,26390,13007,7387,20018,9202,26390,13007,0,20018,14661,No
260000,Female,1,2,27,-1,-1,-1,-1,0,-1,399,399,399,798,399,399,399,399,798,0,399,399,No
170000,Female,2,2,27,1,-1,0,0,0,0,-1020,25607,23922,24399,24919,26884,27107,1500,863,903,3000,6186,No
190000,Female,2,1,33,0,0,0,-2,-2,-2,40173,41150,0,0,0,0,2200,0,0,0,0,0,No
200000,Female,1,2,31,-1,-1,-1,-1,-1,-1,4938,2277,1209,0,1440,0,2286,2712,0,1440,0,0,No
230000,Female,1,1,34,-1,-1,0,0,-1,-1,3394,8338,11744,9359,19002,8443,8338,9359,0,19002,8740,0,No
50000,Male,2,1,57,0,0,-1,0,0,0,53320,52754,27231,26852,27820,25529,1300,50499,1000,1500,1500,1000,No
150000,Male,3,2,25,-1,-1,-1,0,0,-1,9240,386,12870,11173,1719,413,386,12884,251,39,414,6556,No
150000,Female,3,1,35,0,0,0,0,0,0,89604,97129,98795,98925,100017,99607,10000,4275,3550,3750,3600,3100,Yes
10000,Male,1,1,50,0,0,0,0,0,0,10043,9616,9718,9916,9250,7461,1194,1076,274,370,472,375,No
240000,Female,3,1,43,0,0,0,0,0,0,61190,62506,63864,65130,66494,67441,2300,2400,2329,2411,2050,2000,No
230000,Female,2,2,27,0,0,0,0,0,0,47520,46256,32029,31397,27834,28153,2000,2500,1200,2000,18000,5000,No
170000,Female,2,1,34,-1,-1,-1,-1,-1,0,326,326,326,326,652,326,326,326,326,652,0,326,No
460000,Female,1,1,38,-1,-1,-1,-1,-1,-1,21203,21828,13776,8226,12497,4503,21833,13779,8226,12497,4503,5844,No
240000,Male,2,2,46,-2,-2,-2,-2,-2,-2,2995,3808,5736,3328,3901,3413,4028,7266,3422,5020,3517,57,No
80000,Female,2,1,43,1,2,0,0,2,0,24621,23948,24751,26493,25936,26304,0,1500,2150,0,944,2000,No
290000,Male,2,2,29,0,0,0,0,0,0,1199,2528,3781,6076,6336,10570,2000,2000,3000,1000,5000,1000,No
30000,Male,2,2,22,0,0,0,0,0,0,30455,30403,30454,29227,28929,29484,1515,1455,1028,1044,1420,1111,No
240000,Female,2,2,35,0,0,0,0,0,0,227457,232729,223431,226361,223508,238587,9000,10000,8000,9000,19000,9000,No
80000,Female,2,1,42,-2,-2,-2,-2,-2,-2,10593,41217,8815,24012,0,2229,41217,8815,24012,1153,2229,2190,No
30000,Male,2,2,33,0,0,0,0,0,-2,28949,30319,29400,30000,0,0,2233,1000,600,0,0,0,No
50000,Female,2,2,26,-1,-1,-1,-1,-1,-2,390,390,0,780,0,0,390,0,780,0,0,0,Yes
30000,Female,3,2,52,3,2,2,2,2,2,26494,26675,29111,28325,28840,5450,900,3974,0,600,0,0,Yes
110000,Male,1,2,32,0,0,0,2,2,2,112380,113369,113214,108350,109072,106848,6200,9900,0,8007,0,5000,Yes
180000,Female,2,2,33,1,-2,-2,-2,-2,-2,5931,2294,900,0,0,0,2294,900,0,0,0,788,No
140000,Female,2,2,29,0,0,0,0,0,0,141740,138128,128812,131374,135353,137238,7001,4700,4706,6100,5300,4806,No
90000,Female,2,1,38,0,0,0,0,0,0,92481,90698,80720,69788,63868,40136,3507,3328,2100,2542,3000,93245,Yes
90000,Female,2,2,25,-1,0,0,2,3,2,23662,25970,28531,30072,29323,28709,3000,3000,2300,0,0,4860,Yes
180000,Male,2,2,31,0,0,0,-2,-2,-2,130171,12666,0,0,0,0,1110,0,0,0,0,0,No
360000,Female,1,2,29,0,0,0,0,0,0,92693,87415,69552,38898,31222,55801,20595,20200,10063,1897,30278,83275,No
140000,Male,2,2,28,2,2,2,2,2,2,12642,13740,13818,13994,14222,14537,1600,600,700,600,700,600,Yes
90000,Female,3,2,23,0,-1,-1,0,-1,-1,119836,21836,11036,29836,986,21615,30000,11036,19836,986,21615,5885,No
150000,Female,1,2,27,-1,-1,-1,0,0,-2,222,3,3359,2924,0,0,3,3461,261,0,0,0,No
200000,Male,2,1,56,0,0,0,0,0,0,195456,199692,171784,175197,179069,189686,8007,6300,6276,6701,13800,0,No
110000,Female,2,1,48,0,0,0,0,0,0,216582,110865,74340,47152,48138,49171,8788,3152,1687,1745,1831,1732,No
410000,Female,1,2,25,-1,-1,-1,-1,-1,-1,4151,4357,10513,9137,7781,28870,4357,10513,9137,7781,28870,15000,No
50000,Male,3,1,58,0,0,0,0,0,0,31236,30141,18683,19055,19462,19343,3088,1500,651,682,680,595,No
170000,Female,2,1,43,0,0,0,0,0,0,78429,81991,81688,100841,23528,32579,5000,3000,20000,5000,10000,10000,No
210000,Female,2,1,39,-1,-1,-1,0,0,-1,836,4247,17162,12949,12023,7324,4278,17213,6015,2083,7360,12142,No
290000,Male,1,2,35,0,0,0,0,0,0,247280,250007,261236,223092,185522,170190,30000,29000,10000,8000,30000,48000,No
160000,Female,1,2,27,-1,-1,-1,-1,-1,0,2431,5026,3720,3465,4218,2913,5030,3722,4300,5000,2500,5400,No
50000,Male,2,2,27,0,0,0,0,0,0,48603,48338,45090,19031,19534,19301,1963,1972,672,800,700,1000,Yes
50000,Male,2,2,28,0,0,0,0,0,0,33094,47035,44384,45267,46215,47949,17012,2300,1618,1675,2500,2139,No
30000,Female,2,2,21,0,0,0,0,0,-2,10406,5068,2023,1163,0,0,1000,1002,23,0,0,0,No
30000,Female,3,2,24,1,2,0,0,0,0,18103,18418,19270,19810,19583,20231,900,1215,755,639,1200,243,Yes
80000,Female,2,2,27,0,0,0,0,0,0,55647,57737,58577,60169,58426,58204,3000,3923,2500,2100,2200,2075,No
20000,Male,1,2,39,2,0,0,0,0,0,16869,17895,18939,19150,19549,20073,1606,1650,823,857,1000,400,Yes
130000,Female,3,1,39,-1,-1,2,-1,-1,-1,1755,1890,735,1575,316,5039,1890,0,1575,316,5039,1156,No
80000,Female,1,1,34,-1,2,2,2,2,3,4269,4057,5326,5092,6008,5618,0,1500,0,1000,0,1000,Yes
80000,Male,2,1,40,0,0,0,0,0,0,45747,40851,35933,30605,25189,19766,1618,1533,1038,852,765,627,No
180000,Female,3,2,39,1,-1,0,-1,0,0,0,4835,2220,11303,9359,9041,4835,2200,11303,187,181,3050,No
150000,Male,1,1,37,0,0,0,-1,0,0,49112,48450,19790,50123,45987,46555,1510,1850,101123,1650,1700,0,No
100000,Male,2,2,26,0,0,0,0,0,0,73070,74847,97369,98232,97752,0,10000,43000,5000,3000,0,0,No
290000,Male,2,1,48,-2,-2,-2,-2,-2,-2,730,4426,820,0,2653,0,4426,820,0,2653,0,0,Yes
490000,Male,1,1,54,-2,-2,-2,-2,-2,-2,0,0,0,0,0,0,0,0,0,0,0,0,Yes
130000,Female,1,2,30,1,-2,-2,-2,-2,-2,-915,-915,-915,-915,-915,-1070,0,0,0,0,0,0,No
20000,Male,1,2,24,1,-1,-1,-1,-1,-1,0,150,0,597,0,4740,150,0,597,0,4740,0,No
30000,Female,1,2,23,1,2,0,0,0,0,10764,10454,11862,12104,12351,8000,0,2000,242,247,2000,0,Yes
230000,Female,1,2,25,0,0,0,0,0,0,52906,54454,53457,55128,52788,53671,3000,2000,2500,2500,2000,2000,No
260000,Male,1,2,52,-1,-1,-1,-1,-1,0,582,0,582,291,4471,5394,0,582,291,4471,1000,1000,No
290000,Male,1,1,38,-2,-2,-2,-2,-2,-2,2500,0,0,0,0,0,0,0,0,0,0,0,No
220000,Female,2,2,54,-1,0,0,-1,-1,-1,2742,3131,2664,891,1927,4250,1500,1500,891,1927,4250,3000,No
60000,Male,2,2,26,3,2,0,0,0,0,61014,59473,56912,47513,42945,45648,0,2100,1500,1700,3500,1341,Yes
150000,Female,3,1,45,0,0,0,0,0,0,59885,59054,60254,59604,60707,61988,2200,2200,2300,2213,2300,2245,No
30000,Female,2,2,23,2,0,0,2,2,2,16089,17127,19108,18503,20100,19629,1300,2272,0,1900,0,1000,Yes
210000,Female,2,1,34,0,0,0,0,0,0,86792,88106,89419,88758,85239,81723,3319,3892,3184,3128,2944,2870,No
50000,Female,3,1,27,2,2,2,2,2,2,27358,28422,28858,29289,28685,30847,1800,1200,1200,0,2800,1200,No
250000,Female,1,1,47,-1,-1,-1,-1,-1,-1,43098,10606,49815,19857,56064,45427,10615,49825,19866,56074,45443,29916,No
200000,Female,2,2,34,-1,-1,0,-1,-1,-1,12842,9490,6955,28300,13227,11202,13805,6797,28314,13291,11258,11912,Yes
150000,Male,2,1,48,1,2,0,0,2,0,144837,141815,143704,151572,149807,153088,0,5000,9500,0,5005,6010,Yes
30000,Female,2,1,26,0,0,0,0,0,2,29072,29276,30204,28501,29687,29497,1600,1500,1000,4000,1900,0,No
50000,Female,2,2,23,0,0,0,0,0,0,35454,33824,28528,28102,25574,26524,1901,1900,1050,1000,2000,2500,No
210000,Male,1,2,32,0,0,0,0,0,2,124838,102995,17383,172065,181981,174744,5000,1400,155000,12700,0,6300,No
20000,Male,2,1,31,0,0,0,0,0,0,18490,25404,19789,19985,19676,6971,1500,2393,1000,494,139,19710,No
110000,Male,1,1,56,3,2,2,3,2,2,46335,45319,50030,48940,48026,55979,0,5800,0,0,8774,0,Yes
140000,Male,1,2,26,0,0,0,0,-1,0,84729,102693,41266,39634,115440,133580,26894,1500,11888,115440,23900,10586,No
50000,Male,3,1,56,0,0,0,0,0,0,24729,20285,26026,12059,9765,10097,1338,1011,482,228,365,1261,No
230000,Female,2,2,27,-1,0,0,0,0,0,79872,85538,77063,40102,52454,12314,10033,5010,5,45000,8000,35660,No
200000,Female,1,2,28,0,0,0,0,0,2,184602,187145,190983,188714,196262,198059,7000,7000,9000,10700,10600,0,No
120000,Female,2,1,30,-1,-1,-2,-1,-1,-2,2706,161,250,2561,-295,-295,569,250,3265,0,0,0,No
50000,Male,2,1,46,0,0,0,-1,-1,-1,49046,49221,46505,6991,4809,1890,2185,2938,6996,4809,1890,6890,No
140000,Female,3,1,39,0,0,0,0,0,0,108028,104626,101376,80840,75462,75957,3889,4412,3000,3000,3000,4000,No
100000,Female,3,2,48,-1,-1,-1,0,0,0,16584,16009,64886,66202,72526,74323,16137,64886,2353,10000,3000,2670,No
80000,Male,3,1,43,0,0,-1,-1,-1,-1,231550,223337,206390,0,1257,33592,5067,12290,0,1257,35238,1145,No
100000,Male,2,2,29,2,2,3,2,2,2,86974,98246,95884,93528,96397,96258,12700,0,0,6050,1600,3400,Yes
120000,Female,2,2,23,0,0,0,0,0,0,38609,41992,36607,38828,38325,39222,5000,4000,4017,3000,3000,3000,No
50000,Male,2,1,50,-2,-2,-2,-2,-2,-2,3526,-4,1473,2517,1217,4459,0,1477,2524,1320,4572,2206,Yes
30000,Female,2,2,24,-1,-1,-1,-2,-2,-2,784,4184,0,0,0,0,4200,1000,0,0,0,0,No
330000,Female,2,2,27,0,0,0,0,0,0,237515,230471,233421,201240,186444,158521,11012,11012,6548,6497,6037,5141,No
240000,Male,1,1,53,0,0,0,0,0,0,232943,236437,133385,136654,136639,123951,9700,5000,5500,5500,5000,5000,No
290000,Female,2,2,39,0,0,0,0,0,0,228342,235380,240049,107993,110691,50143,10600,10200,4000,4534,2670,700,Yes
60000,Male,2,2,42,0,0,0,0,0,2,60660,57718,38144,29542,30700,30064,3500,1731,2009,4121,0,1000,No
360000,Female,1,2,29,-1,-1,-1,-1,-1,-1,5751,1501,624,0,1000,1866,1501,624,0,1000,1866,252,No
200000,Female,1,2,39,-2,-2,-1,-1,-2,-2,0,0,798,0,307,497,0,798,0,307,497,0,No
80000,Male,1,1,41,1,2,0,0,0,0,102383,92704,87338,46927,80194,0,0,4000,939,80000,0,0,No
230000,Female,2,1,32,-2,-2,-2,-2,-2,-2,750,0,0,790,0,2803,0,0,790,0,2803,0,No
160000,Female,2,1,32,-1,-1,-1,0,0,0,390,390,1560,1170,780,390,390,1560,0,0,0,390,No
20000,Female,3,2,53,-1,-1,-2,-2,-1,-1,4400,-220,-220,-610,390,0,0,0,0,1390,0,780,No
200000,Female,3,1,28,-1,-1,2,-1,0,-1,188,2791,188,376,188,6884,2791,0,376,0,6884,4187,Yes
240000,Female,2,1,35,-1,-1,-1,-1,-1,-1,1473,1473,1473,1473,1473,1473,1473,1473,1473,1473,1473,390,Yes
80000,Female,3,2,39,-1,-1,-1,-1,-1,-1,4762,6712,1814,4811,1379,6136,6734,1817,4817,1381,6137,6251,No
20000,Male,2,1,53,0,0,0,0,0,-2,12278,13209,7215,1520,0,0,1500,1060,30,0,0,0,No
130000,Female,3,2,24,2,2,3,2,2,2,49583,53275,51960,49723,47120,46188,5100,0,0,4500,0,1500,Yes
200000,Male,3,1,45,0,0,0,0,0,0,97933,78409,58998,60219,61748,64220,3200,2200,2200,2500,3500,90000,No
330000,Male,1,2,36,-2,-2,-2,-2,-2,-2,-10,-10,-10,-10,-10,-10,0,0,0,0,0,0,No
30000,Female,3,1,22,1,2,0,0,4,4,21508,20881,23217,28498,28060,29999,0,3000,6000,1200,3000,0,Yes
20000,Male,2,2,25,2,2,3,3,3,3,1050,1050,1050,1050,1050,1050,0,0,0,0,0,0,No
170000,Male,1,1,41,-1,-1,-1,0,0,-1,10540,0,9871,9739,66,230,0,9871,0,0,230,23709,Yes
150000,Female,2,2,24,1,2,0,0,0,0,170971,165806,146001,113907,115578,111863,39,6000,3937,4077,4504,23066,No
20000,Male,2,2,25,0,0,2,2,2,2,15859,18486,18686,18983,18540,19775,3200,800,900,0,1700,0,No
160000,Female,1,2,29,1,-1,-1,-1,-1,-1,-146,15414,1857,550,2602,10381,17833,2252,9694,10000,11797,7289,No
150000,Male,2,2,27,0,0,-1,-1,0,0,61606,61950,200,51099,24487,17624,5000,200,52399,5063,1500,2200,No
120000,Female,3,2,47,1,2,2,2,2,2,121400,123055,118030,122443,120370,123766,7352,0,8990,0,9000,0,No
50000,Male,2,2,29,0,0,0,0,2,2,13192,14668,15614,17155,16741,19131,2000,1500,1800,0,2843,0,Yes
60000,Male,1,2,28,0,0,0,0,2,0,18996,20806,22447,24337,23808,24610,2120,2000,2269,0,1200,2269,Yes
120000,Male,2,2,28,-1,-1,-1,-1,-1,-1,4310,3905,2411,1925,2943,6249,3905,2411,1925,2943,6249,1780,Yes
20000,Male,1,2,24,1,-2,-2,-2,-2,-1,0,0,0,0,0,1273,0,0,0,0,1273,0,Yes
70000,Female,1,2,29,2,2,2,2,2,2,44594,45588,46540,47378,46490,47758,2000,2000,1900,0,2200,3600,Yes
200000,Male,2,1,58,2,2,0,0,2,0,190672,186230,188391,199101,185247,165232,0,6784,13788,14,6021,5099,No
500000,Female,1,1,48,-1,0,0,0,0,0,273430,268256,262467,254307,249106,242741,9704,10851,9005,9074,8501,8985,No
460000,Male,1,1,41,-1,-1,-1,-1,-1,-2,81848,7653,47633,1296,0,0,8877,47830,1296,0,0,0,No
160000,Male,2,2,57,0,0,0,0,0,0,152689,148126,144978,141639,138383,134951,5500,5300,5053,5010,4850,5000,No
20000,Male,6,2,27,0,0,0,0,0,-2,19189,19226,18371,18400,0,0,1376,1206,2222,0,0,0,No
300000,Male,2,2,42,-1,0,0,0,0,-1,1188,3071,7854,10426,16784,4334,2000,5000,5000,10000,4334,3578,Yes
40000,Male,2,1,44,0,0,0,0,0,0,36917,38260,32680,23472,25436,34309,2000,2000,1000,3000,10000,1142,No
130000,Female,3,1,26,0,0,0,0,0,0,131724,130186,124530,115800,98268,83729,5510,8970,5239,5234,4000,4000,Yes
120000,Female,1,2,25,0,0,0,-1,0,-1,11431,6857,6865,8209,4825,4322,6000,3147,12000,4000,5000,1759,No
20000,Female,2,2,22,0,0,0,0,0,0,18062,18374,19222,18014,18627,15811,1700,1500,1000,1000,1000,1000,No
200000,Female,1,2,47,-2,-1,-1,-1,0,-1,23905,10163,20426,15592,12541,8667,12020,21008,16026,60,8667,18500,No
20000,Male,2,1,51,0,0,0,0,0,0,18321,18446,18285,18235,16259,10640,1355,1136,646,381,337,1251,No
10000,Male,2,2,32,0,0,0,0,2,0,7231,7497,9355,9594,8535,8713,1142,2000,758,0,313,1000,No
400000,Female,1,2,28,0,0,0,0,0,0,10430,24979,29925,25423,7064,15920,24030,14062,1824,40,15673,16694,No
180000,Female,1,2,28,1,2,2,2,2,2,65054,57314,54485,59415,57110,19339,1568,4,8000,387,0,0,No
60000,Female,2,2,23,0,0,0,0,0,0,21295,22629,23338,23810,25418,26050,1679,1388,860,2000,1055,2000,No
260000,Female,1,2,28,0,0,0,0,0,0,187068,193245,204730,246985,240543,227725,10360,60000,100008,10000,11700,5000,Yes
50000,Male,3,1,36,0,0,0,0,0,0,36809,24248,18588,18958,19355,19788,1601,1309,679,703,755,396,No
120000,Female,2,1,30,2,0,0,0,2,2,87199,89008,90834,95499,93857,99504,4110,4203,7100,0,7396,3700,Yes
300000,Female,1,1,47,2,2,2,2,2,2,5000,5000,5000,5000,5000,5000,0,0,0,0,0,0,Yes
20000,Male,2,2,36,0,0,-2,-2,-2,-2,18400,0,0,0,0,0,0,0,0,0,0,0,Yes
180000,Male,2,1,26,-1,-1,-1,-1,-1,-1,396,396,396,396,396,396,396,396,396,396,396,396,No
30000,Female,2,2,23,0,0,0,0,0,0,27141,25125,27835,24743,28020,25607,3000,5000,1000,20000,3000,8000,No
70000,Male,2,2,31,0,0,2,2,3,2,5942,8176,8891,9522,9084,8792,2500,1000,923,0,0,400,No
110000,Female,1,1,37,-1,-1,0,0,0,0,2610,54223,57299,50418,48093,3389,54300,6600,400,4000,1771,0,Yes
180000,Male,1,2,33,0,0,0,-1,-1,-2,37711,40102,78400,3000,0,0,3000,40129,3000,0,0,0,No
80000,Female,1,2,31,-1,-1,-1,-1,-1,-1,5759,8395,1768,4284,7202,2014,8414,1775,4284,7202,2014,5218,No
100000,Female,1,1,34,1,2,2,2,2,2,46092,45074,48287,49091,50149,51176,0,3978,1900,2000,2000,0,No
50000,Female,2,1,45,0,0,2,2,2,2,46248,50893,48854,50901,50015,48179,5750,0,3800,1890,0,1850,Yes
50000,Female,2,2,28,0,0,0,-1,0,0,59321,56454,53278,19437,19845,19911,2329,2353,39886,704,730,656,No
290000,Female,2,0,49,0,0,0,0,0,0,52547,53829,53841,54486,55198,55878,2542,1926,1931,1989,2002,2028,No
240000,Male,1,2,33,0,0,0,0,0,0,124105,127593,130474,134296,139117,143634,7000,5000,6000,7000,7000,5445,No
160000,Female,2,2,27,1,-2,-1,0,0,-2,0,0,6204,6204,0,0,0,6204,0,0,0,0,No
50000,Male,2,2,34,0,-1,0,0,0,0,48973,50601,49805,27605,29447,30045,91000,1200,600,29057,1076,1300,No
30000,Male,2,3,45,0,-1,-1,0,0,-2,3390,390,780,780,0,0,390,780,0,0,0,0,No
60000,Female,2,1,39,1,-2,-2,-2,-2,-2,0,0,0,0,0,0,0,0,0,0,0,0,No
60000,Female,2,2,57,0,0,0,0,0,0,53584,41935,30077,30246,30257,29768,2000,2000,2300,2000,3000,1500,No
100000,Female,3,1,51,0,0,0,0,0,0,98918,96916,98492,89961,93971,85526,4523,4213,3100,10000,3220,3130,No
140000,Male,1,1,27,1,-2,-2,-2,-2,-2,-488,-488,-488,-488,-488,-488,0,0,0,0,0,0,No
150000,Male,2,1,35,0,0,0,0,0,0,125063,118843,137751,141330,146389,132617,10050,30000,5000,6088,5150,10000,No
500000,Male,2,2,28,0,0,0,0,0,0,47399,48711,48642,49062,149034,181876,2361,1500,1128,100330,100486,2114,No
20000,Male,2,1,33,0,0,0,0,0,0,4128,5550,6599,6839,7228,7457,1500,1300,500,500,500,1000,Yes
240000,Female,2,2,37,-2,-2,-2,-2,-2,-2,500,0,0,0,0,0,0,0,0,0,0,0,No
160000,Female,1,1,69,2,2,-2,-2,-2,-2,498,135,0,0,0,508,135,0,0,0,508,1287,No
280000,Female,2,2,33,-2,-2,-1,0,0,-1,167,3690,1735,1735,1714,843,3700,1735,0,1700,1000,22000,Yes
260000,Female,2,2,27,0,0,0,-1,-1,0,25419,19045,19270,11915,114479,24511,3000,3017,11915,114479,2000,2500,No
130000,Male,5,1,44,0,0,0,0,0,0,75472,75095,59335,54668,22780,13417,2452,2140,1093,13706,500,100,Yes
500000,Female,3,1,50,0,0,0,0,-1,0,5310,5484,14539,13291,3645,4763,2703,10043,6065,3648,2003,1004,No
120000,Male,2,1,39,2,-1,-1,-1,-1,-1,435,435,1887,435,435,435,435,1887,435,435,435,435,No
210000,Male,1,2,30,-1,0,0,0,0,0,1060,3229,4107,5931,4665,6607,2200,1005,3208,2000,2000,49980,No
50000,Male,2,1,46,0,0,0,0,0,0,48905,49764,36535,32428,15313,16057,1800,1430,1000,1000,1000,1000,No
210000,Male,2,1,36,-1,-1,-1,-1,-2,-2,1060,777,7971,-8,-8,-8,779,7994,0,0,0,1704,No
10000,Female,2,2,27,1,2,2,0,0,0,8944,9882,9538,9808,8650,0,1230,0,500,450,0,0,Yes
70000,Female,2,2,34,2,2,2,0,0,2,64913,63387,58840,56431,56859,54449,3000,0,2000,4219,1700,323,No
150000,Male,2,2,31,-1,-1,2,0,-1,-1,8839,18814,14776,15582,7722,10156,11394,0,13000,7722,11000,21191,No
60000,Male,3,2,57,0,0,0,0,0,0,15602,16629,17638,17989,18383,21781,1284,1293,644,684,3721,761,No
120000,Male,2,2,29,-1,2,2,2,-2,-2,5521,2197,1010,0,0,0,1010,0,0,0,0,0,Yes
80000,Female,1,2,30,0,0,0,0,0,0,48006,48159,46099,47039,48286,48974,2100,3000,2000,2000,2000,2000,No
490000,Male,1,2,36,-2,-2,-2,-2,-2,-2,5310,2691,3367,-46,9285,-14,2711,3384,0,9331,0,2960,No
450000,Male,1,1,44,-2,-2,-2,-2,-2,-2,32000,3417,4700,20916,9695,6361,3423,4700,20916,9695,6361,6447,No
20000,Female,5,2,23,0,0,0,0,0,-2,16371,17801,18256,18425,0,0,2000,1200,369,0,0,0,No
10000,Male,1,2,23,0,0,2,2,4,5,3035,5802,5561,8455,9730,8999,3000,0,3000,2000,0,0,No
50000,Male,2,2,27,0,0,0,0,0,0,6105,7347,8000,8000,10000,0,1500,1000,0,2000,0,2556,No
300000,Male,1,1,51,-1,-1,-1,-1,0,0,18961,4371,3391,34282,12983,0,4387,3472,47371,64,0,33588,Yes
80000,Male,1,2,27,-2,-2,-2,-2,-2,-2,2049,805,1672,12205,3487,24764,2003,2019,12241,3510,24843,4001,No
310000,Male,1,1,39,-1,-1,-2,-1,-1,2,360,0,91059,155,28100,4544,0,91059,155,28490,0,1041,No
50000,Female,3,1,41,0,0,0,0,0,0,48403,49448,50125,9717,9549,9840,2550,2227,339,500,600,500,No
500000,Male,2,1,39,-1,-1,-1,-1,-1,-1,23800,297,9342,3518,5597,717,297,9342,3518,5597,717,25349,No
80000,Female,3,1,40,0,0,-1,-1,-1,-2,22747,16260,6500,15525,0,0,3002,6500,15525,0,0,0,No
30000,Female,3,3,26,1,2,0,0,0,0,30698,29034,28317,27872,28456,28230,0,1442,986,1021,1015,1143,Yes
10000,Male,2,2,42,1,2,0,0,0,0,9980,9178,7912,4838,10096,10112,1000,1517,194,6700,1000,1500,Yes
390000,Female,1,1,39,-1,-1,-1,0,0,-1,31825,56333,70133,63177,63670,22407,56613,70159,1264,493,22505,1162,No
290000,Male,2,1,44,-2,-2,-2,-2,-2,-2,167,616,640,526,336,527,619,643,528,337,529,696,Yes
120000,Female,2,1,33,0,0,0,0,0,0,46640,50865,54401,57873,61917,63880,5000,5000,5000,5000,3000,3000,No
50000,Female,1,2,27,0,0,0,0,0,0,28387,36276,17445,15575,8075,-589,10000,1031,4050,4000,0,0,No
280000,Male,1,1,36,-2,-2,-2,-2,-2,-2,2624,-26,5214,17187,2848,5287,0,5240,17273,2861,5313,0,No
20000,Female,1,2,24,0,0,0,0,0,0,18556,19162,19293,19298,19198,0,1805,1400,405,400,0,0,No
90000,Female,1,2,27,2,0,0,0,0,2,27459,28514,29733,30138,33248,32564,1800,2000,1200,3600,0,2000,Yes
90000,Female,2,1,30,2,2,0,0,0,0,64937,63240,51426,37872,33780,47367,0,1798,1426,1450,40000,711,No
120000,Female,2,2,35,1,-2,-1,-1,-1,-1,0,0,554,4131,930,0,0,554,4131,930,0,2581,No
80000,Female,3,1,40,0,0,0,0,0,0,12171,11554,7830,4305,5427,6180,1500,1218,311,1351,1000,2000,Yes
180000,Female,2,1,68,0,0,0,0,0,0,127933,133279,127636,138164,142921,153691,15000,12000,20000,10000,20000,5000,No
200000,Female,1,2,32,-1,-1,-1,-1,-1,-1,326,6914,2343,23834,11000,1315,6914,2343,23834,11000,1315,1934,Yes
50000,Female,3,1,55,0,0,0,0,2,0,46300,10849,8857,9658,9359,9554,1200,1147,1222,0,350,338,No
30000,Female,2,1,27,0,0,0,0,0,0,23134,23302,22844,22101,19535,19580,1712,1400,442,391,500,0,No
50000,Female,2,2,24,0,0,0,0,-1,-1,50062,34819,48909,15033,3198,0,2000,15412,870,3198,0,0,No
80000,Female,2,1,37,-2,-2,-2,-2,-2,-2,1324,1087,0,5963,1280,1243,1087,0,5963,1280,1243,1216,No
120000,Male,2,2,34,1,2,2,3,2,0,45755,46725,49653,48571,47664,48720,2000,4000,0,0,2000,2000,Yes
30000,Female,1,2,29,0,-1,0,0,0,0,8326,557,8557,8400,20966,13638,557,8000,43,20109,222,62,No
260000,Female,2,2,30,-1,-1,-1,-1,-1,-1,165,165,274,165,333,165,165,274,165,333,165,293,No
50000,Male,2,1,62,0,-1,0,0,0,0,51350,50350,49289,49058,47512,48930,50908,1800,1800,1800,2200,1774,No
30000,Female,2,1,23,2,2,2,2,2,2,26795,29654,28879,30892,30500,0,3300,0,2500,0,0,0,No
50000,Male,3,1,59,0,0,-2,-2,-2,-2,51400,0,0,0,0,0,0,0,0,0,0,0,No
340000,Female,3,1,40,0,0,0,0,0,0,183139,179156,170491,158370,151685,143623,9000,9000,7000,6000,5400,5000,No
170000,Female,2,1,36,-1,-1,2,-1,0,-1,2600,5234,2394,7794,5920,2798,5234,0,8000,1500,2798,2600,No
460000,Male,1,2,28,0,0,0,0,0,0,460609,427584,373370,285926,264644,247298,18138,15481,10000,9072,8945,8567,No
20000,Male,2,2,56,1,2,2,2,0,0,17819,18239,19094,12393,13037,13817,1000,1500,0,1000,1000,1000,No
210000,Male,1,2,30,1,-2,-2,-2,-2,-2,0,0,0,0,0,0,0,0,0,0,0,0,Yes
30000,Male,2,2,25,2,2,2,0,0,0,29894,31423,30392,28314,29076,30065,2300,0,784,984,1400,0,No
50000,Female,2,2,30,1,3,2,2,2,2,47629,46592,47517,48439,49418,50326,0,2000,2000,1900,1900,1900,Yes
130000,Male,1,2,26,1,-1,2,2,-1,-1,-888,5806,888,0,5087,3103,6694,0,0,5087,3103,2490,No
30000,Female,3,2,24,2,2,2,2,2,3,15335,14804,16546,15985,17869,17291,0,2300,0,2300,0,0,Yes
60000,Male,2,1,35,0,0,0,2,2,2,10560,11312,13050,12578,14008,13179,1200,1900,0,1600,0,500,Yes
160000,Female,2,2,28,-1,-1,-1,-1,-1,2,1426,326,1976,810,2165,1997,326,1976,810,2165,0,28377,No
180000,Female,2,2,32,0,0,0,0,0,0,54797,56909,57466,58609,59828,59842,3000,2100,2100,2163,1000,2203,No
460000,Female,3,2,32,0,0,0,0,0,0,89747,89175,102350,134878,162715,203451,5000,15000,35000,30000,43451,20000,No
280000,Male,2,1,36,0,0,-2,-2,-2,-2,143650,0,0,0,0,0,0,0,0,0,0,0,No
100000,Male,2,2,33,1,-2,-2,-2,-1,0,0,0,0,0,79679,79691,0,0,0,79679,3300,3210,No
30000,Male,2,2,29,6,5,4,3,2,0,32875,32101,31071,30136,28496,29675,0,0,0,0,1642,0,Yes
150000,Female,1,2,29,0,0,0,0,0,0,39215,49300,53030,65006,50515,0,11200,16000,12376,1109,0,0,No
200000,Female,2,1,47,-1,-1,-1,-1,0,-1,11418,2541,10599,13865,6177,5519,2541,10599,13865,0,5519,2358,No
150000,Male,1,2,28,0,-1,-1,-1,0,0,123767,18479,7672,1736,82188,67578,20732,7672,1736,82178,5000,2600,No
370000,Female,2,1,45,0,0,0,0,2,2,162526,168389,338660,221808,222304,217704,10000,10000,114000,10000,0,9000,No
200000,Female,1,2,34,-1,-1,-1,-1,-1,-2,2603,11381,0,1000,0,0,11381,0,1000,0,0,0,No
200000,Female,1,1,32,-1,0,0,0,0,0,10760,11945,14562,22457,15569,9819,2000,5000,10000,5000,602,10000,No
30000,Female,1,2,24,2,2,6,6,5,4,1800,1800,1800,1800,1200,600,0,0,0,0,0,0,No
210000,Female,2,2,27,-1,-1,-1,-1,-1,-1,190,-310,1527,1901,0,2706,0,3054,2189,0,2706,0,No
120000,Female,2,1,42,0,0,0,0,0,0,94218,95129,172957,85332,87103,71237,3415,3002,3177,3271,2702,2620,No
470000,Female,2,1,35,0,0,0,0,0,0,218675,225519,230011,234639,239502,244328,8717,8000,6671,6882,6960,8751,No
60000,Female,6,1,39,-1,-1,-1,-1,-1,-1,183,1419,3541,2248,0,449,1419,3541,2248,0,449,0,No
260000,Male,1,1,53,-1,3,2,0,0,-1,1361,1188,792,792,396,2289,0,0,396,0,2289,164047,No
80000,Male,2,1,28,-1,-1,-1,-1,-1,-1,390,390,390,540,540,540,390,390,540,540,540,390,Yes
200000,Male,1,1,38,1,-2,-1,0,0,0,-57,-382,1293,968,643,318,0,2000,0,0,0,1370,No
70000,Female,2,1,27,2,2,2,2,2,0,31455,34623,34757,35888,35180,35941,4000,1000,2000,0,1500,3000,Yes
420000,Male,3,1,45,2,0,0,0,0,0,520453,520643,517746,428655,352793,350036,18500,20000,16000,11717,12000,12000,No
150000,Female,1,1,32,1,2,2,-2,-2,-2,4605,4390,-25,-25,-25,-25,22,0,0,0,0,0,No
240000,Male,2,1,44,0,-1,-1,-2,-1,0,8421,14201,-28,-401,5109,7001,14230,0,0,7000,2000,3919,No
360000,Female,1,2,43,1,-1,-1,-1,-1,-1,0,7221,26194,0,3550,2511,7221,26194,0,3550,2511,6895,No
390000,Female,2,1,30,0,0,0,0,0,0,98984,102158,96446,87912,89991,91470,5700,4000,3200,3500,3100,3000,No
180000,Male,2,2,27,-1,-1,-1,-1,-1,-1,11599,644,644,29944,644,264,644,644,29944,644,264,1024,No
50000,Female,1,2,25,-1,-1,-1,-1,-1,-1,2058,287,3423,0,3198,0,287,3423,0,3198,0,0,No
180000,Female,2,2,26,0,0,0,0,0,0,88846,89730,93682,103273,104492,109818,3279,6428,13669,3816,8048,3501,Yes
200000,Male,2,1,41,1,2,0,0,0,0,69963,67223,69167,69289,70333,70610,0,2943,2301,2374,2500,5300,No
50000,Male,2,1,36,1,-2,-2,-2,-2,-1,0,0,0,0,0,4473,0,0,0,0,4473,1650,No
280000,Male,2,2,29,-1,-1,-1,-2,-2,-1,330,9500,0,0,0,261,9500,0,0,0,261,0,No
90000,Female,2,2,40,-2,-2,-2,-2,-2,-1,9663,69279,59483,3065,854,2328,69616,59483,26665,854,2334,10825,No
420000,Male,1,1,46,2,2,0,0,0,0,436968,428712,425345,354852,353113,353720,0,16100,13000,14064,111170,11300,No
70000,Female,2,1,37,1,2,-1,0,0,2,7204,5326,5954,1069,4711,4514,0,5954,0,4514,0,0,No
170000,Female,2,1,34,-1,-1,-1,-1,-1,-1,1837,1328,321,0,3857,0,1328,324,0,3857,0,253,No
210000,Female,1,2,48,1,-2,-2,-1,-1,0,0,0,0,486,836,836,0,0,486,836,0,0,Yes
80000,Male,1,1,33,0,0,0,0,0,0,75593,71643,49481,38427,34683,159,2503,1508,1500,1600,279,0,No
70000,Female,1,2,48,0,0,0,0,0,0,62319,65102,63529,61778,42092,36751,6000,4000,3000,5000,5000,2000,No
100000,Male,2,1,29,2,2,2,3,3,2,82781,85536,90018,91151,89429,91185,5000,6800,3500,0,3400,3500,No
60000,Male,3,2,31,2,2,2,0,0,0,30841,34336,33489,35615,38027,39239,4000,0,3000,3000,2000,3000,No
350000,Male,2,2,29,0,0,0,0,0,0,36151,37624,38568,39569,41162,41961,2056,2000,2000,2004,2067,2060,No
180000,Female,2,2,36,1,-2,-2,-2,-1,-1,0,0,0,0,1482,0,0,0,0,1482,0,9262,No
200000,Male,2,2,30,0,0,0,0,0,0,67825,70193,64997,60907,62452,62191,10000,3000,2154,2500,2400,2300,No
120000,Female,1,2,26,0,0,0,0,0,0,67519,110908,46025,43887,36207,24612,3000,2100,2700,2000,1127,2202,No
70000,Female,2,2,24,0,0,-2,-1,-1,-1,16366,15500,9660,6208,702,4320,1000,9660,6208,702,4320,1650,No
200000,Female,1,2,39,-1,-1,-1,-1,-1,-1,10140,9956,16636,38409,8958,4573,9984,16754,38522,8983,4585,4549,No
50000,Male,1,1,38,0,0,0,0,0,0,21912,22939,23647,24118,24729,25267,1685,1393,864,1000,950,936,No
290000,Male,1,1,49,-1,-1,-1,0,-1,-1,4599,28420,7051,20356,17803,2722,28420,7051,20000,17803,2722,14979,No
120000,Male,2,2,26,0,0,0,0,0,0,74831,78082,80333,82497,84438,86332,4000,3062,3000,2773,3000,1899,No
220000,Female,2,2,37,-1,-1,-1,-1,-1,-1,1918,4626,5602,769,5595,2538,4626,5602,769,5595,2538,1686,No
50000,Female,3,1,50,0,0,0,-2,-2,-2,43140,43496,0,0,0,0,2500,0,0,0,0,0,No
360000,Female,1,1,35,1,-1,2,0,0,0,0,2819,2600,2800,2800,0,2819,0,200,0,0,0,No
140000,Male,2,2,45,0,0,0,0,0,0,36856,27919,24865,22892,50652,47334,1500,1273,607,41774,1712,1563,No
30000,Female,2,2,22,-2,-2,-2,-2,-2,-2,0,0,0,0,0,0,0,0,0,0,0,0,No
130000,Female,2,2,23,-2,-2,-2,-2,-2,-2,136,0,0,0,0,0,0,0,0,0,0,0,No
140000,Female,1,2,35,-1,2,-1,0,-1,-1,2736,1276,2552,1276,1276,1276,0,2552,0,1276,1276,1276,No
260000,Female,2,1,37,-1,-1,-1,2,2,2,3689,3992,503,503,503,503,3993,503,0,0,0,1200,No
60000,Male,2,1,32,0,0,0,0,0,0,56228,56861,58152,58615,54338,55915,2147,4740,1926,2597,2638,2478,No
20000,Male,1,2,36,0,0,0,-2,-2,-2,7075,7860,0,0,0,0,1000,0,0,0,0,0,No
250000,Female,3,2,26,0,0,0,0,0,0,188526,188454,176634,159655,139273,117986,7002,6500,6000,5500,4000,3847,No
20000,Male,3,2,27,0,0,0,0,-1,2,20443,19038,38730,-210,690,150,1558,1400,400,1290,0,780,No
50000,Female,3,2,25,0,0,0,0,0,0,6954,6032,6529,7533,7857,4424,2161,1000,1004,3004,1005,2006,No
210000,Male,2,2,35,1,-2,-2,-2,-2,-2,0,0,0,0,0,0,0,0,0,0,0,0,No
110000,Male,1,2,29,1,-2,-2,-1,0,-1,0,0,0,9150,1960,3930,0,0,9150,0,3930,0,No
20000,Male,2,2,28,1,2,2,2,0,0,2013,1837,3831,2825,1970,1735,0,2212,0,0,175,0,No
250000,Male,1,2,30,0,0,0,0,0,0,61331,42741,43214,36847,23230,21139,3000,2000,1048,1006,1507,10000,No
10000,Male,2,2,21,0,0,-2,-2,-2,-2,9900,0,0,0,0,0,0,0,0,0,0,0,Yes
140000,Female,1,2,30,-1,-1,-1,-1,-1,-1,4717,5329,5445,5328,6243,21030,5329,5445,5328,6243,21030,10266,No
100000,Female,2,2,25,0,0,2,0,0,0,87401,93476,91077,92885,94831,96907,7497,0,3324,3442,3653,4449,Yes
130000,Female,3,1,43,3,2,2,2,2,2,19085,18491,20579,19950,21625,21129,0,2400,0,2000,0,1800,Yes
80000,Female,1,2,23,0,-1,-1,-1,-1,-1,78358,826,-507,3129,1956,4246,826,0,4969,4990,2500,4000,No
350000,Female,3,1,38,-2,-2,-1,0,0,0,362,792,3015,6980,8762,7532,792,3019,4580,4000,284,1000,No
120000,Female,2,1,33,1,-2,-2,-2,-1,-1,0,0,0,0,197,0,0,0,0,197,0,0,No
480000,Male,3,1,46,0,0,0,0,0,2,277803,287770,296399,314867,331653,324093,16000,15000,25000,22000,5000,10000,No
20000,Female,2,2,24,0,0,0,0,3,2,3980,5075,5979,6796,6463,2255,1318,1183,1000,0,0,2440,Yes
30000,Male,2,1,43,0,0,0,0,0,0,24643,24963,24428,23598,23696,23147,2496,1357,1000,843,993,853,No
500000,Female,2,2,48,0,0,0,0,0,0,185627,182655,180782,194893,93416,94255,8000,9387,20000,3525,3338,3450,No
360000,Male,3,1,55,0,0,0,0,0,-2,23439,19112,10730,20530,987,837,5000,1200,10000,987,0,1017,No
90000,Female,2,1,34,1,-1,-1,-2,-2,-1,0,2098,0,0,0,501,2098,0,0,0,501,0,No
90000,Female,3,1,44,0,0,0,0,0,0,94393,93361,91820,48220,45766,43343,3820,3785,1721,1651,1661,2147,No
150000,Female,1,2,33,-1,-1,-2,-2,-2,-2,717,-959,-959,-959,-959,-959,0,0,0,0,0,0,No
130000,Female,3,1,49,1,-1,2,0,0,0,0,10152,9840,11671,11914,12155,10152,0,2000,431,438,244,No
10000,Male,1,2,26,-1,2,-1,-1,-1,-2,10252,5677,2735,4564,0,0,0,2735,4564,0,0,0,No
70000,Male,2,1,35,0,0,0,0,0,0,32507,29775,31273,33739,34632,33746,3000,2000,3000,1600,1500,1600,No
220000,Male,1,2,32,0,0,0,0,0,0,207384,213290,219202,222114,173898,166686,9252,11000,8769,6678,6053,6235,No
150000,Female,1,2,29,-2,-2,-2,-2,-2,-2,23414,23349,0,3180,0,13649,1000,0,3180,0,13649,1000,No
140000,Male,3,0,47,0,0,0,0,0,0,75883,67073,57233,52295,49047,38796,2536,5017,10012,10013,3010,6015,No
160000,Female,2,1,34,2,2,0,0,0,0,160285,156328,159322,124363,126802,129365,0,7661,4607,4602,4671,4780,No
80000,Female,1,2,27,-1,-1,-1,-2,-2,-1,825,825,-6042,-6867,-8692,54375,825,0,0,0,150000,10000,No
50000,Male,3,1,39,0,0,-2,-2,-2,-2,44574,0,0,0,0,0,0,0,0,0,0,0,No
20000,Male,2,1,32,0,0,0,2,2,0,9622,10974,14963,15123,14741,15340,1511,4500,700,0,1000,1500,No
10000,Female,5,2,21,0,0,0,0,0,-2,7691,8107,8036,8099,0,0,1192,1000,162,0,0,0,No
320000,Female,2,2,34,-1,-1,-1,-1,0,-1,7806,2944,11755,52566,36658,42332,2944,11768,52592,0,42332,27435,No
290000,Female,1,1,40,-1,-1,-1,-1,-1,-1,550,550,550,550,550,550,550,550,550,550,550,0,No
50000,Female,1,1,43,0,0,0,0,2,0,49390,50612,29975,30559,29433,30045,2449,1778,2382,0,1251,1051,No
140000,Female,2,1,51,-2,-2,-2,-2,-2,-2,4885,649,-9,-9,3177,-10,650,0,0,3186,0,0,No
140000,Female,1,1,36,0,0,0,0,0,0,132629,135901,138858,97585,95447,91717,5406,5700,3600,13500,3466,3333,No
50000,Female,2,1,49,-1,-1,0,0,-1,-1,3126,25362,23683,22833,1352,20791,25368,1237,457,1354,20794,540,No
360000,Male,1,2,34,-1,2,0,0,0,-2,9,9,2009,1029,0,0,0,2000,0,0,0,399,Yes
280000,Female,2,1,48,-2,-2,-2,-2,-2,-2,9517,36527,14899,18374,13369,8854,36527,14927,18410,13369,8854,17863,No
410000,Male,1,2,37,0,0,0,0,0,0,59728,66109,67396,70701,74590,78380,8000,3000,4400,5000,5033,345,No
30000,Female,1,2,26,-1,-1,-1,-1,0,0,125,125,125,4671,25871,15222,125,125,4671,25000,3000,2256,No
50000,Female,3,1,50,1,2,2,-2,-2,-2,4446,4166,0,0,0,0,0,0,0,0,0,0,No
60000,Female,2,2,26,0,0,0,0,0,0,57171,58656,53271,54331,55513,56898,2464,1932,1944,2057,2351,1963,No
170000,Female,2,2,29,0,0,0,0,0,0,47742,45529,42805,38017,39239,39411,2105,2447,1200,3000,2000,1500,No
230000,Male,2,2,28,-1,-1,-1,-1,-1,-1,651,651,651,0,651,1496,651,651,0,651,1496,1953,No
30000,Female,2,1,25,0,0,0,2,2,2,29883,27523,31010,30207,31203,30554,2000,4273,0,2640,0,1500,Yes
360000,Female,1,1,42,-1,-1,-1,-1,-1,-1,5658,4164,2469,0,5724,7334,4164,2469,0,5724,7334,5221,No
360000,Male,1,1,30,0,0,0,-1,-1,-1,98048,69568,22030,498,3150,1074,4000,5000,498,3150,1074,2416,No
150000,Male,1,2,38,0,0,-2,-2,-2,-2,421504,299860,300000,0,0,0,17000,17000,0,0,0,0,No
110000,Female,3,1,36,0,0,-1,-1,-1,-2,2309,3238,250,3100,0,0,1002,450,3100,0,0,0,No
200000,Male,1,1,37,-1,-1,0,0,0,0,2896,10706,10323,8440,4963,10222,10720,3014,1027,2022,10017,2030,Yes
50000,Male,3,2,33,1,-2,-2,-1,-1,-2,0,0,0,1000,0,0,0,0,1000,0,0,0,No
150000,Male,2,2,28,0,0,0,0,0,0,79426,71364,71219,56277,54231,55243,3003,2503,1880,1875,2666,1396,Yes
360000,Male,1,2,36,0,0,-1,-1,-1,-1,331365,338400,493,0,2030,2112,15000,493,0,2030,2112,750,No
130000,Male,3,1,49,0,0,0,0,0,0,119466,116833,106524,89412,86993,87433,5044,5067,5013,5002,4002,5009,No
230000,Female,3,1,48,-1,-1,0,0,-2,-1,500,14883,33151,0,0,469,14883,20757,0,0,469,716,No
480000,Female,2,2,48,-1,-1,-1,-1,-1,-1,2475,995,3647,7621,1735,302818,1000,3652,7626,1740,302823,19608,No
30000,Female,3,1,35,2,0,0,0,0,0,28852,29777,29478,30290,27803,25762,1700,1700,1500,1500,1500,1500,Yes
150000,Female,2,2,42,0,0,0,0,0,0,89341,79904,72182,61014,49502,46055,5000,6000,3000,2000,10000,5000,No
500000,Male,1,1,42,-1,-1,-1,-1,-1,-1,29365,94120,36511,18323,7865,7960,94135,36575,18323,13445,9016,7077,No
220000,Female,2,1,43,1,-2,-2,-2,-2,-2,0,0,0,0,0,0,0,0,0,0,0,0,Yes
360000,Female,1,2,56,-2,-2,-2,-2,-2,-2,437,241,0,0,0,2628,241,0,0,0,2628,163,Yes
160000,Female,2,1,42,0,0,0,0,0,0,165686,169969,170142,119529,122059,111378,8450,5289,4022,4195,3986,3958,Yes
610000,Male,1,2,35,0,0,0,0,0,0,269672,274882,276887,260761,266747,271886,10000,11000,10000,11000,10000,10000,No
20000,Male,3,2,29,-1,-1,-1,-1,-1,-1,4453,7997,6573,7422,4381,11718,8019,6779,7547,4589,12000,7556,No
70000,Female,2,1,28,1,3,2,0,0,2,9192,8905,8611,8879,9746,8710,0,0,400,1000,0,700,Yes
260000,Female,1,1,35,0,0,0,0,0,0,51133,60247,63615,71839,75506,78647,10000,5000,10000,5000,5000,10000,No
30000,Male,2,1,47,-1,-1,0,0,0,0,778,5898,8610,8402,10878,10790,5900,3000,299,3000,608,274,Yes
20000,Male,2,2,34,1,2,0,0,0,0,20690,20075,19492,19859,19232,15608,0,1500,805,7000,542,242,Yes
160000,Female,3,2,25,-1,-1,-1,-1,-1,-1,141,-756,11520,1520,5171,3716,201,13040,0,5171,3716,107,No
20000,Female,2,2,23,0,0,0,0,0,0,16575,17629,18552,15562,16308,17034,1327,1250,800,1000,1000,1000,No
330000,Male,1,1,61,-2,-2,-2,-2,-2,-2,14897,19364,906,2342,1702,882,19364,906,2342,1702,882,1940,No
70000,Male,2,2,25,0,0,0,2,2,2,50224,58639,11512,10586,20389,17369,10000,10000,0,10000,0,33000,No
300000,Male,1,2,27,-2,-2,-2,-2,-2,-2,0,0,0,0,0,0,0,0,0,0,0,0,No
280000,Female,2,2,30,2,2,2,2,2,0,254307,257669,226452,215692,194206,185854,9100,5509,7604,0,9200,6400,No
180000,Female,2,1,33,0,0,0,0,0,0,47050,49282,50159,51336,54332,56249,3000,2000,2011,4000,3000,3000,No
50000,Female,1,2,50,0,0,0,0,0,0,51016,49000,20356,20241,20304,20119,2098,1303,698,719,716,833,No
230000,Female,3,2,30,-2,-2,-2,-1,2,0,122344,115723,44178,4221,4009,8990,5492,2600,7797,0,5180,4606,Yes
200000,Female,2,1,51,-1,-1,-1,-1,-1,-1,9754,55904,8720,4410,1186,28679,56243,8860,4410,1186,28679,0,Yes
250000,Male,2,2,30,0,0,0,-1,2,-1,5724,6729,4973,9693,799,4295,2000,2305,4720,0,4305,0,No
100000,Male,1,2,31,1,2,0,0,2,0,104395,101736,106101,54707,54924,52141,1867,1867,5026,2800,2800,2800,No
470000,Female,1,2,30,-2,-1,-1,-2,-1,-1,1689,499,350,2277,41523,2175,499,350,2277,41523,2175,6351,Yes
80000,Female,1,2,26,-1,-1,-1,-1,-1,-1,3900,331,9970,4250,4574,0,331,9970,4250,4574,0,0,No
250000,Male,2,1,39,0,0,0,0,0,0,20461,22813,24063,24886,26446,20301,3000,2000,1500,2000,2000,3000,No
20000,Male,3,1,36,2,2,3,3,3,3,1050,1050,1050,1050,1050,1050,0,0,0,0,0,0,Yes
360000,Female,1,2,32,1,-2,-2,-1,-1,-1,0,0,0,499,1113,392,0,0,499,1113,392,455,No
80000,Female,2,1,26,0,0,0,0,0,0,35897,30090,29299,12406,1308,-52,1510,2085,248,26,52,0,No
100000,Female,2,1,27,1,1,-1,0,0,0,3856,-1278,7571,5386,1133,4143,2,9586,1014,500,3010,1,No
620000,Male,1,1,39,0,0,0,0,0,0,346927,90849,90493,90025,88406,89111,5200,5400,3173,3200,3500,3164,No
100000,Female,3,1,28,2,0,0,2,2,2,29770,30485,32434,32592,33102,33860,1825,3100,1300,1500,1771,0,No
30000,Male,1,2,22,0,0,0,3,2,0,18796,23153,27439,26708,26141,26823,5000,5000,0,0,1115,2500,No
180000,Male,1,2,28,-1,-1,-1,-1,-1,-1,2619,1839,2544,1134,1313,1332,1839,2544,1134,1313,1332,2444,Yes
330000,Female,1,1,36,-1,-1,2,-1,-1,-1,2964,36,36,24699,2912,14231,36,0,24863,2912,14231,6976,No
90000,Male,2,2,34,1,2,0,-1,-1,0,50281,14033,12628,20172,73512,72588,0,2000,20172,73512,3000,4000,No
280000,Male,1,1,41,-1,-1,-1,-1,-1,-1,718,3910,1906,837,360,350,3927,1913,841,360,350,2095,No
20000,Male,2,2,30,1,2,0,0,0,-2,18231,34558,17363,17569,0,0,0,1200,406,0,0,0,Yes
240000,Female,1,2,27,0,0,0,0,0,0,176829,174143,165755,166291,141380,130742,7058,6800,4050,6084,8028,4267,No
30000,Male,2,1,35,1,-2,-2,-1,3,2,-2221,-8152,-4220,30821,30071,28767,0,0,35821,0,0,1000,No
20000,Male,2,1,46,1,2,0,0,0,-2,19866,19257,18901,18210,0,0,0,1200,9,1000,0,0,Yes
180000,Female,1,1,38,2,0,0,0,0,0,183939,176737,179787,181918,169664,173169,8000,7900,6900,6200,6700,6700,Yes
140000,Male,2,2,62,0,0,0,0,0,0,143107,138581,123491,118886,117059,117405,4839,5000,5000,7500,7000,5029,No
20000,Female,1,2,24,0,0,0,0,0,0,17147,18264,19145,17322,16989,12699,1700,1500,822,1000,1000,500,No
230000,Female,1,1,31,-2,-2,-2,-2,-2,-2,0,0,0,0,0,0,0,0,0,0,0,0,Yes
90000,Female,2,2,39,2,2,2,2,2,2,82326,82827,87070,87961,86445,91520,2700,6500,3200,0,6500,0,No
170000,Female,2,1,33,-1,-1,-1,-1,-1,-1,263,641,0,638,0,362,641,0,638,0,362,1079,No
80000,Male,2,2,30,0,0,0,0,0,0,79949,65416,45991,47229,48468,49490,2500,2000,2000,2000,1826,2000,No
80000,Male,2,1,36,-1,-1,0,0,0,0,9097,31091,34651,26569,20082,25535,31091,20000,5000,10000,10000,0,No
80000,Male,1,2,37,0,0,0,0,0,0,68553,69191,71918,71534,73344,75218,3000,3310,2200,2400,2500,2400,No
120000,Female,2,2,26,0,0,0,-2,-2,-1,4787,6190,0,0,0,4800,1500,0,0,0,4800,0,No
50000,Female,2,1,47,2,0,0,2,2,2,10992,12047,15257,15410,15917,15514,1540,3750,700,900,0,600,Yes
260000,Male,2,1,64,2,2,2,2,2,2,2500,2500,2500,2500,2500,2500,0,0,0,0,0,0,Yes
180000,Male,1,1,35,0,0,0,0,0,0,170128,172258,138807,132806,135603,137803,7187,5000,4749,5141,4916,4000,No
30000,Female,2,1,23,0,0,0,0,0,0,27141,28297,29012,29754,30211,29853,1900,1500,1200,1300,1500,1180,No
80000,Male,3,1,52,1,2,2,2,2,2,13701,13034,4119,2705,2855,1411,0,1200,0,1411,0,390,Yes
50000,Male,2,1,36,0,0,2,0,0,0,14668,17194,13948,12165,10242,8428,2800,0,500,360,500,125,No
50000,Male,3,1,41,0,0,0,0,0,0,13868,13060,11151,7921,6949,4716,1227,1073,230,241,138,1191,No
90000,Female,2,2,28,2,0,0,0,2,0,48177,49563,47750,47169,46284,47519,2500,2500,3700,0,2200,1800,Yes
460000,Female,2,1,39,-1,-1,-1,2,0,-1,15950,13101,22551,21851,22214,80132,13101,10000,0,10000,80132,4882,No
50000,Male,2,2,35,1,2,2,0,0,2,40624,41381,40416,41395,44063,44587,1700,0,1650,3505,1400,1700,Yes
50000,Male,2,2,37,0,0,0,0,0,0,50581,47990,33276,28507,28709,29793,2020,2010,2000,2000,2000,2000,Yes
240000,Male,1,1,39,1,-2,-2,-2,-2,-2,-18,-18,-18,-18,-18,-18,0,0,0,0,0,0,No
360000,Male,2,1,43,-1,-1,-1,-1,-1,-1,6146,945,5497,4162,1724,1569,1000,5500,4182,1800,1570,1180,No
150000,Female,4,2,23,0,0,0,0,0,0,27338,23410,24410,27007,28585,27827,1403,1403,3000,2000,1155,2000,No
20000,Male,2,2,24,0,0,0,0,-2,-2,18186,19086,19618,0,0,0,1500,1000,0,0,0,0,No
30000,Male,3,2,44,4,3,2,7,7,7,2646,2646,2646,2646,2646,2646,0,0,0,0,0,0,No
200000,Female,1,2,44,-2,-2,-2,-2,-2,-2,0,0,0,7800,30223,10715,0,0,7800,30223,10715,1354,No
80000,Female,6,2,51,0,0,0,0,-1,0,9747,7592,7420,1467,7505,3837,1203,1020,1467,7505,135,61,No
260000,Female,2,2,28,0,0,0,0,0,0,154489,143383,132873,122528,111409,100032,6000,5000,5000,4000,3600,5005,No
20000,Male,2,2,49,2,0,0,0,0,0,7823,8691,9701,9894,10102,10534,1151,1161,354,367,600,600,Yes
240000,Female,1,2,39,0,0,0,0,0,0,123704,125133,128856,131620,134413,137188,4905,5800,4900,4900,5000,4515,No
120000,Female,1,2,44,1,2,2,2,0,0,27500,28565,29003,28241,28933,30956,1800,1200,0,1300,2500,0,No
20000,Female,2,2,22,0,0,0,0,0,0,20117,18784,19538,17958,4968,780,1466,2000,1000,600,0,0,No
20000,Female,3,1,52,0,0,2,0,0,0,9410,11840,11260,11260,11260,0,2600,0,0,0,0,0,No
430000,Female,1,1,37,-1,-1,-1,-1,-1,-1,1669,412,23547,5064,13258,2249,416,23547,5064,13258,2249,3686,No
80000,Female,2,1,46,0,0,0,0,0,0,76270,77376,38556,34345,36020,38420,3400,3000,3000,3000,3000,3000,No
50000,Male,2,2,25,0,0,0,0,0,0,47809,49040,29662,28360,28831,29487,2141,1763,1161,1077,1167,1004,No
140000,Male,3,2,35,0,0,2,0,0,0,47422,52831,51345,49734,50476,50751,6800,8,1718,4000,2001,1879,No
50000,Male,2,1,31,1,2,0,0,0,0,51203,50110,51066,50737,50827,50856,0,2100,1800,1900,2100,1800,No
50000,Male,1,2,25,0,0,0,0,0,0,45079,45741,47561,39482,40066,38994,1773,3528,2002,2005,1398,908,No
80000,Female,3,0,37,-2,-2,-2,-2,-2,-2,7070,3087,5210,3882,4785,1000,3087,5215,3882,4785,1968,0,No
50000,Female,2,1,26,1,2,2,2,2,2,16919,17854,18265,20455,19986,21747,1500,1000,2500,0,2100,0,No
80000,Female,2,1,37,0,0,0,0,0,0,39839,40596,41914,42618,43525,44433,1700,1996,1700,1745,1800,2500,No
80000,Female,2,1,60,1,-1,-1,-1,-1,-1,-2,759,596,-4,1426,1300,761,597,0,1430,1309,1844,Yes
360000,Female,1,1,52,-1,-1,-1,-1,-1,-1,7542,6302,4719,1577,1577,21220,6302,4719,1577,1577,21220,10744,No
60000,Female,2,2,41,0,0,0,0,0,0,60672,58929,60335,59384,60861,59241,2741,3000,2300,2600,2200,2665,No
290000,Female,1,2,31,-1,-1,-1,0,0,0,1170,0,83289,82889,82889,1964,0,83289,0,0,0,7951,No
50000,Male,1,2,56,0,0,0,0,0,0,47076,48427,49317,50855,18177,18823,2110,2000,2376,709,998,535,No
360000,Female,5,2,28,0,0,0,0,-1,-1,243114,46734,12558,0,730,500,1587,1028,0,730,500,0,No
440000,Female,2,1,40,-1,-1,-1,-1,-1,-1,3278,2028,981,873,873,840,2035,982,874,874,841,7453,No
500000,Male,1,1,36,-1,-1,-1,0,0,0,396,1043,19230,116696,194483,195454,1043,19230,100062,94503,10000,40000,No
240000,Male,2,2,27,1,-2,-2,-2,-2,-2,0,0,0,0,0,0,0,0,0,0,0,0,No
100000,Male,2,2,31,0,0,0,0,0,0,21345,26288,23386,25362,26318,42484,6363,4386,5362,4344,20000,4382,No
200000,Female,1,1,47,1,2,2,-2,-2,-2,4503,3350,-2209,-2209,-3607,1069,0,630,0,200,10000,2800,No
260000,Male,1,1,43,1,-1,2,0,-1,-1,-10,5172,2800,3804,5009,3035,5182,9,2998,5034,3050,2965,No
70000,Female,3,1,53,2,2,2,2,2,2,54251,55402,53925,56814,58053,59246,2600,0,4400,2300,2300,2100,Yes
20000,Male,3,1,53,0,0,2,0,0,0,17614,19323,19694,20004,20159,20059,2000,1000,1000,1000,1000,800,Yes
180000,Male,1,2,38,1,2,0,0,0,0,124233,125768,126202,127677,99764,0,5000,4200,3000,5000,2000,0,Yes
80000,Female,2,1,44,0,0,0,0,0,0,47102,24470,25614,21053,18531,19051,1473,1617,856,672,828,910,No
140000,Female,1,1,41,0,0,0,0,0,0,142129,130705,99736,80445,81005,79387,15126,9064,4009,5014,5011,7006,Yes
120000,Male,1,1,36,2,0,0,0,2,0,117492,104895,58743,60469,57532,55702,3985,3000,5000,0,2000,1600,Yes
320000,Female,1,1,42,0,0,0,0,0,0,197352,201913,103278,62891,64948,66961,9000,6000,3000,3000,3000,3000,No
70000,Male,2,1,39,0,0,0,0,0,0,6056,7292,8663,9018,9222,9568,1500,1500,500,500,500,1000,No
120000,Female,2,1,42,-1,-1,-1,-1,-1,-1,499,499,499,499,499,1148,499,499,499,499,1148,0,No
150000,Female,2,2,25,0,0,0,0,0,0,100165,102327,101572,103062,83567,85098,5000,3500,3000,3000,3100,3100,No
230000,Female,2,1,32,-1,0,0,0,0,-2,1560,1766,2720,3720,0,0,1046,1000,1000,0,0,44752,No
30000,Female,3,0,46,1,2,2,2,2,2,20143,19532,22194,21542,24022,25473,0,3000,0,3000,2000,0,No
290000,Female,2,1,34,0,0,0,0,0,0,38027,23036,129433,117500,113149,102593,6000,120000,5000,5000,5000,3500,No
50000,Female,2,1,36,-1,-1,-2,-2,-2,-2,4782,0,0,0,0,0,0,0,0,0,0,0,No
360000,Male,1,2,34,0,0,-1,0,0,0,14867,14612,13739,7995,9480,9952,1079,14598,1017,5022,5049,3304,No
160000,Female,3,1,56,-1,-1,-1,-1,0,0,2992,4562,-928,1619,928,0,4562,0,2547,0,0,0,No
60000,Male,1,2,27,0,0,0,0,0,2,21387,22416,23444,26038,28607,27997,1378,1406,3000,3000,0,923,Yes
420000,Male,2,1,34,0,0,0,0,0,0,226007,226465,205276,206521,209775,194883,10000,9600,6700,7000,7042,7112,Yes
50000,Male,1,1,42,0,0,0,0,0,0,49887,49515,38680,29664,29057,29083,1850,1507,1100,1200,1116,2900,No
360000,Female,2,2,34,1,-2,-2,-2,-2,-2,0,0,0,0,0,0,0,0,0,0,0,0,No
250000,Male,3,1,46,0,0,0,0,-1,0,55891,59152,20615,13896,79740,70097,21343,1238,1235,79788,2148,18253,No
160000,Male,1,2,32,0,0,2,2,2,3,82345,91345,92444,93715,97451,97477,9000,3500,3700,5400,1900,0,No
50000,Male,2,2,30,1,2,0,0,0,0,52419,51309,51135,48371,56294,61259,0,2500,2271,50000,10100,3000,No
160000,Male,1,2,29,1,-1,-1,0,0,-1,-113,18887,2323,9032,5630,9141,19000,3000,9000,0,9596,10284,No
220000,Male,1,2,31,0,0,0,0,-1,0,5254,5868,8708,4078,5365,4055,5000,3040,3520,5371,20,0,No
70000,Female,3,1,43,2,2,2,2,2,2,26193,26977,27733,27982,27396,28341,1500,1500,1000,0,1400,2000,No
50000,Male,3,1,43,0,0,0,-1,0,0,10898,8754,0,16475,16821,17220,1000,0,16475,611,679,344,No
120000,Male,1,2,29,0,0,0,0,0,0,25602,30156,33632,36574,38985,40339,5000,4000,3500,3000,2000,5036,No
50000,Male,3,3,55,2,0,0,0,0,0,47067,48410,49218,18937,19183,19761,2400,2200,824,700,900,852,No
210000,Female,2,1,32,0,0,0,0,0,0,132082,131015,133815,134585,127282,125338,6500,6500,4400,5000,7000,6000,No
120000,Female,1,2,28,-1,2,-1,-1,2,2,594,594,15611,7628,7361,9200,0,15611,3000,0,2000,0,No
260000,Female,2,1,40,0,0,0,0,0,0,138602,135999,133752,135053,133888,132486,4870,6307,5007,5015,4773,4770,No
120000,Male,2,1,41,1,2,2,2,2,2,39606,40679,39730,42148,44509,45643,2000,0,3400,3200,2000,2000,No
250000,Male,1,2,30,1,-2,-2,-1,-1,-1,0,0,0,700,150,200,0,0,700,150,200,0,No
30000,Male,2,2,33,0,0,0,0,0,0,29956,30536,30162,29819,14071,0,29000,1200,637,2000,0,0,No
50000,Male,2,1,28,-2,-2,-2,-2,-2,-2,2862,20499,9555,4807,14429,9872,20637,9588,4821,14472,10002,3254,No
70000,Female,3,2,23,0,0,2,0,0,0,16103,17185,16581,14106,14427,11689,2800,0,650,650,570,450,No
200000,Female,1,2,59,0,0,0,0,0,0,180887,166921,155945,109271,36753,78079,10000,30000,7,7000,73000,700,No
100000,Female,2,1,29,0,0,0,0,0,0,48065,49189,50746,51158,49226,51211,1900,2400,1800,1800,2800,2100,No
200000,Male,2,1,36,-1,-1,-1,-1,-1,-1,4670,4670,4670,4670,4670,4670,4670,4670,4670,4670,4670,4670,Yes
280000,Female,1,2,29,-1,-1,-1,-1,-1,-1,3009,3437,4132,2693,659,3277,3454,4170,2703,659,3297,423,No
420000,Male,1,1,54,-1,-1,-1,-1,-1,-1,12349,6545,6377,18801,22180,13211,6576,6420,18892,22285,13270,10683,No
400000,Female,1,2,32,0,0,0,0,-1,-1,35383,33892,22071,18161,14669,686,12119,9177,90,14709,686,18444,No
180000,Female,2,2,27,0,0,0,0,0,0,28978,25271,19917,22659,16114,15587,5029,12000,12659,10000,9000,9000,No
340000,Female,1,2,29,0,0,0,0,0,0,182441,181085,179607,177506,176233,173279,6550,6500,5830,6053,5200,5076,No
500000,Male,1,2,38,-1,-1,-1,-1,-1,-1,3109,34228,7981,695,1130,41026,34241,7993,695,1130,41026,25880,No
420000,Female,2,2,37,1,-1,0,0,-1,0,6277,30512,17516,8773,15437,26376,31326,1150,205,15442,22292,1003,No
180000,Female,1,2,32,-2,-2,-2,-2,-2,-2,10989,228,1540,0,0,0,228,1541,0,0,0,0,No
120000,Male,3,1,46,0,-1,0,0,0,0,94953,116914,89799,89913,88484,90477,120656,3520,2931,3180,3432,1116,No
50000,Female,2,1,49,0,0,2,0,0,0,48501,51105,39094,19476,19483,19634,3500,0,680,693,851,700,No
150000,Female,2,2,26,0,0,0,0,0,0,36302,33060,33988,35112,36532,36345,2070,3995,3113,2540,3348,2029,No
20000,Female,1,2,22,1,2,2,0,0,2,11087,11712,11164,11395,11927,9186,1100,0,289,594,0,50,No
150000,Male,3,1,27,2,2,2,2,0,0,183405,188959,192342,189717,195670,198611,10000,8000,2000,9000,8000,110000,No
40000,Male,2,2,27,6,5,4,3,2,0,42055,41146,40114,38797,38244,38478,0,0,0,0,871,116,Yes
180000,Female,1,1,30,0,0,0,0,0,0,116218,124296,128002,127286,119733,116705,10000,6007,4304,4241,4200,4250,No
120000,Female,2,2,43,2,2,0,0,0,0,124613,121211,120920,47951,41563,36779,0,3507,2000,2500,2000,1500,Yes
420000,Male,1,2,42,0,0,0,0,0,0,155814,155282,116385,106961,92331,89566,5397,5678,3577,3023,3026,3012,No
120000,Female,2,2,24,0,0,0,0,0,0,29161,29891,30893,32804,32213,31891,1500,1500,2401,1155,1460,1086,No
230000,Female,2,1,27,0,0,0,0,0,0,25947,26998,25825,25908,26341,27898,1800,1500,1500,1000,2000,2000,No
50000,Male,2,3,46,0,0,0,0,0,0,49776,50405,49099,19125,18504,19197,2056,1300,669,671,1000,684,Yes
50000,Female,2,1,36,0,0,0,0,0,0,52136,50942,49715,21332,20096,18883,2218,2519,712,706,740,600,No
320000,Male,1,1,40,0,0,0,0,0,0,151222,135038,108924,109710,116813,118984,6500,8000,4000,9000,4000,5000,No
70000,Female,2,2,23,2,0,0,0,2,0,69074,70811,67397,50126,47604,43429,2875,2327,3533,0,1367,1322,Yes
280000,Female,1,2,27,0,0,0,0,0,0,160889,165400,166712,170059,154387,157832,9000,6000,6000,6000,6000,6000,No
180000,Male,1,1,48,0,0,0,0,0,0,66092,65236,65912,66523,67020,67259,2370,3000,3000,2588,2500,3500,No
340000,Female,2,2,25,1,-2,-2,-1,-1,-1,0,0,0,1888,4777,4752,0,0,1888,4777,4752,1888,No
200000,Female,2,2,25,0,0,0,0,-1,-1,41357,22770,23231,6979,2428,2099,3262,3346,3034,2440,2109,0,No
180000,Female,2,2,28,0,0,0,0,0,0,10479,11793,12500,13383,14760,15472,1410,1117,1000,1500,1000,1000,No
50000,Female,1,2,25,0,0,0,0,0,0,42056,46024,45452,45450,41154,39034,5000,2000,1500,2000,4000,1364,Yes
120000,Female,2,2,31,0,0,0,0,0,0,115573,117767,115918,116918,118698,121372,5700,4172,4168,4770,5119,2954,No
360000,Male,3,1,46,-2,-2,-2,-2,-2,-2,0,0,0,0,0,0,0,0,0,0,0,9451,No
240000,Male,2,1,50,-1,-1,-1,-1,-1,-1,419,419,419,419,419,419,419,419,419,419,419,419,No
200000,Female,2,1,38,-1,-1,-1,-1,-1,-1,780,0,390,390,390,390,0,390,390,390,390,390,No
410000,Male,2,1,45,-2,-2,-2,-2,-2,-2,597,2326,7670,1761,6930,0,2329,7670,1761,6930,0,2675,No
110000,Male,1,2,27,0,0,0,0,0,0,34314,33538,37448,34963,28197,30331,5000,5000,3000,3150,3000,3000,No
210000,Female,2,2,27,0,0,0,0,0,0,87909,86769,85001,83811,82399,81434,4100,3500,3113,3000,3331,2546,No
300000,Male,1,1,42,1,2,2,2,2,2,32643,33427,32591,34943,35536,36403,1600,0,2900,1300,1600,0,No
390000,Female,1,2,29,0,0,0,0,0,0,283965,278793,275339,268728,271979,272076,8724,8445,8103,8324,9198,8365,No
30000,Male,2,1,51,0,0,0,0,0,-2,28916,29451,27779,28340,0,0,11592,1500,959,0,0,0,Yes
20000,Female,2,2,24,0,0,0,0,0,0,2004,3193,4050,4129,4367,4613,1211,1068,147,304,467,0,Yes
70000,Female,2,2,23,-1,-1,-1,0,0,0,1823,326,6598,6405,7248,8090,326,6598,227,1270,1296,271,No
70000,Female,1,1,35,4,4,3,2,0,0,77021,73268,70275,46045,42357,41026,0,2001,0,1666,1505,2079,No
50000,Male,1,2,25,-1,3,2,0,0,-1,1304,978,652,326,0,1454,0,0,0,0,1454,0,Yes
30000,Male,3,2,51,0,0,0,0,2,2,25358,26447,26946,28957,29408,29840,1800,1300,2400,1000,1000,0,No
130000,Male,1,2,33,1,2,2,2,0,0,36672,35807,40851,39526,41346,40630,0,6000,0,3000,1000,1100,No
130000,Male,2,1,39,0,0,-1,0,-1,-1,1240,0,1138,1138,2478,-3040,0,1138,0,2500,0,0,No
20000,Male,2,1,38,1,-2,-2,-2,-2,-2,0,0,0,0,0,0,0,0,0,0,0,0,Yes
30000,Female,2,1,34,-1,-1,2,0,0,0,411,995,579,1430,1414,1398,1000,0,1420,400,400,0,No
170000,Female,2,2,26,0,0,0,0,0,0,30005,30621,30308,30163,29999,29973,1842,1708,1163,1199,1173,952,No
120000,Male,2,1,31,2,2,2,2,2,2,53672,56495,57455,58127,59367,60333,4300,2500,2200,2300,2114,1,Yes
50000,Male,1,2,42,1,2,2,2,2,2,44350,43360,45892,46886,48037,47551,0,3300,2000,2000,396,1600,No
130000,Female,3,1,41,0,0,0,0,0,0,131728,132063,128599,131454,126621,126724,7000,4700,5013,4601,4525,4800,No
110000,Female,3,2,32,0,0,0,0,0,0,50433,42098,42753,42428,43740,44858,2200,2000,2500,2300,2300,2000,No
80000,Female,1,2,28,0,0,0,0,0,0,53301,55444,60738,62818,45413,44793,3525,10000,7296,3000,3000,4500,No
500000,Female,2,2,32,0,0,0,0,2,0,33763,43081,44277,46605,35766,26175,10000,2200,3500,0,1100,800,No
20000,Female,2,1,23,0,0,-1,-1,-1,0,14313,4256,200,0,18844,12052,1000,200,0,18844,241,0,No
370000,Male,2,2,30,-1,-1,-1,-1,-1,-1,25588,1259,1259,3661,4484,24233,2096,1263,3665,4488,24262,11175,Yes
50000,Male,2,2,22,0,0,0,0,0,0,49551,42517,35458,19778,19929,19790,1707,1321,687,705,811,874,No
80000,Male,1,2,29,-1,-1,-1,-2,-2,-2,1567,20175,0,0,0,0,20175,0,0,0,0,900,Yes
460000,Female,1,2,28,0,0,0,-1,0,0,16560,12570,19403,10063,8628,0,2500,9456,10063,0,0,13182,No
50000,Male,3,1,53,2,2,2,2,2,2,45870,46944,45874,48326,47440,50426,2100,0,3500,0,3758,5,Yes
80000,Female,2,2,25,0,0,0,0,0,0,62242,28610,29425,29990,29153,19863,19885,1700,1169,1044,717,1000,No
320000,Male,1,2,32,-1,-1,-1,0,0,-1,488,2290,14080,9931,7590,9685,2301,14109,11,38,9733,20444,No
50000,Female,2,2,46,0,0,0,0,0,0,44808,44899,46346,47273,48357,50393,2100,2500,2000,2000,3000,1600,No
360000,Female,1,1,55,-1,-1,-1,-1,-1,-1,2334,37570,5102,15701,7771,10615,37570,5102,15701,7771,10615,10068,No
50000,Female,2,2,50,0,0,0,0,0,0,20001,15345,37420,18151,4823,6574,2000,32009,1500,1000,3012,1503,No
150000,Male,2,1,30,-2,-2,-2,-2,-2,-1,9248,6831,2902,6468,1883,1519,6871,2918,6506,1893,1527,5330,No
70000,Female,2,1,32,0,0,0,0,0,0,67417,63334,61578,63061,64403,64948,2303,2400,2500,2500,2300,2400,No
150000,Female,1,2,27,-1,-1,-1,-1,-1,-1,5561,4141,7714,9772,13539,5819,4141,7725,9772,13539,5819,4302,No
50000,Male,2,2,42,0,0,0,0,0,0,48842,49709,30628,30993,29802,29253,2576,1495,1250,4732,1100,1100,No
90000,Female,2,2,23,-1,-1,-1,-1,0,0,13808,4300,2748,1048,450,450,4335,4448,6980,0,0,711,No
100000,Male,2,1,30,0,0,0,0,0,0,57998,60063,63925,68058,69273,56101,3000,5000,5305,3000,6600,0,Yes
440000,Female,1,2,34,-1,-1,0,0,-2,-1,3290,4949,10065,2500,0,11560,4949,6020,0,0,11560,258,No
250000,Male,1,2,35,-1,-1,-1,-1,-1,-1,2746,1666,3572,76552,100566,0,1666,3597,76552,100566,0,0,No
10000,Female,3,1,55,2,2,4,4,4,4,420,420,420,420,420,420,0,0,0,0,0,780,Yes
80000,Female,2,1,37,1,2,0,0,0,2,55595,54142,55247,55738,59829,58715,0,2600,2006,5000,0,5000,No
220000,Female,1,1,54,1,-2,-1,-1,-1,-1,0,0,788,0,349,600,0,788,0,349,600,0,No
40000,Male,1,2,25,-1,-1,-1,0,-1,0,1946,17810,2872,396,2462,396,17810,2872,0,2462,0,17188,Yes
150000,Male,2,2,28,2,0,0,0,0,0,148095,143845,132677,86265,88390,90599,8000,5300,3500,5000,4000,3000,No
20000,Male,2,2,35,4,3,2,2,2,2,17936,17368,16792,18013,17583,18998,0,0,1500,0,1708,0,Yes
200000,Male,1,2,29,0,0,0,0,0,0,170707,159654,162208,162357,144236,127362,6017,8000,5800,5200,5000,5000,No
50000,Female,1,2,23,0,0,0,0,0,0,4821,15898,16862,16110,18458,19112,12000,1551,579,3000,954,570,No
180000,Female,2,1,41,0,0,-2,-2,-2,-2,184650,0,0,0,0,0,0,0,0,0,9000,0,No
50000,Male,2,1,25,0,0,2,2,2,2,21397,24233,23551,24848,26298,28112,3500,0,2000,2000,2400,0,Yes
210000,Female,1,1,39,0,0,0,0,0,0,35639,42091,27751,30418,23180,68842,10000,1372,5000,1304,60000,3000,No
500000,Male,1,1,43,-1,-1,-1,-1,0,-1,4125,5840,4464,8722,4137,4123,5864,4465,8724,0,4123,7124,No
240000,Female,1,2,30,1,1,-2,-2,-2,-2,9028,-1868,-1868,-1868,-1868,-1868,0,0,0,0,0,0,Yes
30000,Male,2,1,36,1,3,2,5,4,3,18811,18225,22630,21988,21057,25412,0,5000,0,0,5000,0,No
190000,Male,1,1,42,-1,-1,-1,-1,-1,-1,7776,3706,7517,2168,4918,5300,3706,7523,2168,5300,3000,0,No
10000,Male,2,2,45,-1,-1,0,0,0,0,492,9017,9787,9897,9707,-173,10300,1000,500,200,0,10200,No
360000,Male,2,2,34,-1,-1,-1,-1,-1,0,1978,8583,993,26454,10456,31581,8625,998,26561,10456,21738,0,No
80000,Female,2,1,39,0,0,0,0,0,0,46401,39456,30712,29629,28241,28030,1560,1421,1001,1000,1008,964,No
60000,Male,2,1,40,0,0,0,0,0,0,18875,20064,21227,22564,24191,25778,1500,1500,2000,2000,2000,2000,Yes
100000,Female,3,1,45,-1,-1,-1,-1,-1,-1,1480,916,1238,916,1444,1450,916,1238,916,1444,1450,1143,No
100000,Female,1,2,28,-1,-1,-1,-1,-1,-1,557,1033,3667,2300,1132,2072,1033,3667,2300,1132,2072,2692,No
10000,Male,3,1,46,0,0,0,0,0,-2,7170,8240,8050,10400,0,0,1200,1000,150,0,0,0,No
180000,Male,2,2,24,0,0,0,0,0,0,182545,177885,182341,126946,127013,122277,9000,9300,4600,5000,5000,5000,No
280000,Female,2,1,39,2,3,2,2,2,2,186838,190570,194189,189806,201410,205479,8000,8000,0,14500,7300,7500,Yes
50000,Female,2,2,37,0,0,2,0,0,0,49078,51063,40371,19522,19140,17912,3800,0,805,818,1000,592,No
380000,Male,1,1,55,0,0,0,0,0,0,126880,130324,152869,137442,82800,42083,7000,25390,10000,20000,1659,1600,No
50000,Female,2,1,42,0,0,0,0,0,0,27901,24898,23702,18327,17996,15938,1770,1194,564,1500,1000,2000,No
150000,Male,1,2,35,0,0,0,0,0,0,147471,151713,130107,78623,79743,78745,20000,5000,2000,7000,15000,5000,No
210000,Female,1,2,35,0,0,0,-1,0,-1,44125,39465,23908,5088,792,150,1732,1000,5484,0,150,396,No
30000,Male,1,2,36,3,2,0,0,-1,-1,26851,26136,30391,13150,18504,6699,0,5334,39,18559,6821,26275,Yes
70000,Female,3,2,43,0,0,0,0,0,0,72770,69438,69776,51450,26516,27044,4108,2500,928,2000,969,1002,Yes
80000,Male,2,2,28,3,2,0,0,0,0,79425,77223,75075,76348,77798,79843,107,2563,2356,2296,2800,910,Yes
50000,Female,2,1,44,0,0,0,0,0,0,19091,20179,21190,21838,22485,23110,1400,1352,1000,1000,1000,1000,No
480000,Female,2,1,35,0,0,0,0,0,0,227221,243942,244961,248394,253596,211055,51000,10000,8000,8200,23000,8000,No
500000,Female,2,1,38,-1,-1,0,0,0,0,9889,24911,71852,18155,32201,39668,24920,50290,5002,15001,17028,778,No
170000,Female,1,2,26,0,0,0,0,0,0,22138,23227,18894,7695,4777,3517,1808,1054,207,151,147,100,No
330000,Female,1,2,29,-1,0,0,0,0,-1,9894,11877,14949,34292,8832,11304,3000,5001,22000,1000,11304,275,No
30000,Male,2,1,37,0,0,0,2,2,2,19625,20673,23702,23026,27798,27219,1671,3700,0,5335,0,2054,No
120000,Female,2,1,36,-1,-1,-1,0,-1,-1,326,0,652,326,326,476,0,978,0,326,476,326,No
80000,Female,1,2,25,0,0,0,0,0,0,66426,55334,53738,49021,45494,44218,2657,1800,1799,1616,1697,1737,No
110000,Male,2,1,30,0,0,2,0,0,0,100908,105371,52113,53317,54040,54805,7000,0,2053,2500,2200,2156,Yes
20000,Female,2,1,36,2,0,0,0,2,0,17638,17058,17541,19338,17889,18486,1666,1149,1946,0,1007,0,Yes
140000,Male,1,1,49,2,0,0,0,0,0,136128,98337,60627,39760,40045,40865,4756,3600,1500,1300,1318,1307,Yes
50000,Male,1,2,30,4,3,2,2,2,2,37570,36705,37215,37718,38584,37829,0,1400,1400,1601,0,2500,No
20000,Female,2,2,22,-1,0,0,-1,-1,-2,11999,3617,4165,6323,0,0,1062,1000,10488,0,0,0,Yes
200000,Female,2,2,29,0,0,0,0,0,0,170964,174509,176523,180295,184104,195976,7788,6400,6700,6907,20163,1000,Yes
400000,Female,3,1,42,-1,-1,-1,-1,-1,-1,10132,16932,13088,28540,11860,3978,16932,13088,28540,11860,3978,2390,No
250000,Female,2,2,35,0,0,0,0,0,0,241711,205944,210513,214696,219218,228900,7481,8000,7682,7979,13350,3000,No
300000,Male,1,1,38,-1,0,0,0,0,0,105932,100815,103744,103422,111152,110811,5137,30022,5006,10014,4016,4013,No
50000,Female,2,1,34,0,0,0,0,0,0,46337,47384,48382,49392,50608,50722,1792,1790,1800,2000,1835,3628,No
160000,Female,1,1,34,-1,-1,-1,-1,-1,-1,1072,3297,5923,158,11030,158,3297,5939,158,11030,158,158,No
80000,Male,1,2,25,0,0,0,-1,0,0,20708,26286,18209,5471,6896,9506,6545,8807,5500,4000,3500,1000,No
280000,Male,3,2,38,-2,-1,0,0,0,0,192080,197796,314042,116480,118270,124742,5716,117698,3884,3376,7503,3591,No
500000,Female,3,2,35,-1,-1,-1,-1,-1,-1,1900,1489,1989,1200,1451,548,1489,1989,1200,1451,548,1048,Yes
340000,Female,2,1,39,-2,-2,-2,-2,-2,-2,93767,65758,353,5674,3344,3406,65758,359,5674,3692,3406,2622,No
160000,Female,2,1,42,-2,-2,-2,-2,-2,-2,0,0,0,0,0,0,0,0,0,0,0,0,No
120000,Female,1,2,26,-1,-1,2,-1,-1,-1,942,780,390,390,390,150,780,0,390,390,150,780,No
150000,Male,1,2,28,0,0,0,0,0,0,28416,37392,44547,52871,57877,64020,10000,10008,10012,10002,8006,7005,No
110000,Male,1,2,34,-1,-1,2,-1,-1,0,15908,18873,890,3420,4309,733,4013,2,3430,4319,2,1905,No
120000,Female,2,2,28,-1,2,-1,-1,-1,-1,2049,1579,590,3617,2001,0,0,590,3617,2001,0,204,Yes
110000,Female,1,2,36,0,0,0,0,0,0,141670,138542,120439,113273,81261,76051,6278,5485,3396,2844,3005,2510,No
320000,Female,2,1,36,-2,-2,-2,-2,-2,-2,-20,-20,-20,-20,-20,-20,0,0,0,0,0,0,No
50000,Male,3,1,42,0,0,0,0,0,0,29224,23807,17623,17974,18350,18721,2000,1293,644,666,676,681,No
50000,Female,2,1,38,0,-1,-1,-1,-1,-1,1226,1226,1226,1226,1765,1066,1226,1226,1226,1765,1066,170,No
90000,Female,2,2,23,2,4,4,3,4,3,37639,38743,37825,40299,39093,38167,2000,0,3400,0,0,1000,No
270000,Female,1,1,40,-1,-1,-1,-1,-1,-1,19769,34813,43852,29677,33341,28413,34813,43856,29682,33341,28413,1351,No
50000,Female,2,1,25,1,2,0,0,0,0,19454,18856,19590,18861,4581,2158,0,1200,477,121,22,0,No
50000,Male,2,1,47,2,0,0,0,0,0,27143,27349,26568,26414,26263,27076,1700,1500,1000,1000,2000,2500,No
360000,Female,2,1,28,1,-2,-2,-2,-2,-2,0,0,0,0,0,0,0,0,0,0,0,0,No
120000,Female,2,1,26,0,0,0,0,0,0,4317,5240,5283,5444,6412,5121,2000,1000,1000,1000,1825,1272,No
290000,Female,3,2,37,-1,-1,-1,-1,-1,-1,396,396,396,396,396,396,396,396,396,396,396,396,No
200000,Male,3,1,36,-1,-1,-1,-1,-1,-1,5308,3959,13868,4094,2247,17794,3981,13909,4106,2253,17847,2123,No
150000,Male,1,1,42,-1,-1,-1,-1,-1,-1,2716,0,1106,1323,2098,0,0,1106,1323,2098,0,0,No
280000,Female,1,2,32,-1,-1,-1,0,-1,-1,13532,3312,14907,3008,8988,11547,23871,14907,0,8988,11547,19826,No
310000,Female,1,2,29,0,0,0,0,0,0,44592,40110,39805,36823,38987,32304,2000,1620,1332,2772,1500,1500,No
40000,Female,2,2,23,2,2,2,0,0,0,33313,34086,33239,33938,34694,35389,1600,0,1250,1300,1270,2800,Yes
50000,Female,2,2,38,0,0,0,0,0,-1,41724,92054,50120,19587,10577,7533,5000,5120,10292,5577,7533,1000,No
290000,Male,2,2,35,-1,-1,-1,-2,-2,-1,17397,11754,28874,77790,8142,9547,12556,29020,78178,8572,9590,151945,No
60000,Male,3,1,39,0,0,0,0,0,0,36343,27996,25656,16907,15837,11195,5140,3008,3000,6000,2000,3000,No
20000,Male,3,1,47,0,0,2,2,2,2,7384,9356,9400,10085,9785,10481,2108,352,837,0,855,0,Yes
80000,Female,2,1,27,-1,-1,-1,-1,-1,-1,1995,0,680,2862,5539,0,0,680,2862,5539,0,5775,No
100000,Male,2,1,36,1,2,2,2,4,3,9670,9371,11705,12919,12139,11653,0,2500,1700,0,0,0,No
50000,Male,1,1,37,2,0,0,0,2,0,48716,49504,44127,22053,20129,19262,2213,1804,2700,0,700,1000,Yes
250000,Female,2,1,36,1,-1,-1,0,0,-1,-26,8966,4559,3110,0,664,8992,4563,24,0,664,698,No
210000,Female,1,2,34,-1,-1,-1,-1,-1,-1,1262,33414,1828,0,11854,30949,33414,1828,0,11854,30288,1460,Yes
280000,Female,1,2,35,-2,-2,-2,-2,0,-1,6302,4618,183,2568,2371,7610,4663,0,4953,12,7647,1676,No
60000,Male,2,2,36,2,2,2,2,2,0,80709,76179,71219,67687,61691,57626,2300,2000,3000,0,3000,2000,No
200000,Male,1,1,40,-1,-1,-1,-2,-1,-1,540,454,0,0,990,0,454,0,0,990,0,0,No
30000,Male,2,2,35,0,0,2,2,-2,-2,22583,25067,23237,0,0,0,3026,0,0,0,0,0,No
80000,Male,1,2,26,0,0,0,0,0,0,79565,78617,79229,77858,79566,74746,3481,3000,3000,3000,3000,1656,No
160000,Female,1,1,39,1,-1,-1,-1,0,0,-16,1955,2047,15848,16848,0,1971,2047,15848,1000,0,0,No
130000,Female,2,2,26,0,0,0,0,0,-2,110922,113974,126194,17832,-3000,0,5000,15066,5007,0,3000,825,Yes
230000,Female,2,2,35,-1,-1,0,0,0,0,2873,29488,65868,58171,56033,47192,29525,50014,8242,7032,5030,8007,No
260000,Female,2,1,35,-1,-1,-1,-1,0,-1,213,213,203,2571,187,5469,214,204,2582,1,5496,427,No
200000,Male,2,1,54,0,0,0,0,0,0,177664,183236,183493,146143,144339,140340,10000,7000,5000,6000,6000,5000,No
420000,Male,1,1,32,0,0,0,0,0,0,45060,25056,24751,24984,24983,23751,1407,1332,963,877,1000,908,Yes
100000,Female,1,2,22,2,0,0,0,2,0,36891,38498,39185,39867,39696,7594,2201,1888,1500,96,300,432,Yes
100000,Female,1,2,25,1,-1,-1,-1,-1,-1,0,460,0,85,60,520,460,0,85,60,520,0,No
390000,Male,1,2,34,-2,-2,-2,-2,-1,0,5053,-9,1906,0,2258,7028,0,1915,0,2258,5001,5000,No
80000,Female,2,2,28,-2,-2,-2,-2,-2,-2,0,0,641,658,2019,0,0,641,658,2019,0,0,No
50000,Male,3,1,45,1,2,2,2,0,0,46166,42253,46794,44995,45934,48796,0,5600,0,1800,4000,0,No
90000,Female,3,2,38,1,2,2,2,-2,-2,8144,7102,1170,0,0,0,2034,0,0,0,0,0,Yes
240000,Female,2,1,56,0,0,0,0,0,2,138785,141894,143270,201082,215709,204302,6500,5000,60000,17464,6516,20002,No
50000,Female,3,1,47,-1,-1,-1,-1,-1,-1,12785,19971,5095,14867,8037,2642,19982,5095,14867,8037,2642,7023,No
30000,Female,2,2,21,-1,-1,0,0,-1,-1,290,12115,11306,3562,1621,1307,20002,1101,1,1724,1408,0,No
200000,Female,2,1,39,0,0,0,0,0,-2,25483,31537,34114,29982,-18,-18,6541,5351,200,0,0,0,No
320000,Female,3,2,40,1,2,2,2,2,0,298343,304421,298042,315502,310308,306056,12300,0,24000,0,11000,14000,Yes
90000,Male,2,2,35,0,0,0,0,0,0,22672,21212,20662,20715,21149,20078,1339,1315,867,896,728,577,No
380000,Female,2,1,36,0,0,0,0,0,0,52956,63002,71599,80377,84113,86612,25000,11000,10000,5000,7000,11000,No
300000,Female,1,2,37,-2,-1,0,0,0,0,0,51,12351,12351,12363,9974,51,12300,0,12,49,11767,No
110000,Male,2,2,51,0,0,0,0,0,0,69564,51264,51584,49601,50485,50565,2500,1800,1800,2000,2000,2000,No
100000,Female,2,1,29,0,0,0,0,0,0,53840,43503,43417,43872,42215,42917,1748,1662,1670,1525,2000,1660,No
250000,Female,1,1,39,-1,-1,2,-1,-1,-1,1000,4070,3629,1570,248,1247,3629,3,1575,248,1247,621,No
220000,Male,1,2,30,0,0,0,0,0,0,87604,89687,90889,91892,93815,96466,5000,4200,4000,4000,5000,5000,No
240000,Female,5,1,34,-1,-1,-1,-1,-1,-1,1731,6763,0,5717,10134,1045,6763,5717,0,10134,1045,6585,No
210000,Male,1,1,40,0,0,2,0,0,2,130868,138909,135322,136339,143681,140425,11760,0,4546,9524,2,4756,No
200000,Female,2,2,26,0,0,0,2,2,0,105433,108408,116094,116289,112011,106313,5498,11084,3800,0,4005,2911,No
120000,Female,2,2,25,1,-2,-1,-1,-1,-2,0,0,12162,1553,0,0,0,12162,1553,0,0,0,Yes
140000,Male,3,2,26,0,0,0,0,0,0,18648,19561,13902,14183,13207,12996,1309,1139,420,418,816,0,No
30000,Male,1,2,24,0,0,0,0,0,0,28495,29632,30629,29357,30143,30419,1900,1800,1045,1250,1100,1100,No
50000,Female,3,1,52,0,0,0,0,0,0,16033,17360,18068,18426,18812,19275,1593,1301,659,682,775,584,No
240000,Female,1,2,28,0,0,0,0,0,0,133230,136579,139281,132487,107437,109237,5500,5036,4000,6200,5500,5000,No
490000,Male,1,1,57,0,0,0,0,0,0,354782,348786,349958,340602,303047,331606,17035,20059,12943,15049,50017,20021,No
60000,Female,1,2,36,-1,2,-1,0,0,-1,2130,1940,7801,1308,3058,2190,0,7801,1158,1900,2190,2153,Yes
300000,Male,2,1,37,1,-1,2,0,0,0,-165580,324392,296931,30355,26771,23737,505000,331,1070,17771,18000,16079,No
310000,Female,1,2,36,1,-1,-1,-1,-1,-2,-8,1703,-8,1624,0,0,1711,0,1632,0,0,173,No
360000,Male,2,1,43,-2,-2,-2,-2,-2,-2,0,751,327,0,0,234,751,327,0,0,234,455,No
60000,Female,2,2,23,0,0,0,0,0,0,60380,55367,111334,19358,19760,20223,2296,2510,838,862,1015,400,Yes
120000,Female,1,2,27,-1,-1,-1,-1,-1,-1,390,390,390,390,390,0,390,390,390,390,0,780,No
210000,Male,2,2,26,0,0,0,0,0,0,206714,197252,140440,122678,120215,112973,7868,5000,5004,4500,3950,3800,No
50000,Male,2,1,38,0,0,0,0,0,0,22178,21976,21697,20683,19283,19965,1700,1650,850,700,1000,1000,No
510000,Female,4,1,34,-2,-2,-1,0,-1,-1,10554,568,22058,23205,11571,12179,1074,22657,11586,24637,12719,20798,No
10000,Female,1,2,24,0,0,0,0,0,0,6709,7895,8751,8925,9111,9360,1300,1146,320,330,400,1000,No
250000,Female,1,2,36,-1,-1,-1,-1,-1,0,6378,72173,6341,174,1676,388,72534,6456,174,1682,2,0,No
210000,Female,1,2,26,0,0,-1,-1,0,-1,3292,6399,2085,3000,6634,1298,3399,2085,3000,3634,1300,2000,No
160000,Male,5,2,46,0,0,0,0,-2,-2,169746,159376,162998,0,0,0,4318,4000,0,0,0,73175,No
80000,Female,2,2,24,0,0,0,-2,-2,-2,3278,4000,0,0,0,0,1000,0,0,0,0,0,No
230000,Male,1,2,28,0,0,0,0,0,0,29108,29240,30062,31253,31965,36782,1587,1409,10000,1193,6782,1026,No
30000,Female,2,1,53,1,3,2,3,2,0,18663,18080,18986,18390,17954,18654,0,1500,0,0,1000,692,Yes
50000,Female,2,1,29,2,3,2,0,0,0,50136,50044,46543,19359,17850,18203,1000,5,661,770,800,763,Yes
130000,Female,2,1,46,0,0,0,-2,-2,-2,125557,124900,0,0,0,0,2498,0,0,0,0,0,No
140000,Female,3,1,46,0,0,0,0,0,0,132586,135165,125427,128016,127323,130020,4800,4500,4600,4800,4800,4500,No
110000,Male,2,2,29,0,0,0,0,0,0,112533,109515,48917,46765,40212,39690,4101,3000,2000,3000,5000,3000,No
20000,Male,2,2,21,0,0,0,-2,-2,-2,19030,19783,0,0,0,0,1500,0,0,0,0,0,No
250000,Female,1,1,32,0,0,0,0,0,0,255413,253019,240332,244688,240221,224740,10500,12000,10000,10000,9000,9000,No
360000,Female,2,1,35,0,-1,-1,-1,-1,-1,106010,24892,10772,21847,21835,9255,24976,10786,21916,21904,9261,22127,Yes
30000,Female,1,2,21,2,2,0,0,0,-2,30769,29559,29197,29488,0,0,0,1000,590,0,0,0,No
50000,Male,3,2,54,0,0,0,0,0,0,43099,44233,35147,12236,11013,11388,2212,2126,415,401,559,554,No
100000,Female,2,1,29,0,0,0,0,0,0,49707,48657,49699,47635,48664,49578,2000,2000,1691,1782,1739,1400,No
150000,Female,5,2,33,0,0,0,0,0,0,232327,237150,239410,39584,32815,35626,5877,5419,1009,1120,5000,7128,No
200000,Female,1,1,41,-1,-1,-1,-1,-1,-1,4533,8756,3539,5529,10332,6894,8756,3539,5529,10332,6894,3188,No
20000,Male,1,2,40,0,0,0,0,0,0,13639,14711,15462,16004,16203,16916,1600,1300,800,605,1000,2000,No
310000,Female,2,1,37,-2,-2,-1,0,0,0,0,0,5365,6274,7017,8893,0,5365,1000,1000,2000,2000,No
100000,Female,1,2,26,1,2,2,2,2,2,93295,95108,96662,94216,99732,101737,4200,4000,0,7400,3800,0,No
50000,Female,2,2,32,0,0,2,2,2,2,41114,44131,43121,45795,44929,48179,4000,0,3400,0,4000,0,Yes
130000,Female,2,2,24,0,0,-1,-1,-1,0,48764,27347,37528,2793,28865,14986,1034,37559,2805,28865,300,11083,No
100000,Female,3,3,47,-1,-1,2,0,-1,-1,836,1859,1672,836,836,836,2695,0,0,836,836,836,No
280000,Male,1,2,28,-1,-1,-1,-1,0,0,4468,11517,1973,11028,14261,17097,11525,2149,11030,4008,7106,1193,No
200000,Male,1,1,37,-1,0,0,0,0,0,173867,139769,132534,116331,111178,105907,7000,5000,4500,5000,5000,4300,No
90000,Male,1,1,34,2,0,0,0,0,0,54933,55460,56599,58155,60058,61250,2009,2057,2500,3000,2189,2282,Yes
150000,Female,2,1,41,-2,-2,-2,-1,-1,-1,1906,4983,12029,13821,1493,2229,5002,12040,13821,1493,2229,2057,No
20000,Female,2,2,42,2,2,2,2,2,2,18155,17595,19355,19554,19795,19342,0,2344,800,683,0,1500,Yes
360000,Female,1,2,30,-1,-1,-1,-1,-1,-1,11193,332,272,1465,18503,5151,332,272,1465,18503,5151,0,No
40000,Female,2,1,28,1,2,2,2,2,0,27746,23209,22040,23396,20430,20763,2000,0,2000,0,1000,1000,Yes
240000,Female,2,1,55,0,0,0,2,0,0,74270,75959,80473,78883,80625,79334,3200,6100,0,2900,3000,3100,No
500000,Female,1,1,36,-1,-1,-1,-1,-1,-1,7297,12349,26488,6534,9788,25314,12349,26488,6534,9788,25314,103508,No
20000,Female,2,2,39,4,3,2,0,0,0,11553,11081,11021,11240,11476,11708,0,420,402,417,423,1472,Yes
140000,Male,2,2,44,0,0,0,0,0,0,85119,86901,89583,90432,92332,94197,3153,4126,3231,3351,3400,3494,Yes
100000,Male,2,2,27,0,0,0,0,0,-1,100442,96018,97453,99407,95600,981,5000,8000,3500,3500,981,0,No
120000,Female,1,2,32,0,0,0,0,0,0,18955,18973,18204,17344,13246,26781,1315,1169,2472,453,500,8494,No
100000,Female,2,1,44,1,2,0,0,0,0,97581,94594,44145,46148,43750,44771,0,2000,3000,2000,2000,2000,No
140000,Female,2,2,33,-1,-1,-1,-1,-1,-1,4882,4882,4876,4666,4884,4666,4882,4876,4666,4884,4666,4666,No
210000,Female,1,2,27,0,0,0,0,0,-1,99050,17924,19123,20650,0,1136,1301,1500,2000,0,1136,67412,No
500000,Female,1,2,35,1,-1,-1,-1,-1,-1,0,640,31762,42935,2464,2532,640,31764,51986,55000,2532,5717,Yes
110000,Female,1,2,27,-1,-1,-2,-2,-2,-2,2280,0,0,0,0,0,0,0,0,0,0,4650,No
340000,Female,1,2,30,-1,-1,-1,-1,-1,-1,2943,3352,3738,1794,1339,10673,3375,3759,1803,1345,10726,869,No
330000,Female,1,2,27,0,0,0,0,2,2,322464,325625,323182,325197,327750,321936,13248,13120,12833,14344,8567,7060,Yes
50000,Female,2,2,34,0,0,0,0,0,0,45504,46223,12761,7477,8372,9240,2000,2043,1000,1000,1390,1150,No
10000,Female,1,1,39,1,-2,-1,2,0,0,0,0,9996,9689,9747,10328,0,9996,0,363,752,0,Yes
70000,Male,3,1,42,0,0,2,2,2,2,26550,28208,28642,30670,31133,31965,2400,1200,2820,1100,1500,1300,No
30000,Female,2,1,33,0,0,0,0,0,0,12051,13101,14413,14476,14792,15145,1250,1537,600,550,600,800,No
150000,Female,2,2,32,5,4,3,2,2,2,79529,77757,75841,73678,77273,56577,0,0,0,4874,1000,0,No
230000,Female,2,1,37,2,2,2,0,0,0,72514,74421,71201,72029,71923,72020,5118,0,4000,2607,2732,2482,Yes
30000,Female,3,1,47,2,2,2,2,2,2,28073,28515,27150,28100,28104,28181,1800,0,2300,1200,1300,0,Yes
30000,Male,1,2,30,0,0,0,0,0,0,29965,28841,28278,28770,29432,28949,2000,1700,2008,2000,7600,2000,No
20000,Male,3,2,45,1,2,2,2,2,2,15748,16497,16928,17354,16934,18347,1300,1000,1000,0,1700,600,Yes
70000,Female,3,3,51,0,0,0,0,0,0,32485,30527,13407,13643,12722,13515,1267,1191,427,957,1000,14001,No
50000,Female,2,1,45,-1,-1,0,0,0,0,2618,1969,20771,20231,19485,18280,2007,20275,1204,1001,1003,1210,No
360000,Female,1,1,46,1,-1,-1,-1,-1,-1,723,17392,-8,32170,680,6205,17392,0,32178,680,6205,18814,No
400000,Female,1,2,29,1,2,0,0,0,0,77970,70557,71867,72137,72955,76467,0,3200,2750,3000,5800,2800,No
130000,Female,3,1,36,-1,-1,-1,-1,-1,-1,2342,2951,596,1520,700,3688,2951,596,1520,700,3688,2803,No
130000,Male,1,2,27,-1,-1,2,0,0,-2,2207,2499,1248,922,-693,-2292,3747,0,0,0,0,10000,No
340000,Female,1,1,40,-1,-1,-1,-1,-1,-1,1600,93661,41533,15711,1338,6800,93661,41634,15711,1338,6800,3750,No
60000,Female,2,2,38,0,0,0,0,0,-1,13138,22389,16586,5516,16378,2670,20000,5000,3000,16000,3000,980,Yes
130000,Female,2,2,31,0,0,0,0,0,0,80533,42126,44370,85115,69011,70460,1816,3060,69000,2578,2671,2888,No
10000,Male,3,2,22,0,0,0,0,0,0,9240,9131,9601,9797,9997,7497,1230,1000,196,200,0,0,No
160000,Female,1,2,33,2,2,2,2,2,2,132510,128981,138289,134773,142913,146003,0,13000,200,10500,5600,5200,Yes
270000,Female,1,1,33,0,0,0,-2,-1,0,22604,26906,0,0,4448,5667,5000,0,0,4448,1300,2443,No
80000,Male,2,1,30,2,0,0,0,2,2,38370,39448,58788,62814,61682,65644,2000,20000,5000,0,5010,2500,Yes
340000,Female,1,1,39,-1,-1,-1,-1,-1,-1,4676,3806,526,36374,32413,12092,3806,526,36374,32413,12092,13743,No
360000,Male,1,1,52,-1,-1,-1,-1,0,-1,14432,15329,13062,41977,24354,25948,15329,13062,41977,0,25948,21318,No
240000,Male,1,2,43,-2,-2,-2,-2,-2,-2,5740,0,0,0,0,0,0,0,0,0,0,0,No
50000,Female,2,2,26,-1,-1,-1,-1,-2,-2,3475,-25,2500,0,0,0,0,2525,0,0,0,0,No
50000,Male,3,1,23,0,0,0,-2,-2,-2,13352,14111,0,0,0,0,1066,0,0,0,0,1000,No
180000,Female,2,1,28,-1,-1,-1,-1,-1,-1,1206,661,1503,1379,1216,1440,661,1512,1379,1216,1440,316,No
370000,Female,1,1,31,-2,-1,0,0,0,0,0,229818,234379,239082,244124,243986,229818,8409,8500,8800,8800,14100,No
60000,Male,2,2,27,1,2,2,2,2,2,10401,11770,10957,11480,10851,11365,2000,0,1000,0,1000,0,Yes
50000,Male,2,2,25,-1,-1,-1,-1,-1,-1,1355,1355,1386,1442,3798,1599,1355,1386,1442,3798,1599,1694,No
50000,Male,3,1,52,-2,-1,2,-1,0,0,-11,46501,24458,37778,39124,38585,46512,159,37778,2000,2000,13144,No
130000,Female,1,2,29,0,0,0,0,0,0,41224,45136,48970,52740,56467,60119,4500,4500,4500,4500,4500,4500,No
500000,Female,1,1,49,-1,-1,-1,-1,-1,-1,4007,9933,14557,53328,58052,37435,10021,14576,53850,58332,37616,46591,No
120000,Female,2,2,25,0,0,0,0,0,-2,75913,78060,64074,64074,0,0,4501,2562,0,0,0,0,No
110000,Female,2,1,25,1,2,2,2,2,0,102884,100388,104529,81319,76549,77433,0,6000,4000,0,4000,2730,No
220000,Male,3,2,30,0,0,-1,-1,-1,-1,35258,17740,4698,5036,8269,3681,1066,4723,5051,8293,3692,3087,No
140000,Female,2,2,26,0,0,-1,-1,-1,0,8178,3776,3776,3776,4173,4287,1000,3776,3776,4173,1000,5049,No
30000,Female,2,2,24,-1,0,0,0,0,0,20069,21148,22185,22551,23223,24837,1700,1700,1000,1000,2000,1400,No
200000,Female,2,2,35,-1,-1,-1,-1,-1,-1,11409,1222,3308,481,-19,3821,1228,3324,483,0,3840,0,No
350000,Female,1,1,33,-1,-1,-1,-1,-1,-1,1314,5133,1667,9737,363,1112,5249,1667,9839,363,1112,1981,No
150000,Male,2,2,42,-2,-2,-2,-2,-2,-2,6407,-6,-3,-3,-3,1040,0,0,0,0,1043,0,No
20000,Male,2,2,24,2,2,4,4,4,4,1650,1650,1650,1650,1650,1650,0,0,0,0,0,0,Yes
200000,Female,1,1,56,0,0,0,0,0,0,15603,16842,18556,19247,19935,21098,1500,2000,1000,1000,1500,3000,No
20000,Male,2,2,24,2,2,4,4,4,4,1650,1650,1650,1650,1650,1650,0,0,0,0,0,0,No
320000,Male,1,1,35,-1,-1,-1,-2,-2,-2,2695,500,0,0,0,0,505,368,0,0,0,0,No
100000,Female,1,2,29,-1,-1,-1,0,0,0,170,3224,78671,60430,60647,61153,3224,78671,3000,2500,3000,3000,No
280000,Female,1,2,28,0,-1,-1,-1,-1,-1,7370,3395,1860,2368,3343,5110,3420,1865,2375,3353,5124,9028,Yes
50000,Male,1,1,47,0,0,0,0,0,0,11066,15539,17274,19975,23632,25242,5000,2000,3000,4000,2000,0,No
20000,Male,1,2,23,0,0,0,0,0,0,18311,19598,20154,20132,20129,20226,2000,1307,701,717,834,674,No
160000,Female,1,2,33,-1,-1,-1,-1,-1,-1,5256,3290,1140,559,2065,450,3290,1140,559,2065,450,825,No
60000,Male,3,2,23,0,0,0,0,0,0,15592,16643,15557,15526,16273,17001,2000,1400,1000,1000,1000,1000,No
150000,Male,3,1,49,0,0,0,0,0,0,32866,37293,36772,4521,6452,6742,5028,3000,3000,2000,378,3306,No
460000,Male,1,2,34,0,0,0,0,0,0,362816,372284,380257,386847,301231,325831,15325,16000,15000,11000,30000,20004,No
320000,Male,2,1,34,0,0,0,0,0,0,14237,26123,28637,24385,8559,3207,15031,8081,5072,6591,1223,0,No
200000,Female,1,2,29,1,-2,-2,-2,-2,-2,0,0,0,0,0,0,0,0,0,0,0,0,Yes
430000,Female,2,1,28,0,0,0,0,0,0,25968,22938,18753,14734,17572,18784,1313,5002,1000,5000,5000,2000,No
150000,Male,2,1,58,-2,-2,-2,-2,-2,-2,4473,3273,2473,1473,1473,1473,3273,2473,1473,1473,1473,1473,No
100000,Female,2,2,28,2,0,0,0,0,0,95197,87478,89245,90247,91979,94450,4050,4114,3379,3338,4000,5373,No
30000,Male,1,2,30,0,0,2,0,0,0,13216,15003,15461,16204,16642,17067,2000,1000,1000,700,700,700,No
260000,Female,3,1,31,0,0,-2,-2,-2,-2,20000,0,0,0,0,0,0,0,0,0,0,7287,No
40000,Female,1,2,24,0,0,0,2,2,0,29782,32298,34610,35326,23489,11762,3000,3000,1500,0,1000,500,Yes
290000,Male,2,2,34,1,-2,-1,0,0,0,0,0,4524,8440,10300,0,0,4524,4000,2000,0,0,Yes
140000,Male,1,2,27,-1,-1,-1,-1,-1,-1,776,0,776,380,1157,768,0,1552,380,1157,783,388,No
60000,Female,2,2,22,1,2,2,0,0,0,52126,52707,47939,29351,28128,27811,2030,0,1014,1001,1020,1142,Yes
210000,Male,1,2,41,0,-1,-1,-2,-2,-2,62261,6615,0,0,0,0,6615,0,0,0,0,0,No
170000,Female,1,2,28,1,-2,-2,-2,-2,-2,0,0,0,0,0,0,0,0,0,0,0,0,No
370000,Female,3,1,37,-2,-2,-2,-2,-2,-2,0,0,0,0,0,0,0,0,0,0,0,0,Yes
30000,Male,1,2,23,0,0,0,0,0,0,30235,28246,30395,29962,30360,29899,3000,3000,2468,1700,2500,1046,No
360000,Female,1,1,32,-1,-1,-2,-2,-2,-2,2500,0,0,0,0,0,0,0,0,0,0,0,No
290000,Male,2,2,43,0,0,0,0,-1,-1,124362,111594,58039,3818,1318,0,5100,2507,1500,2000,0,1333,No
50000,Female,3,1,36,0,0,0,0,0,0,13572,10805,8623,8799,8468,8768,1188,3000,176,169,300,1200,No
210000,Female,3,1,27,1,-2,-1,-1,-2,-2,0,0,1008,0,0,0,0,1008,0,0,0,1114,No
170000,Male,3,1,31,2,0,0,0,0,0,170485,229805,167524,185414,121092,117320,8000,8000,5000,5000,4500,5000,No
360000,Male,1,1,40,0,0,2,-1,-1,-1,76584,85400,17295,8331,2643,6008,21358,86,8372,2656,6038,3325,No
90000,Female,1,2,25,-1,-1,-1,-1,0,0,9359,-5,1881,7638,4464,26224,0,1886,7650,1005,23773,1000,No
30000,Female,2,2,22,0,0,2,0,0,0,10094,14870,13329,7275,26804,29362,5300,0,607,20000,3000,0,No
80000,Male,2,2,23,2,2,0,0,0,0,71528,69817,70719,39288,40500,41668,0,2131,2000,2000,2000,3000,No
250000,Female,2,1,36,0,0,0,0,0,0,126751,129559,132714,135829,138959,140779,4559,5000,5000,5000,3779,4709,No
60000,Female,1,2,27,1,2,2,0,0,0,7169,8396,8113,8971,10824,11646,1500,0,1000,2000,1000,1500,No
200000,Male,1,2,27,-2,-2,-2,-2,-2,-2,5105,7261,15191,8991,8986,8609,7261,15220,8991,8986,8609,8299,No
210000,Male,1,1,28,0,0,0,0,0,0,124667,201007,144968,134975,136469,139866,145273,5065,5012,5000,5078,5000,No
240000,Female,1,2,30,0,0,0,0,0,0,12876,4420,4508,8064,4520,4476,1905,3632,7100,0,3500,3600,No
460000,Female,2,2,46,0,0,0,0,0,0,305814,315479,328208,320056,326599,337552,15000,20065,12000,12070,17000,12400,No
400000,Female,1,1,38,-1,-1,-1,-1,-1,-1,16195,10713,11340,10390,620,10390,10713,11340,10390,620,10390,727,No
20000,Male,3,2,25,0,0,0,0,0,0,13701,14413,15781,15939,16271,16590,1241,1609,717,738,740,789,No
60000,Female,2,1,37,0,0,0,0,0,0,60655,60281,59968,40377,40679,40493,2410,2203,1500,1600,1500,1400,No
110000,Female,2,2,34,0,0,0,0,0,0,93039,81169,82800,107986,99627,80610,4500,4100,67606,4100,3100,2861,No
80000,Female,3,2,26,2,2,2,2,2,0,41586,44690,43671,49683,48757,49782,3775,0,6768,0,1834,1744,Yes
360000,Female,1,2,28,0,-1,-1,-1,-1,-1,2386,3166,2776,2386,3166,2983,3166,2776,7158,3166,2983,2386,No
70000,Male,2,1,24,0,0,0,0,0,0,49169,48960,49864,48481,46946,47958,1840,1744,2001,2000,1800,1706,No
200000,Female,3,1,50,0,0,0,0,0,0,141886,141771,141129,134295,135962,112870,7000,8000,4100,4200,4300,4500,No
90000,Female,3,1,46,-2,-2,-2,-2,-2,-2,1609,686,3904,686,686,686,1372,3904,686,686,686,686,No
30000,Male,1,1,36,-1,2,2,-1,2,2,1123,543,153,1495,955,1735,200,0,1495,0,1170,0,No
260000,Female,1,1,44,-1,-1,-1,-1,-1,-2,2772,6675,-3098,11377,0,0,6675,20,50000,0,0,0,Yes
30000,Female,2,1,25,-1,2,2,0,0,0,30119,31240,30311,30270,28958,30974,1900,0,957,7000,4530,0,No
20000,Female,3,1,33,0,0,0,0,0,0,2909,3537,4120,3802,3484,3152,1224,1197,269,269,261,227,No
30000,Male,2,1,33,2,2,0,0,0,0,42646,30060,28391,26156,25377,27422,2159,1500,1000,1000,3800,0,Yes
50000,Male,1,2,26,2,2,-1,0,0,0,2467,-368,1465,2282,2397,2470,0,2000,1000,300,300,2000,Yes
60000,Female,1,2,31,0,-1,2,2,2,2,3610,855,111,411,261,6695,900,0,300,0,6500,0,No
200000,Male,1,2,34,0,0,0,2,2,2,156449,162377,174501,155355,129942,118202,10000,15000,0,10000,0,11000,Yes
50000,Male,3,1,48,0,0,0,0,-1,-1,45600,12404,7857,3181,2430,780,1800,1506,6,2430,780,0,No
190000,Female,1,2,29,0,0,0,0,0,0,188463,179419,165858,159374,158040,159833,6536,6031,20036,5732,5648,6011,No
70000,Female,2,1,38,1,2,2,2,2,2,30175,31289,31678,32255,32890,33595,1900,1200,1400,1300,1400,1400,No
300000,Male,1,2,31,1,-1,-1,-1,-1,-1,-122,22953,3565,19869,26249,1332,23075,3583,19969,26380,1338,0,No
400000,Male,1,2,27,0,0,2,2,2,2,58995,63064,60984,61034,60881,46569,5000,0,500,39,707,0,No
200000,Female,1,1,46,1,-2,-2,-2,-1,-1,9367,0,0,0,9400,13039,0,0,0,9400,13039,0,Yes
560000,Male,2,1,43,-1,0,0,0,0,0,168211,139873,142391,145345,148177,139831,5060,4827,4974,4942,4573,4074,No
150000,Female,2,1,37,0,0,0,0,0,0,40680,44960,45976,46890,47873,48833,4960,1765,1679,1739,1757,1795,No
300000,Female,1,1,36,-1,-1,-1,-2,-2,-1,2072,2654,0,0,0,380,2654,0,0,0,380,0,No
80000,Female,2,1,24,0,0,0,2,2,2,48578,50789,54936,55735,56699,55632,3000,5000,2300,2000,0,2500,No
150000,Female,1,1,52,-1,3,2,0,0,-1,3391,3227,1129,2034,2140,6731,20,802,1705,1806,6427,16,Yes
20000,Female,2,1,29,0,0,0,0,0,-2,8624,9972,9799,9999,0,0,1500,1000,200,0,0,0,No
50000,Female,2,1,27,0,0,0,0,0,0,43583,35245,27520,25928,26470,27077,3100,1723,1100,1111,1200,1130,No
150000,Female,2,2,23,0,0,0,2,0,0,41408,40958,39934,8433,6741,7586,2074,1926,0,408,3000,8275,No
140000,Female,1,1,34,1,-2,-2,-2,-2,-1,0,401,3930,3951,0,12555,401,3930,3951,0,12555,0,No
500000,Female,1,1,52,-1,-1,-1,-2,-2,-2,1323,1725,0,0,0,0,1725,0,0,0,0,0,No
90000,Female,2,2,29,0,0,0,0,0,0,89068,83890,77489,46544,48266,49926,4073,5021,3000,3000,3000,2000,No
30000,Male,2,2,28,-1,0,0,0,-1,-1,27368,23023,27428,28720,780,0,3000,5000,2000,780,0,0,Yes
50000,Female,3,2,50,0,0,2,0,0,0,47405,50138,25768,26142,26771,27175,4130,0,1100,1200,1000,1100,Yes
280000,Female,2,2,32,-2,-2,-2,-2,-2,-2,0,0,0,0,0,0,0,0,0,0,0,0,No
390000,Male,1,2,26,2,0,0,0,0,0,112320,106156,95039,85806,76981,69641,5073,3950,2627,2044,2344,3036,Yes
100000,Female,2,2,27,2,3,3,2,2,3,97156,97634,96461,96975,101280,101935,2900,1300,3000,5450,2000,0,Yes
200000,Male,1,2,33,0,0,0,0,2,0,197272,196700,194403,197746,190198,192015,8600,7700,11100,0,5600,5640,Yes
230000,Female,2,2,41,0,0,0,0,0,0,38975,35294,39295,38459,40242,42495,5000,5000,5000,3000,5000,3000,No
20000,Female,2,1,48,0,0,2,2,2,2,11492,15791,15806,29542,15484,15046,4500,550,0,1445,0,400,No
180000,Male,1,2,40,0,0,0,0,-1,-1,123705,126429,20650,7751,1630,0,6019,1074,2038,819,0,0,No
10000,Male,2,2,23,3,2,2,0,0,0,4256,5113,4883,5155,5275,0,1081,0,353,375,0,0,No
327680,Male,3,2,42,0,0,0,0,0,0,344011,336175,333048,277250,256365,243600,11219,11461,9100,8345,7783,9200,Yes
100000,Female,2,1,42,-1,0,0,0,0,0,976,5476,10303,11007,11254,5934,4500,5000,1000,5200,1052,4000,Yes
250000,Female,1,1,37,0,0,0,0,0,0,13504,13486,14261,7019,7062,7242,1267,1310,232,238,279,122,No
440000,Female,1,2,34,-2,-2,-2,-2,-2,-2,4196,10121,32921,22680,13711,11074,10137,32921,15701,5711,5074,14825,No
140000,Female,1,2,24,-1,-1,0,0,0,0,13408,97396,92990,93960,96724,91539,97396,4070,3225,4137,3100,2300,No
50000,Female,2,1,29,2,2,2,2,0,0,46191,44808,38605,32455,15865,23753,3800,1500,0,628,10362,786,No
30000,Female,2,1,29,-1,-1,-1,-1,-1,-2,2405,390,2476,3055,0,0,390,2476,3059,0,0,0,No
210000,Female,2,1,34,0,0,0,0,0,0,140272,115922,105875,97873,90872,72969,6018,6029,3000,3500,3000,3000,No
20000,Male,2,2,28,0,0,0,2,2,2,6866,8246,10101,9790,10632,10312,1500,2000,0,1000,0,1000,No
150000,Female,3,1,24,-2,-2,-2,-2,-2,-2,6479,1670,4330,8036,1505,974,1670,4330,8040,1505,974,0,Yes
50000,Male,1,2,23,0,0,0,0,2,0,51175,47514,23927,20162,19342,18347,2500,2280,2157,0,660,638,No
210000,Female,2,1,47,0,0,0,0,0,0,17952,18894,20296,21704,24086,26414,1500,2000,2000,3000,3000,1000,No
250000,Female,3,1,49,-2,-2,-2,-2,-2,-2,632,316,316,316,316,316,0,316,316,316,316,316,Yes
130000,Male,1,2,37,0,0,0,0,0,0,109383,106149,44841,45451,46564,47516,5300,1700,1300,1500,1500,1400,No
290000,Male,1,1,38,2,2,0,0,0,0,324016,294976,297386,243558,241765,236413,0,12139,80000,10000,8443,10000,Yes
150000,Female,2,2,29,0,0,0,0,0,-1,19020,7717,9858,9188,7518,23574,1500,5000,2000,1000,33054,704,No
80000,Female,3,2,28,0,0,0,0,0,0,77450,78100,76204,66876,66182,67199,3500,2600,2400,2500,2700,2300,No
50000,Male,2,1,39,0,0,0,0,0,0,11665,12405,13355,13622,11550,11713,1232,1182,449,565,504,233,No
90000,Male,2,2,27,0,0,2,2,2,2,20249,44731,43712,52966,51988,56117,25000,0,10000,0,5000,3150,No
220000,Male,1,2,38,1,2,-1,-1,0,-1,7311,5590,1066,2404,1338,19082,0,1066,2404,0,19082,4421,No
170000,Male,2,2,33,-1,-1,-1,-1,-1,-1,2164,165,165,0,4841,95,165,165,0,4841,95,531,No
70000,Male,1,2,26,1,-2,-2,-2,-2,-2,0,0,0,0,0,0,0,0,0,0,0,313,No
160000,Male,1,2,53,2,2,-1,-1,-2,-1,1309,0,4582,0,0,2191,0,4582,0,0,2191,4825,Yes
250000,Female,1,2,29,-1,-1,-1,0,-1,-1,17949,9863,6942,2779,2497,2830,9863,6955,2517,2497,2830,10809,No
70000,Male,1,1,42,0,0,0,0,0,0,71255,71338,71267,69813,71324,71268,2800,2800,2900,2800,2800,2990,Yes
90000,Female,2,2,27,-1,-1,-1,0,0,0,509,511,4451,4104,8993,5382,511,4451,82,5161,108,0,Yes
50000,Female,2,1,23,0,0,0,0,0,0,49103,44351,38726,28598,29277,27310,1800,2128,1000,1100,1000,999,No
150000,Female,1,2,30,0,0,0,0,0,0,150311,138240,138887,144170,149970,145262,5500,3400,5883,5800,2905,2799,Yes
20000,Female,2,1,21,1,-2,-1,-1,-2,-2,0,0,289,0,0,0,0,289,0,0,0,0,Yes
20000,Female,1,2,23,0,0,0,0,0,0,16841,17676,18804,19037,20137,20160,1642,2000,1000,1730,587,208,No
50000,Female,5,1,29,0,0,0,0,0,0,85305,86152,56250,57603,19336,18964,4000,2257,2000,2000,700,600,No
200000,Male,1,1,31,0,0,0,0,0,0,179063,159466,162739,163555,166452,168398,5000,5100,5000,6000,4500,20000,No
200000,Female,3,2,25,-1,-1,-1,0,-1,-1,1676,3122,2991,390,1211,390,4595,2991,0,1211,390,1112,No
120000,Female,2,2,52,0,0,0,0,0,0,119796,117229,239224,91231,90184,90072,4700,5590,4000,3600,3700,32696,No
270000,Female,3,1,37,-1,-1,-1,-1,-1,-1,384,2197,186,0,173,0,2197,186,0,173,0,433,Yes
300000,Female,1,2,31,0,0,0,-1,-1,-1,11158,1616,3658,658,662,0,1000,2700,658,662,0,0,No
400000,Male,2,2,29,0,0,0,0,0,0,41008,42351,43146,44227,45062,46012,2005,1800,1800,1700,1700,1800,Yes
120000,Male,3,1,24,0,0,0,-2,-2,-2,79172,61300,0,0,0,0,2500,0,0,0,0,0,No
130000,Male,2,2,25,0,0,0,0,0,0,4841,6750,7559,5198,5198,5198,2000,1000,2200,0,0,0,No
150000,Male,2,1,30,-2,-2,-2,-2,-2,-2,116778,59731,89742,116067,97725,76466,60367,100483,116567,50156,10383,316,No
200000,Female,1,2,40,1,-2,-2,-2,-2,-2,0,0,0,0,0,0,0,0,0,0,0,0,Yes
130000,Male,2,1,49,0,0,0,0,0,0,130558,131939,100513,35288,34359,33488,5311,2502,1512,1612,2000,1000,No
120000,Female,1,2,27,-1,-1,-1,-1,-1,-1,1026,1026,1026,1026,1026,1026,1026,1026,1026,1026,1026,1026,No
50000,Male,1,2,26,0,0,-1,-1,-1,-1,11550,11368,138,1022,316,450,1000,200,1200,600,600,600,No
10000,Female,3,1,49,-1,-1,-2,-1,2,2,32,-358,-748,1690,1138,930,0,0,2828,0,182,0,Yes
360000,Male,1,2,28,-2,-2,-2,-2,-2,-2,14433,15157,8564,1495,5977,1211,2394,8606,1502,6006,4217,2228,No
140000,Female,1,2,24,0,0,0,0,0,-1,124722,77682,77870,19353,8966,14300,3645,2322,387,1000,14300,2900,No
50000,Female,2,2,25,3,2,2,0,0,0,49081,50074,48610,17857,18369,19011,2063,0,800,800,1000,1000,Yes
120000,Female,2,1,44,0,0,0,0,0,0,16407,17433,18444,18810,19218,21385,1296,1307,673,711,2500,793,No
500000,Male,1,1,56,-1,-1,-1,-1,-1,-1,22981,97007,32109,56370,36918,35017,97345,32189,56436,36918,35017,23547,No
500000,Male,1,2,33,0,0,0,0,0,0,49981,45803,43838,25588,24648,23773,2200,2000,3000,2000,2657,85500,No
160000,Female,3,1,39,0,0,0,0,0,0,40892,42416,43367,44344,45486,50520,2500,3000,2000,1856,6000,2000,No
60000,Female,2,2,31,-1,-1,2,-1,-1,-1,326,1152,826,22662,38211,19671,1152,0,22662,38211,19671,12245,No
60000,Female,2,1,40,0,0,0,-1,-1,-1,25158,18473,7506,4790,6388,5816,5000,1508,4790,6388,6046,17806,No
160000,Female,2,2,40,1,-1,-1,-1,-1,-1,0,372,-7,3298,455,-325,372,0,3305,455,0,0,No
500000,Female,1,2,40,-1,-1,-1,-1,-2,-1,5158,5514,14199,1537,1537,5517,5514,14220,1537,1537,5517,550,No
360000,Female,1,1,41,0,0,0,0,0,0,250180,141206,64277,32727,13004,0,4428,2017,305,1240,0,0,No
10000,Male,2,2,27,2,2,2,0,0,2,6743,9060,8768,9465,10212,10198,2600,0,1000,900,300,0,Yes
30000,Female,3,1,44,2,2,2,2,0,0,33382,34547,35100,32859,32041,31262,2000,1500,0,1112,1175,2200,Yes
60000,Female,2,2,26,0,0,0,0,0,0,3724,5782,24653,25831,27483,28085,5600,20000,2500,3000,2000,1500,No
410000,Male,2,1,37,-2,-2,-2,-2,-2,-2,4339,1695,17106,9600,2052,3829,1815,17106,9600,2052,3829,3400,No
70000,Female,2,1,27,3,2,3,2,0,0,70084,71379,69264,26547,24173,24620,3000,0,0,2000,1000,1000,Yes
60000,Female,3,2,47,-1,-1,-1,-1,-1,-1,696,696,696,696,696,696,696,696,696,696,696,380,Yes
80000,Male,2,1,41,0,0,0,0,0,0,12781,9994,10704,9201,6275,2678,2000,4000,1000,1000,1000,1000,No
30000,Male,3,2,38,0,0,0,0,0,0,14095,15117,16130,16462,16808,17140,1255,1268,600,611,612,1000,No
110000,Female,3,1,49,0,0,0,0,0,0,52775,52687,53403,56028,57996,59839,3000,3000,5000,3000,3000,2000,No
150000,Female,2,1,30,-1,-1,2,-1,-1,-1,696,1392,696,696,873,1392,1392,0,696,873,1392,696,Yes
30000,Female,2,1,38,1,2,0,0,0,2,9033,8136,8339,8730,9386,3014,0,1000,1000,1300,0,1000,No
150000,Male,3,1,38,0,0,0,0,0,0,40441,38497,39552,40393,41243,42157,2000,2000,1500,1500,1600,1600,No
50000,Male,3,1,55,0,0,2,0,0,2,42067,45127,44106,44839,47634,46718,4055,0,1767,3683,0,1817,No
40000,Male,2,3,41,0,0,0,0,0,0,39295,38490,38224,37764,38029,32179,1786,1890,2000,1104,948,337,No
70000,Female,2,2,23,0,0,0,0,0,0,54428,25085,25282,21858,19171,8443,2002,1819,509,539,2000,1000,No
100000,Male,1,1,46,2,0,0,0,0,0,98482,89958,78533,75568,63637,50711,3517,2700,19782,2063,3000,1400,Yes
10000,Female,3,2,22,1,2,0,0,2,0,8846,8560,9706,10406,10109,10057,0,1300,1000,0,1000,1000,No
60000,Male,3,2,29,0,0,0,0,0,0,4262,11674,6281,7920,8472,8735,7662,1269,1908,1000,727,0,No
100000,Male,1,2,27,-1,-1,-1,-1,-1,-2,2927,831,1226,330,0,0,831,1226,330,0,0,0,Yes
50000,Female,2,2,29,0,0,0,0,0,0,9730,9067,9816,9889,8765,9136,1500,1091,1000,1000,1000,2000,No
50000,Female,1,1,54,2,2,2,0,0,0,47927,50421,17637,17680,18091,18750,4090,0,633,696,1000,1000,Yes
10000,Female,3,2,36,0,0,0,0,0,0,4945,6157,7172,8048,8318,8679,1300,1124,1000,400,500,200,No
80000,Male,2,2,36,0,0,0,0,0,0,75345,77112,78707,38084,38910,39691,4419,4000,2000,2000,2000,3232,No
50000,Male,2,2,47,0,0,0,0,0,0,37486,35996,36679,16707,17057,17423,1800,2021,650,619,650,1000,No
470000,Male,1,2,27,-1,-1,-1,-1,0,0,4007,3201,14509,21168,14501,8726,3201,14509,21168,0,1528,6970,No
530000,Female,2,2,39,0,0,0,0,0,0,398763,396324,355438,317549,290182,292602,17016,14102,11100,11005,11102,9060,No
200000,Female,1,1,34,-2,-2,-2,-2,-1,0,12322,25851,35691,-24303,38674,30784,13871,74000,882,124264,14692,8640,Yes
20000,Male,1,2,23,0,0,0,0,0,-1,18055,2059,2576,1834,1092,942,1100,1500,200,200,942,19840,No
80000,Female,3,2,24,0,0,0,0,0,0,80235,81960,79121,59165,60084,59920,3626,3862,2056,2200,2130,2213,No
150000,Female,2,2,38,-1,-1,-1,0,0,0,5219,0,5200,1561,1633,230,0,5200,0,72,460,4487,No
30000,Female,2,1,41,2,2,0,0,0,-1,25594,21485,22320,23933,22742,2500,0,1300,5000,945,1850,1060,Yes
230000,Female,3,1,30,0,0,0,0,0,0,190919,191785,164602,136569,139522,132239,7214,6264,10000,5028,5000,5000,No
170000,Female,2,1,37,2,0,0,2,2,2,135419,138547,148175,149758,147262,156808,6800,13500,5500,0,12000,0,Yes
290000,Male,3,1,47,-1,-1,-2,-2,-2,-2,1200,0,0,0,0,0,0,0,0,0,0,4634,No
170000,Female,2,2,27,0,0,0,0,0,0,64195,66163,67856,38803,40259,41541,3000,3000,2308,3000,3000,1800,No
200000,Female,1,2,26,0,0,0,0,0,0,118267,103114,85698,64423,49432,34814,3263,5114,1613,1402,3055,7043,No
80000,Male,3,1,55,0,0,0,0,0,0,82567,84221,80041,19000,15178,14717,3121,8443,1582,548,531,479,No
340000,Female,2,2,32,-2,-2,-2,-2,-2,-2,0,0,2500,2500,0,0,0,5000,0,0,0,0,Yes
80000,Female,2,2,27,0,0,0,0,0,0,64561,47041,25439,26140,28833,28459,2176,1299,1000,3000,981,2000,No
60000,Female,2,3,28,0,0,0,0,0,0,34580,15924,18124,28644,18656,15952,1300,2500,1000,1688,1000,1000,No
340000,Female,2,2,27,-1,-1,-1,-1,-1,-1,14745,9318,4794,7819,332,16516,9318,5343,7819,332,16516,5000,No
20000,Male,1,1,54,0,0,0,0,0,0,10618,12135,16878,19624,20036,18309,2000,5000,3000,689,1000,2000,No
500000,Male,2,1,49,-2,-1,0,0,0,0,5157,77667,94159,95209,97952,202991,77677,20000,3500,4371,107500,0,No
250000,Female,1,1,53,0,0,0,0,0,0,252916,251830,245429,186620,193003,191867,9011,8146,6000,13003,11867,17186,No
50000,Female,2,2,24,1,-2,-1,-1,0,0,0,0,51400,11330,12144,12938,0,51400,11330,1000,1000,1519,No
100000,Male,1,3,48,-1,-1,-1,0,0,-1,525,1022,897,897,319,2757,1100,1000,0,0,2800,5400,Yes
280000,Male,1,2,31,-1,-1,-2,-1,-1,-1,2158,-2,-2,5823,2900,42128,0,0,5825,2915,42338,2419,Yes
500000,Male,1,1,41,0,0,0,0,0,0,505128,500867,489856,356583,289398,274590,19295,18694,12271,9699,9420,8818,No
20000,Male,2,2,24,0,0,0,0,0,0,16793,18215,18679,16264,17119,10550,1700,1150,467,1000,1200,400,No
140000,Female,2,2,24,1,-2,-1,-1,2,0,0,0,167,80644,146651,55776,0,167,80677,0,2500,28,No
250000,Female,2,2,30,0,0,0,0,0,-1,43694,33357,44167,19806,22231,6852,15284,20087,5093,10000,6876,0,No
50000,Male,1,2,27,-2,-2,-2,-2,-2,-2,0,0,0,0,0,0,0,0,0,0,0,0,No
230000,Female,2,1,27,0,0,0,0,0,0,228863,227814,218694,191956,191741,176784,8862,8933,6956,7845,6784,7471,No
500000,Male,3,2,31,-2,-2,-2,-2,-2,-2,453,16577,40489,39744,26765,2837,16783,40496,1075,2133,2851,85327,No
280000,Female,1,1,40,0,0,0,0,0,0,212617,207478,211850,209651,214520,213520,7297,7584,7416,8000,7639,7312,No
160000,Female,2,1,40,1,-2,-2,-2,-2,-2,0,0,0,0,0,0,0,0,0,0,0,0,No
500000,Female,1,1,38,0,0,0,0,0,0,105587,105478,100026,86265,67539,53676,3627,3059,2670,2331,2406,1645,No
290000,Female,2,2,24,0,0,0,0,0,0,230014,219207,215223,216261,217537,216014,8411,8600,7000,7300,7000,6000,No
100000,Male,3,2,29,0,0,0,0,0,-2,47919,30820,28503,6810,-3,-3,2000,1000,1039,12920,0,0,No
480000,Male,1,1,61,0,0,0,0,0,0,91524,94123,95336,97645,92109,79795,5000,4000,7172,4000,2500,3000,No
110000,Female,3,2,33,0,0,0,0,0,0,110704,55885,56779,56580,57509,58715,2056,2100,2100,2076,2400,2100,No
350000,Female,1,2,24,2,2,0,0,2,0,86342,84103,86179,91608,86705,90208,0,3500,6800,0,5100,105000,Yes
70000,Male,2,3,34,-2,-2,-1,0,0,0,58875,0,72772,39980,40126,39788,0,72772,1400,1500,1500,1600,No
290000,Male,2,1,38,0,0,0,0,0,0,118801,99370,84836,82168,80299,77324,3530,3019,2818,3000,3199,2350,No
210000,Female,2,2,34,-2,-1,-1,-2,-2,-2,6769,12656,5570,2285,0,0,12660,5570,2285,0,0,0,No
240000,Male,1,1,38,-1,-1,-1,-1,-1,-1,4890,4157,14342,11411,3006,13268,4164,14371,11411,3006,13336,0,No
260000,Female,2,1,49,1,-2,-2,-2,-2,-2,0,0,0,0,0,0,0,0,0,0,0,0,No
80000,Male,2,2,27,0,0,0,0,0,0,38220,33962,31297,27679,7689,8802,3000,1000,730,2015,1000,2000,No
10000,Male,3,2,28,2,0,0,-1,-1,0,6302,6390,0,1170,9956,9992,1000,1600,1170,9956,282,91,Yes
50000,Female,6,1,45,0,0,0,0,0,0,48984,49878,47024,29194,27146,28506,2000,1500,2000,2000,2000,1500,No
200000,Female,2,1,39,1,-2,-1,-1,-1,-2,0,0,12888,2075,0,0,0,12888,2075,0,0,5051,No
400000,Female,2,1,39,-2,-2,-2,-2,-1,-1,91170,55588,14037,20356,90159,79053,55974,14079,20417,90180,79176,34790,No
210000,Female,1,1,37,0,0,-1,-1,-1,-1,24547,48302,4549,3085,7300,6583,4519,9098,3085,7300,6583,5060,Yes
500000,Male,1,2,42,-2,-2,-2,-2,-2,-2,0,0,0,0,0,0,0,0,0,0,0,0,Yes
60000,Male,3,1,55,-2,-2,-2,-2,-2,-2,0,0,0,0,0,0,0,0,0,0,0,0,No
150000,Female,2,2,25,0,0,0,0,0,0,151761,149060,151308,152576,152368,142030,5752,6308,16644,12381,9320,5977,No
60000,Female,1,2,26,1,-1,0,0,0,0,0,23040,28266,43296,44307,43550,23040,8000,20000,1669,1549,15000,No
450000,Male,5,1,35,0,0,0,0,-1,-1,254679,179510,212496,51953,74870,-2313,10000,205004,52000,74896,500,110124,No
430000,Female,2,1,42,2,2,2,2,2,2,289358,296219,300873,294527,308523,318274,13000,11000,0,19000,15000,0,Yes
50000,Female,2,2,30,-1,-1,-1,0,0,-1,1383,1383,4149,2766,1383,1383,1383,4149,0,0,1383,5419,No
80000,Female,2,2,23,-2,-2,-2,-2,-2,-2,0,2946,390,390,390,780,4419,390,390,390,780,0,No
200000,Male,3,1,36,0,0,0,2,2,2,25469,26663,28509,27381,29054,28052,2000,3000,0,2500,0,1500,Yes
60000,Female,2,2,25,0,0,0,0,0,0,18280,19468,20986,23783,25548,21811,1482,2000,3000,3000,1500,2000,No
50000,Male,2,1,48,2,0,0,0,0,0,49913,50588,50245,19424,19829,20386,2077,1311,689,712,879,799,No
150000,Female,1,1,35,0,0,0,0,0,0,38484,43489,48194,32264,25579,0,8000,5175,3000,10000,0,0,No
200000,Female,1,2,26,-1,0,-1,0,-1,-1,980,2980,3438,2102,38,0,2000,3438,50,38,0,0,No
80000,Male,2,1,29,0,0,0,0,0,0,78265,79364,73622,75092,75976,77511,3070,2623,2644,2743,2783,2909,Yes
30000,Female,2,3,41,1,-1,0,0,-1,0,8247,16463,7090,10000,18438,17068,16463,1314,10000,18438,733,11796,No
200000,Female,2,2,33,0,0,0,0,-2,-2,47132,27179,13457,-387,-387,-387,1917,1000,0,0,0,0,No
170000,Female,1,2,30,0,0,0,0,0,0,30552,29342,30544,30477,2609,1359,2500,2500,780,1100,400,918,No
180000,Female,2,2,28,0,0,0,0,0,0,103203,108032,109741,112907,115924,118832,6500,5000,5000,5000,5000,5000,No
160000,Male,1,2,27,-1,-1,-1,-1,-1,-1,11924,0,4477,2682,29011,4000,0,4477,2682,29011,4000,5459,No
20000,Female,3,2,29,-1,2,2,-1,-1,-1,957,738,356,356,4616,728,356,0,356,4616,728,449,No
250000,Male,1,2,42,0,0,0,0,0,0,255473,256003,254970,209124,213392,205180,11300,12177,7200,8000,7700,8003,No
150000,Male,1,2,28,-1,-1,-1,-2,-2,-2,252,6514,-31,-31,-31,-31,6546,0,0,0,0,0,No
180000,Male,1,1,35,-1,-1,-1,-1,-1,-1,574,396,395,846,1027,381,396,395,848,1027,381,5819,No
120000,Male,1,2,27,0,0,0,0,0,0,60109,44206,38083,36728,36952,35475,2415,1816,1381,1264,1228,1217,No
430000,Female,1,1,42,-2,-2,-2,-2,-2,-2,1580,1526,806,2792,3010,-200,1526,806,2792,3010,200,0,No
20000,Female,3,2,38,-1,-1,2,0,-1,-1,12193,11242,8015,3668,3508,5278,5015,0,0,3508,5278,780,No
370000,Female,1,1,42,0,0,0,0,0,0,271452,256269,200761,125646,111185,45816,11295,8300,5000,4600,10000,280000,No
30000,Female,3,2,25,0,0,0,0,0,0,25366,27626,22034,16312,14614,0,5000,1000,326,292,0,0,No
180000,Female,1,2,25,0,-1,2,-1,-1,2,7026,10080,3254,1443,7105,2929,10080,0,1443,7105,0,5253,No
360000,Male,1,1,48,-1,-1,-1,-1,-2,-1,5518,2532,5504,-4,-4,881,2548,5536,0,0,885,1595,No
260000,Female,1,2,33,0,0,0,0,0,0,248034,241535,174423,46654,202945,180891,11381,7256,2312,200128,7175,5612,No
200000,Female,1,2,25,0,0,0,0,0,0,190123,194059,194464,76223,77822,80598,8487,5105,3000,2828,4073,1794,No
50000,Female,2,1,39,0,0,0,0,0,0,30049,30147,28703,28918,29126,28643,1800,1500,1142,1200,1200,1200,No
50000,Female,2,2,22,3,2,0,0,0,0,50953,49363,49243,46382,47261,48219,8,3011,1264,2000,1159,1244,Yes
270000,Male,1,2,33,-1,-1,-1,-1,-1,-1,9711,9363,13951,8938,15280,18002,9391,13999,8964,15325,18028,211,No
10000,Female,2,2,22,2,0,0,0,0,0,7582,8502,9479,9669,9978,9928,1200,1136,326,444,199,0,Yes
390000,Male,1,1,38,-1,-1,-1,0,0,-1,9610,6090,18119,15220,7658,7547,6090,18119,304,416,7547,897,No
350000,Female,1,1,50,-1,-1,-1,-1,-1,-1,50376,20717,10133,28858,8693,9194,20717,10173,28858,8693,9194,17436,No
300000,Male,2,2,33,0,0,0,0,0,0,306623,296304,295855,201842,201309,200695,12000,11504,8500,8000,8000,11000,No
50000,Male,2,2,38,0,0,0,0,0,0,42856,29248,17775,17833,18246,18642,1300,1600,650,700,700,700,No
250000,Female,1,1,35,0,0,0,0,0,0,88132,81826,71488,69145,68680,70047,3500,3070,2372,2413,2428,2507,No
360000,Male,1,2,33,-1,2,0,0,2,0,5971,5732,6465,9465,9290,4209,0,1000,3000,0,5000,3780,No
180000,Female,1,1,42,1,-2,-2,-2,-2,-2,0,0,0,0,0,1031,0,0,0,0,1031,0,No
150000,Male,4,1,41,0,0,0,0,0,0,78354,69250,69790,71535,73131,72502,2507,3001,3001,3013,3133,3000,No
250000,Female,2,1,35,1,2,2,2,2,2,196192,191745,205681,200988,217830,223254,0,17000,0,20000,9078,8500,No
200000,Male,3,2,29,0,0,-1,-1,-1,-1,41151,21132,482,482,462,446,1650,482,482,462,466,0,No
260000,Female,1,1,46,-1,-1,-1,-1,-1,-1,451,268,604,664,734,1076,268,604,664,734,1076,1220,Yes
150000,Female,1,2,52,0,0,0,0,0,0,135450,137647,141046,143490,146060,149861,4771,4952,4019,4132,5037,3500,Yes
400000,Female,1,2,36,-1,-1,0,-1,-1,-1,39601,21357,30689,2514,4215,827,21357,10689,2514,4215,827,10827,No
20000,Male,2,1,32,0,0,0,0,0,0,14662,10305,11127,12928,13721,14492,1500,1300,2000,1000,1000,1000,No
90000,Female,3,2,25,0,0,0,0,2,0,43519,44677,45868,47535,40920,38622,1861,2052,2719,0,1600,890,No
200000,Male,3,1,34,0,0,0,0,-1,2,73494,82253,179964,-36,5654,804,10000,100000,0,5690,0,4421,No
70000,Female,1,2,27,1,2,2,2,2,2,61401,62712,63586,64440,65761,67128,2900,2500,2500,2500,2600,1000,No
80000,Male,2,1,49,0,0,0,0,-1,-1,5885,7001,8632,10316,316,2523,2000,2000,2000,316,2523,316,No
240000,Male,1,2,43,0,0,0,0,0,-2,73462,82677,76248,79684,58231,7100,65361,30646,70204,10000,7100,8318,No
200000,Female,1,2,28,-1,-1,-1,0,-1,0,339,5322,7756,4792,3107,17423,5322,7756,0,38700,16724,6393,No
270000,Female,1,2,29,0,0,0,0,0,0,125120,102046,91426,93262,96104,98374,4000,2969,3000,4000,3500,3450,No
210000,Female,1,1,32,1,-2,-2,-2,-2,-2,0,0,0,0,0,0,0,0,0,0,0,0,No
140000,Male,2,2,24,-1,-1,-1,-1,-1,0,16343,1462,4326,6380,48866,23797,1462,4326,6398,48866,3500,2000,Yes
120000,Male,3,1,36,-1,0,0,0,0,0,31218,32319,32687,32972,33559,34604,2000,1600,1200,1500,2000,1500,No
130000,Female,1,1,36,2,2,2,2,0,0,65767,74474,78652,76790,78400,79996,9813,6000,0,3001,3058,2866,Yes
70000,Female,3,0,34,1,2,2,2,2,2,16354,17295,16720,18438,18004,19546,1500,0,2000,0,2000,0,No
80000,Male,2,2,24,0,0,0,0,0,0,35926,32813,22638,18805,6058,0,5041,4238,5051,3118,0,0,No
170000,Male,1,1,38,1,-2,-2,-2,-2,-2,0,0,0,0,0,0,0,0,0,0,0,0,Yes
300000,Female,1,2,33,-2,-2,-2,-2,-2,-2,920,1592,0,0,0,0,1592,0,0,0,0,0,No
380000,Male,1,1,37,-1,-1,-1,-1,-1,-1,15019,4162,2107,0,1630,0,4472,2107,0,1630,0,0,No
110000,Female,1,2,26,0,0,0,0,0,0,58716,50943,46942,47935,49083,49603,2500,2100,2000,2000,2500,2000,No
80000,Female,1,2,24,0,0,0,-2,-2,-2,30985,44300,0,0,0,0,14300,0,0,0,0,0,No
200000,Male,1,2,28,-2,-2,-2,-2,-2,-2,972,-1,-1,299,299,293,0,0,300,300,294,0,No
360000,Male,3,1,62,0,0,0,0,0,2,234825,242378,235716,171573,95455,91687,15000,12000,10000,10000,0,10000,No
170000,Female,2,2,50,-1,-1,-1,-1,-1,-1,10072,2417,199,1628,0,4968,2417,199,1628,0,4968,0,No
500000,Female,1,1,46,-2,-2,-1,0,0,-1,28412,72222,248807,179086,160121,52190,72234,248902,3582,3202,52190,53710,No
50000,Female,2,2,24,0,0,0,0,0,0,16090,50912,34027,9568,9913,10132,36027,1807,1000,500,400,500,No
50000,Male,3,1,52,2,2,2,4,3,3,37530,38630,41774,40806,41357,41380,2000,4086,0,1500,1000,1800,No
80000,Female,3,1,26,0,0,0,0,0,0,46802,33357,32883,29425,30117,30492,1903,1397,5000,1300,1400,1300,No
50000,Male,1,2,31,0,0,0,0,0,0,50758,49517,49528,44768,40295,33088,2501,2005,1312,1614,1706,0,No
30000,Female,2,2,23,0,0,0,0,0,0,28420,27929,28920,27997,28378,29321,1482,1703,1001,1500,1845,1001,Yes
30000,Male,2,1,41,0,0,0,0,0,0,5413,13938,8448,8620,8000,0,9200,1000,172,160,0,0,No
20000,Male,3,2,23,1,2,0,0,0,3,14034,13524,14983,16197,18932,18271,0,2000,1780,3000,0,0,Yes
500000,Male,1,2,29,0,0,0,0,0,0,499452,455071,359940,345238,274743,250930,30483,15773,10393,10580,120081,10996,No
170000,Female,3,1,42,-1,-1,-1,-1,-1,-1,552,552,552,552,552,0,552,552,552,552,0,33290,No
20000,Female,1,2,23,1,-1,0,0,-1,-1,0,342,1342,1372,2037,1068,342,1000,30,2037,1218,462,No
90000,Male,3,2,50,0,0,0,0,0,0,76495,71616,60177,54440,45788,41874,3243,2390,1840,1690,1954,1497,No
230000,Male,1,1,35,-1,-1,-2,-2,-2,-2,3454,0,0,0,0,0,0,0,0,0,0,0,Yes
210000,Female,2,2,35,0,0,0,0,0,0,209802,208421,190737,142271,137171,130687,8800,8023,4809,5001,5000,5000,No
20000,Male,2,2,23,0,0,0,0,0,0,17728,18835,38099,18471,16408,17135,1700,1262,1244,595,1000,1000,No
60000,Female,2,1,48,-1,-1,-1,-1,-1,-1,9015,14700,438,2575,0,4532,14700,438,2575,0,4532,3566,No
300000,Female,2,1,29,-1,-1,-1,-1,0,-1,1825,2017,2476,5797,1542,1256,2017,2476,5797,0,1256,23265,No
50000,Male,1,2,30,0,0,2,2,2,2,44572,48361,47192,50588,40009,43685,4500,0,4000,0,5000,0,No
50000,Male,2,2,35,0,0,0,0,0,0,50000,37891,8434,8604,8865,9058,1150,1200,310,400,340,301,Yes
500000,Male,1,1,61,-1,-1,-1,0,0,0,11430,29015,25364,19550,21096,23491,29205,25428,9575,11116,15063,217,No
490000,Male,1,2,30,0,0,0,0,0,0,250637,254499,254762,253583,232878,236555,11032,10000,10000,9012,10000,10000,No
110000,Female,3,1,29,1,2,0,0,0,2,109636,96380,56414,56677,109583,107981,0,3000,2000,53700,0,3000,No
360000,Female,2,1,27,0,0,0,-1,-1,-1,6449,3885,3113,1347,2179,5575,1108,1024,1353,2188,5602,776,Yes
80000,Female,2,1,42,0,0,-1,-1,0,0,43024,9821,600,53900,55000,65000,5098,600,53900,1100,10000,0,No
180000,Female,1,2,27,2,2,0,0,2,2,153198,151128,152785,168657,165872,173667,1813,5667,18483,0,11000,1842,Yes
180000,Female,1,2,27,-1,-1,-1,-1,-1,-1,581,5394,1485,4778,23350,583,5396,1485,4778,23350,583,5883,No
70000,Female,2,2,22,0,-1,0,0,0,0,9232,68209,66087,50716,48862,49850,68209,2081,2000,2000,1828,1518,No
140000,Male,2,2,26,0,0,0,0,0,0,105930,59125,54636,51407,12016,60890,3029,2000,2059,1019,55317,2015,No
340000,Female,1,2,30,-2,-2,-2,-2,-2,-2,24400,27791,6097,2272,4336,2581,27800,6097,2272,4336,2581,1865,No
70000,Female,2,2,36,-1,2,2,2,2,2,1156,2254,2044,4152,3023,4014,2044,0,4000,0,2000,0,Yes
300000,Male,1,2,34,0,0,0,0,0,0,271928,274915,279570,241030,228125,215438,10230,9483,8172,8081,7707,7981,Yes
20000,Female,2,2,23,2,2,2,2,4,3,18495,20194,18880,22215,20638,19342,3000,0,4613,0,0,0,Yes
170000,Female,2,1,42,-1,-1,-1,-1,-1,-1,415,415,415,415,1215,1390,415,415,415,1215,1390,1215,No
280000,Female,1,1,44,0,0,0,0,0,0,146390,148737,151000,152538,154291,155955,5111,5100,4300,4500,4500,4500,No
90000,Female,3,2,50,0,0,0,0,0,0,83939,86583,87014,46293,47576,46663,4000,2500,2000,2000,2000,2000,No
160000,Female,2,2,27,1,-1,-1,-2,-2,-2,0,418,0,0,0,0,418,0,0,0,0,0,Yes
60000,Male,1,1,38,1,2,0,0,2,2,49808,48736,49525,57564,56517,81397,0,1900,8900,0,26000,2100,Yes
210000,Male,1,1,46,-1,-1,-1,-1,-1,-1,3035,5764,46884,80514,391,1487,5790,46915,80871,391,1497,10194,No
130000,Female,2,1,29,0,0,0,0,0,0,132214,132361,128904,101785,101849,99296,5500,5904,4785,3849,4296,3139,No
160000,Female,1,2,35,0,0,-2,-2,-2,-2,11988,-890,-890,-890,-890,-890,0,0,0,0,0,0,No
20000,Female,1,2,37,0,0,0,-1,-1,-2,8400,2000,0,2000,0,0,1000,0,2000,0,0,0,Yes
240000,Female,2,1,40,-1,-1,-1,-1,-1,-1,4480,1725,10062,8662,4566,3915,1735,10096,8675,4566,3927,2529,No
340000,Female,1,1,38,-1,-1,0,0,0,-1,15065,41951,86114,82049,57667,80767,41951,50000,30000,5000,80767,10000,No
150000,Male,1,1,42,0,0,0,0,0,2,136518,146249,147624,138636,146609,149438,13571,7500,10600,11200,5400,0,No
180000,Male,1,1,46,0,0,0,-2,-2,-2,142826,61650,0,0,0,0,3000,0,0,0,0,0,No
300000,Female,1,2,26,-1,0,0,0,0,0,48729,47798,57390,36766,38586,84950,7500,18340,1000,3000,57543,64629,No
180000,Male,2,1,44,-1,-1,-1,-1,-1,-1,1110,1110,1110,1110,1110,1110,1110,1110,1110,1110,1110,1110,No
50000,Female,2,2,22,0,0,0,0,0,0,44320,45884,47104,48205,17555,7809,2280,2500,1401,0,3000,2110,No
50000,Female,3,1,55,0,0,0,0,0,2,46731,47439,41493,19129,20561,20083,1810,1614,700,1745,0,1000,No
190000,Male,1,2,31,-2,-2,-1,-1,0,0,-579,0,400,579,579,-421,579,400,579,0,421,0,Yes
180000,Female,1,1,43,-1,-1,-1,-1,-1,-1,4824,1001,13413,8577,8596,24297,1001,13413,8577,8596,24297,26134,No
450000,Male,2,2,29,0,0,0,0,0,0,51686,54224,49606,43803,62914,81529,10068,10075,10000,20000,20000,5200,No
100000,Female,1,2,30,1,2,0,0,0,0,105033,102513,100693,71253,70206,71060,0,3509,3047,3500,3000,2500,No
80000,Male,2,2,26,0,0,0,0,-1,-1,68194,24956,22145,33675,3047,77511,2000,3000,18000,3047,77511,4000,No
10000,Male,3,2,36,0,0,0,0,2,0,6470,7404,8415,9075,8785,8959,1200,1440,800,0,320,900,Yes
260000,Female,2,1,53,1,2,2,2,2,2,118107,121763,133107,133107,148107,148107,3656,15000,0,15000,0,15000,Yes
150000,Male,3,1,52,0,0,0,0,0,0,88812,90649,92499,94364,97589,99921,2564,2616,2647,4000,3158,2215,Yes
500000,Female,1,2,34,-2,-2,-2,-2,-2,-2,19656,65732,14611,23169,6738,0,65732,14643,23169,6738,2159,0,No
110000,Female,1,1,46,-1,-1,-1,-1,-1,-1,734,9455,1277,2170,16070,1760,9483,1338,2176,16070,1760,927,No
160000,Male,2,1,32,0,0,0,0,0,0,93174,95274,97291,98768,101016,103176,4500,4500,4000,4000,4000,4000,No
200000,Female,2,2,36,0,0,0,0,0,0,131694,122349,112715,102542,92335,81667,4269,3891,3488,3250,2755,2530,No
190000,Female,1,1,45,1,2,0,0,0,0,75758,73989,75760,76899,78761,80883,0,3600,3000,3100,3600,3500,No
180000,Female,1,2,28,-1,-1,-1,-1,-1,-2,8366,16912,9199,4745,0,0,16912,9211,4758,0,0,2771,Yes
50000,Female,1,2,25,1,3,2,2,2,2,27796,27069,27324,29561,28952,31307,0,1000,3000,0,3000,0,Yes
100000,Male,3,1,54,0,0,0,5,4,3,46041,59526,72823,71105,69424,68006,15000,15000,0,0,0,2700,No
130000,Female,2,2,29,1,3,2,2,2,2,129094,125616,126531,127571,121365,125368,0,4500,4500,900,7200,4980,Yes
340000,Female,3,2,37,0,0,0,0,0,0,289995,269901,267494,265058,263658,256621,10015,10019,10025,10052,10011,9014,No
20000,Male,2,2,22,0,0,0,0,0,0,19844,19929,18775,13854,10718,0,1369,1162,524,606,0,0,No
30000,Male,2,1,34,0,0,0,0,0,0,28893,26807,27942,27179,27385,28943,2000,2000,940,1000,2000,2000,Yes
250000,Male,2,1,44,-1,0,-1,0,0,-2,4602,18382,15450,1867,-1,-1,5000,16000,0,1,0,0,No
70000,Female,2,2,25,0,0,0,2,2,0,70488,51152,35122,28633,28039,28621,2000,4500,1200,0,1200,1185,No
50000,Female,2,3,47,2,2,2,2,2,0,37277,38383,38954,39618,38852,39553,2000,1500,1600,0,1500,3000,No
280000,Male,1,1,60,-2,-2,-2,-2,-2,-2,792,0,192,396,0,396,0,192,996,0,396,396,No
500000,Female,2,1,46,-1,-1,-1,0,0,0,886,21803,90182,79310,68380,58772,21831,90182,2500,2380,2772,3000,No
140000,Female,2,1,50,1,2,2,2,2,2,136183,139121,140047,141215,142019,137251,6901,4800,5006,5507,5,5308,No
200000,Female,2,2,31,0,0,0,0,0,0,192698,196484,177001,100908,98873,95548,8135,7163,3783,3766,3500,4000,No
50000,Male,2,1,36,2,2,7,7,7,7,2400,2400,2400,2400,2400,2400,0,0,0,0,0,0,Yes
320000,Male,1,1,58,-1,2,-1,0,0,-1,380,64,948,632,316,316,0,1200,0,0,316,316,No
50000,Female,3,1,59,1,2,0,0,0,0,44977,43981,44996,45736,46748,47816,0,2045,1785,1900,2000,2210,No
30000,Male,2,3,49,0,0,0,0,0,0,12939,14128,15354,5023,5275,54,1405,1631,300,375,54,1000,No
100000,Female,1,2,25,2,2,-2,-2,-2,-2,100000,0,0,0,0,-150953,0,0,0,0,0,150400,No
340000,Male,2,2,44,0,0,0,0,0,0,327058,335584,330510,272220,269629,266723,16004,312723,9748,9800,9569,12500,Yes
350000,Female,2,1,38,-1,-1,-1,-1,-1,-1,7633,7600,21405,6390,6076,9610,7638,21511,6421,6106,9657,5731,No
20000,Male,2,2,24,2,0,0,2,2,2,4127,5557,7458,7192,7923,7647,1500,2000,0,1000,0,1000,Yes
110000,Male,1,2,26,0,0,0,0,0,0,110925,110909,111851,153551,75749,77217,5607,4400,2683,5466,5000,2000,No
290000,Female,2,2,29,0,0,0,0,0,0,264929,261675,263204,263612,259786,208000,12324,10508,8530,8777,7421,8002,No
40000,Male,2,2,26,1,2,2,2,2,2,11318,10845,12655,12156,20897,20411,0,2000,0,9000,0,1850,Yes
190000,Male,1,1,55,-1,-1,-1,-1,-1,-1,5928,9770,8032,30,240,540,9770,8034,0,600,690,742,No
150000,Female,2,2,23,0,0,0,0,0,0,115206,111447,103317,96140,87455,87601,6000,3306,3412,3500,3500,3300,No
300000,Female,1,2,42,-1,-1,-1,0,0,-2,6349,668,9737,367,-23,-413,668,9800,0,0,0,0,No
240000,Female,2,1,32,0,0,0,0,0,0,53286,16920,12869,14497,12262,8331,8000,1500,5000,1000,3000,2666,No
150000,Male,2,2,29,-1,-1,-1,0,0,0,51620,9070,117140,89524,36772,16157,9070,117146,1793,959,343,28763,No
80000,Female,3,2,47,-2,-2,-2,-2,-2,-1,194843,197581,202150,0,0,48855,5501,6150,0,0,48855,1832,No
160000,Female,2,1,43,-1,-1,-1,-1,-1,-1,5617,267,509,15695,515,515,267,509,15695,515,515,515,No
200000,Male,1,1,30,0,0,0,0,0,0,182338,123079,124075,99440,104685,54038,4653,5000,5000,6000,5000,10000,No
90000,Male,2,1,42,2,2,2,2,2,0,95773,95489,94681,93965,90545,90529,4000,3500,3500,0,3500,4200,No
360000,Male,2,1,38,1,-2,-2,-2,-2,-2,0,0,0,0,0,0,0,0,0,0,0,0,No
350000,Female,2,1,38,-1,-1,-1,-1,-1,-1,4482,4985,4322,4992,4295,5952,4998,4333,5005,4305,5963,6015,No
30000,Female,3,1,51,0,0,0,0,0,0,17454,18964,20442,21592,23079,24529,1800,1800,1801,2001,2000,2001,No
40000,Male,3,2,23,0,0,0,0,0,-2,15045,15899,16700,17500,0,0,1400,1200,1000,0,0,0,No
160000,Male,2,2,24,-1,0,0,-1,0,0,4449,5316,5711,6003,3527,127,1283,3008,6023,71,0,0,No
200000,Male,2,2,40,0,0,0,0,0,2,16816,17852,18562,18965,24424,23883,1610,1310,713,5800,0,3000,No
330000,Male,1,2,33,0,0,0,0,0,0,223445,122096,125969,127044,127027,129945,5005,6000,3614,4000,4000,4000,No
500000,Male,1,1,47,-1,2,-1,0,0,-1,7233,2321,18261,16456,11225,36770,0,18261,0,0,40270,0,No
500000,Female,2,1,28,-2,-2,-2,-1,0,0,67763,47746,28148,24377,15421,11239,2244,4625,24448,2028,2009,1710,No
460000,Female,1,1,54,-1,-1,-1,-1,-1,-1,7623,9483,18511,80877,45369,56789,9495,18513,80877,45369,56789,17540,No
20000,Male,1,2,22,-1,0,0,0,0,0,7268,12946,8811,9638,11740,11047,11500,6074,9000,5000,6047,1000,No
170000,Male,1,1,41,0,0,0,0,0,0,149941,68912,72741,76149,84474,92400,3200,6000,5000,10000,10000,780,No
50000,Female,1,1,29,0,0,0,0,0,0,48305,49726,50389,30410,30364,30063,2500,2109,1100,1100,1100,1100,No
50000,Male,2,1,36,-1,0,0,0,0,0,3580,4597,5757,5869,5838,5971,1084,1244,356,212,230,205,Yes
50000,Male,3,1,43,0,0,0,0,0,0,17113,17751,18332,18301,18639,18516,1303,1274,633,1000,724,1000,No
220000,Female,1,2,36,0,0,2,0,0,0,13043,4111,1522,5198,3974,-38,2190,1,3980,20,0,7762,No
260000,Female,3,2,38,0,0,0,0,0,0,30845,20395,17902,18258,18640,18956,1275,1279,635,657,669,668,No
500000,Female,1,1,54,0,0,0,0,0,0,428841,432871,436858,432945,338417,318436,15703,12000,15236,98363,11000,9000,No
500000,Male,2,1,35,-2,-2,-2,-2,-2,-2,2295,1384,1384,1384,5590,4542,1384,1384,1384,5590,4542,1000,No
160000,Male,1,2,27,-1,-1,-2,-2,-2,-2,165,0,0,0,0,0,0,0,0,0,0,0,Yes
200000,Male,2,2,27,0,-1,-1,-1,-2,-2,7934,16140,9043,-1136,-1136,-1136,16140,1000,0,0,0,0,No
50000,Female,1,1,34,0,0,0,0,0,0,42980,44015,45284,46186,47440,48453,1731,2000,1655,2000,1800,2000,No
20000,Male,2,2,25,0,0,0,0,0,0,19791,19591,15788,14911,11699,12224,1917,1000,1000,1000,1068,0,Yes
170000,Female,2,1,38,0,0,0,0,0,0,146518,142954,134372,84558,86538,88299,7031,6026,3200,3500,3200,4000,No
10000,Male,1,2,23,-1,2,-1,-1,-1,-2,780,390,390,780,0,0,0,390,780,0,0,0,Yes
20000,Female,3,2,28,1,3,6,5,4,3,19109,23788,23154,22520,21596,20962,5000,0,0,0,0,0,Yes
150000,Female,2,2,29,-1,-1,2,0,0,2,2501,6845,4592,8617,2190,1369,4400,0,4025,407,0,1845,No
470000,Female,1,1,47,0,0,0,0,0,2,447057,450070,451090,442237,450924,428239,17600,17400,15360,31000,0,28900,No
200000,Female,1,1,32,0,0,0,0,0,-1,36154,23885,24718,25213,68126,9636,9216,7013,15000,10000,10000,10000,No
130000,Female,1,2,27,0,0,0,0,0,-1,26868,28429,29710,34310,21900,780,2000,2000,5000,438,780,0,No
70000,Female,3,2,40,0,0,2,0,0,0,12924,14615,14692,14784,15175,16360,2600,1000,1000,1000,2000,2000,No
270000,Female,2,1,34,0,0,0,0,0,0,160006,163338,166672,170000,173547,177013,5420,5532,5572,5763,5804,5996,No
150000,Male,3,2,27,-1,-1,2,0,0,0,57386,58531,56544,48153,49288,36872,5000,422,2000,2041,2039,751,Yes
240000,Female,1,1,41,1,2,0,0,0,-2,8827,6993,7094,3227,-18,-18,0,1200,0,0,0,0,No
100000,Female,2,1,60,-2,-1,-1,-1,-1,-1,0,198,198,324,171,0,198,198,324,171,0,144,No
200000,Male,1,1,40,-1,-1,-1,-1,-1,-1,6750,4501,6360,2620,5900,37084,5007,7096,2620,6000,17703,4914,Yes
220000,Male,1,2,33,0,0,0,0,0,0,22708,24330,25918,27479,28877,30237,2000,2000,2000,2000,2000,2000,No
70000,Male,3,1,69,1,2,0,0,0,0,11572,11095,12109,12905,14683,15435,0,1204,1000,2000,1000,1500,Yes
210000,Female,3,2,35,-2,-2,-2,-2,-2,-2,1983,-17,9000,7905,1434,1008,0,9017,7905,1434,1008,660,No
130000,Female,2,1,36,1,2,0,0,0,0,98469,96054,97910,96744,97444,95630,0,4400,4000,3500,3600,10000,No
320000,Female,2,1,39,0,0,0,0,0,0,147440,137938,131816,120761,120375,120897,5009,6125,4001,4013,5000,4015,No
30000,Female,2,2,27,2,-1,0,0,-1,-1,1473,2998,2946,1473,1473,28058,2998,1473,0,1473,28058,1100,Yes
50000,Female,2,2,25,0,0,0,0,0,0,50485,50397,49167,45077,36815,38203,2000,3045,1660,1500,2000,10000,No
380000,Female,2,2,27,0,0,-1,0,0,0,4400,0,270219,3641,3717,3791,0,270219,131,135,136,76,No
20000,Female,2,2,22,2,0,0,0,3,2,6643,7872,9077,10989,10529,10213,1500,1500,2225,0,0,202,Yes
50000,Male,2,2,31,2,0,0,0,-1,-1,49804,28662,29476,4011,1000,0,2000,1500,1000,1000,0,0,No
140000,Female,1,2,28,-1,-1,-1,-1,-2,-2,8483,9526,33788,-18,-18,-18,9532,33788,0,0,0,0,No
150000,Female,3,1,46,1,-2,-2,-2,-2,-2,0,0,0,0,0,0,0,0,0,0,0,0,Yes
100000,Female,1,1,41,0,-1,-1,-1,0,-1,96832,2590,-11925,21289,17236,1238,2592,12,38525,0,1238,0,No
100000,Male,3,2,27,0,0,0,0,0,0,98746,99118,66147,64691,49332,50366,4146,2556,2802,1786,1850,2000,No
50000,Male,2,1,29,3,2,2,0,0,0,32750,33532,32597,19576,19034,19525,1600,7,900,700,800,800,Yes
400000,Female,1,2,33,-1,2,-1,-1,-1,-1,565,565,11471,1779,0,3470,0,11495,1779,0,3470,24096,No
250000,Female,1,1,43,-2,-2,-2,-2,-2,-2,34200,0,110801,0,18805,0,0,110801,0,18805,0,0,No
150000,Female,3,1,45,1,-1,0,0,0,0,-141,10987,12733,6908,6713,8048,11254,2000,1225,1244,1447,7000,No
120000,Male,3,2,37,2,2,2,2,2,2,117681,119513,120990,121795,113328,120615,5200,5000,4200,0,9200,0,Yes
260000,Female,1,2,31,0,0,0,0,0,0,117271,121442,121805,127594,110146,112364,7000,4150,8000,4000,4000,5000,No
90000,Female,2,2,23,0,0,0,0,0,0,80551,11066,2408,57167,57700,58817,2028,1007,57113,2092,2400,1800,No
130000,Male,1,1,39,2,-1,-1,-1,-1,-1,390,390,390,1068,3169,390,390,390,1068,3169,390,390,No
50000,Female,2,2,29,1,2,2,2,0,0,46376,45354,49086,48027,49037,48032,0,4500,0,1751,1736,2971,Yes
140000,Male,3,2,33,-1,-1,-1,-1,-1,-1,473,-27,3788,0,9386,722,0,3815,0,9386,722,1468,No
170000,Female,1,2,34,0,0,0,0,0,0,172095,160914,103021,99219,99179,99902,6317,3632,3494,3620,3800,4000,No
330000,Female,3,2,31,-1,-1,-1,-1,-1,-1,5480,30630,6350,6033,2205,0,30630,6350,6033,5649,0,173,No
210000,Male,2,1,33,-2,-2,-1,-1,-1,-1,0,0,106669,13333,12780,18472,0,106669,13333,12780,19136,18660,Yes
300000,Male,1,1,39,0,0,2,-1,-1,2,27459,34405,3283,3961,24306,22644,8000,0,3961,24306,0,7651,Yes
130000,Female,2,1,39,0,0,0,0,0,0,93797,91523,88331,81192,78774,77117,3339,2892,2733,2752,3159,3000,No
360000,Female,1,2,29,0,0,0,0,0,0,27370,20750,14898,7524,7524,0,1328,2000,150,0,0,0,No
150000,Male,2,2,26,2,2,0,0,0,0,37594,30432,20346,19447,8420,8631,0,1150,664,500,500,1000,No
90000,Female,2,2,33,2,2,0,0,2,2,61367,59814,61816,65180,63979,63733,0,3000,5010,0,5000,0,Yes
30000,Female,3,1,21,4,3,2,0,0,0,32179,31397,30358,29758,29758,23036,0,0,0,0,1000,0,Yes
80000,Female,2,1,45,0,0,0,0,0,0,79552,81392,80966,79295,81142,80672,3130,3107,2847,3134,3072,3010,No
500000,Female,1,1,33,-2,-2,-2,-2,-2,-2,363,2089,4822,48741,92978,0,2089,4822,48741,92978,0,39037,No
20000,Female,2,1,33,0,0,0,0,0,-2,13864,14534,9662,8091,0,0,1242,1020,2000,0,0,0,No
210000,Male,2,2,37,0,0,0,0,0,0,15637,17560,16765,18641,18654,16229,3017,3023,5014,5012,2012,2010,No
50000,Male,1,2,24,0,0,2,2,2,2,29595,31798,32979,32152,34668,33961,3000,2000,0,3200,0,1600,Yes
350000,Male,2,2,32,0,0,0,0,0,0,228009,220450,190173,192649,197269,201360,9000,8700,7000,7600,7800,8500,No
200000,Male,2,2,37,1,-2,-2,-2,-2,-2,0,0,0,0,0,0,0,0,0,0,0,0,No
280000,Female,1,2,28,0,0,0,0,0,-1,51439,44605,45426,38563,29669,24892,20000,10000,0,0,24892,106941,No
230000,Male,1,1,41,-2,-2,-2,-2,-2,-2,1552,792,19272,1172,1172,2246,792,19272,1172,1172,2246,1172,No
200000,Female,1,1,35,2,0,0,0,0,0,195441,192803,304997,188504,189527,192851,8597,8583,6880,7235,6839,6600,Yes
220000,Female,1,1,32,1,2,2,2,2,2,202792,198157,211340,209612,219064,222672,0,16501,3200,13000,7500,0,No
160000,Female,2,2,30,-1,-1,-1,-1,-1,-1,584,4572,7379,669,21381,200,4572,7379,669,21581,0,1100,No
200000,Female,2,2,29,0,0,0,0,0,0,180016,166678,128324,128334,131104,133762,6073,6100,5000,5000,5000,5100,No
60000,Female,2,1,45,0,-1,-1,0,0,0,56965,2495,57899,30345,30244,25474,3000,61000,3000,3000,3000,9000,No
60000,Female,3,1,33,0,0,0,0,0,0,57561,57766,49351,28549,29063,28863,2100,3000,1500,1500,1100,1100,No
380000,Male,1,1,36,-1,-1,-1,-1,-1,-1,28057,14266,22101,24038,41215,35010,14412,22211,24159,41417,35184,2109,No
240000,Male,1,1,38,1,-2,-2,-2,-2,-1,0,0,0,0,0,690,0,0,0,0,690,0,No
70000,Female,2,2,30,0,0,0,0,0,0,19758,8960,9949,10298,10511,9764,1162,1151,500,513,424,195,No
180000,Female,3,1,33,-1,0,0,0,0,-1,170126,171247,156803,159342,10400,20650,5950,7133,7369,600,20650,21650,No
150000,Female,2,2,42,-1,-1,-1,-2,-1,-1,2800,67568,0,0,6674,0,67568,0,0,6674,0,0,No
140000,Male,1,2,34,2,2,2,2,2,2,124640,131032,132065,129307,131154,134470,9900,4700,800,4012,9800,1,Yes
200000,Male,2,2,25,0,0,0,0,0,0,107001,108619,110149,110333,85201,84809,5000,5000,5000,3000,5000,10000,Yes
130000,Female,1,2,24,2,0,0,0,0,0,126874,129837,131332,97878,99594,98667,6500,5400,3446,3561,4000,3700,Yes
180000,Female,2,1,30,0,0,0,0,0,0,4747,4221,9065,5016,5931,6826,1200,5000,1000,1000,1000,2000,No
50000,Female,2,2,30,-1,-1,-1,-1,-1,-1,4166,2859,1452,1190,543,920,2859,1452,1190,543,920,534,No
40000,Female,2,1,23,2,3,2,2,2,0,31772,30983,33168,33527,32854,33947,0,3000,1200,0,1641,1362,No
210000,Female,1,1,36,-2,-2,-2,-2,-2,-2,167,0,0,0,0,0,0,0,0,0,0,0,No
150000,Female,1,2,29,-1,-1,-1,0,-1,-1,560,290,549,204,16048,0,390,649,145,16048,0,0,No
280000,Female,1,2,62,2,2,2,2,2,2,2500,2500,2500,2500,2500,2500,0,0,0,0,0,0,Yes
100000,Male,2,2,28,0,0,0,0,-2,-1,180765,64653,10388,3762,1434,12609,3018,1400,3786,1774,12714,38665,No
100000,Male,2,1,33,2,0,0,0,0,0,66393,67827,69202,70153,71468,72930,3100,3100,2700,2600,2650,2800,Yes
50000,Male,3,2,23,2,0,0,0,0,0,11744,10935,11664,10872,9392,9456,1507,1500,300,500,500,118,Yes
150000,Female,3,1,25,0,0,0,0,0,0,29823,25968,24823,22908,19325,12854,1630,7000,5000,3000,257,40825,No
20000,Male,1,2,40,0,0,0,0,0,0,20324,18509,20076,20035,14057,0,1500,20000,909,1000,0,0,No
270000,Female,1,1,50,-1,-1,-1,-1,-1,-1,1363,0,6098,3500,7324,9466,0,6098,3500,7324,9466,2296,No
20000,Female,2,1,28,2,-1,-1,-1,-1,-1,390,390,390,390,390,0,390,390,390,390,0,780,Yes
50000,Female,1,2,28,2,0,0,0,0,0,34018,35165,36076,37478,38173,39012,2000,1800,2000,1000,1000,1000,Yes
250000,Male,2,1,53,0,0,2,0,0,0,177537,198017,192962,156134,161603,166631,25000,0,7000,8000,8000,5000,No
80000,Female,1,2,33,0,0,0,0,0,0,60156,60309,30640,15917,35608,23470,5027,3000,3000,20000,767,1000,No
400000,Male,2,1,40,7,6,5,4,3,2,405366,397754,389903,384981,381863,359314,0,0,0,106,2281,42617,Yes
50000,Male,1,2,35,1,2,0,0,0,0,20579,19948,19521,19247,19816,20015,4,2000,807,1000,1000,681,No
50000,Female,2,1,53,-1,-1,-1,-1,-1,-1,7061,2229,10939,12575,1341,998,2233,10939,12575,1341,998,820,No
50000,Female,1,1,34,0,0,0,0,2,0,49135,49209,36372,30305,29742,30556,1971,2000,3342,0,1400,1000,No
280000,Female,2,1,44,0,0,0,0,0,0,286706,272243,203744,203520,207878,211812,10480,8041,7200,7500,7093,5702,No
240000,Female,1,2,29,-1,-1,-1,-1,-1,-1,59,548,208,0,44,19,548,208,0,44,0,643,Yes
30000,Female,2,1,27,2,2,2,2,0,0,19193,20084,20460,19836,20266,21568,1500,1000,0,900,1800,900,Yes
250000,Male,1,2,29,-1,-1,-1,-1,-1,-1,520,2047,1155,3582,580,1398,2047,1155,3582,580,1398,1660,No
150000,Female,1,3,55,-1,-1,-1,-1,-1,2,280,280,759,754,480,165,280,759,754,480,0,1235,No
60000,Female,2,2,23,0,0,0,0,0,0,28406,28781,29219,29036,29493,29776,1790,1760,1200,1500,1367,1000,No
50000,Male,2,1,35,1,-1,-1,-1,-2,-2,0,1118,667,0,0,0,1118,673,0,0,0,0,No
160000,Male,2,1,33,0,0,0,0,2,0,102292,105536,110390,122358,120714,124145,4500,6200,15000,0,5000,3800,No
100000,Male,2,1,44,0,0,2,0,0,-1,11119,12376,4419,2946,1473,3230,3000,0,0,0,3230,0,No
70000,Male,1,2,31,0,0,0,2,0,0,67270,67807,70410,68248,47910,48820,3400,4602,63,1800,1731,1702,No
200000,Female,2,2,35,-1,-1,-1,-1,-2,-2,1709,2400,675,0,0,0,2400,675,0,0,0,0,No
500000,Female,1,2,51,-1,-1,-1,-1,-1,-1,187,369,535,-13,20807,20897,370,537,0,20911,21001,88,No
180000,Female,1,2,28,1,2,2,0,0,0,3775,5570,4722,8643,7783,12398,2005,31,5000,1000,5000,5000,No
30000,Male,1,2,31,0,0,0,0,0,0,28398,18550,13198,13222,14620,17376,2081,1196,1000,2000,3000,5000,No
360000,Male,1,1,51,0,0,0,0,0,0,353200,337593,341528,350949,355869,210989,13806,12303,15005,13729,7700,8000,No
150000,Male,1,2,36,0,0,0,0,0,0,95716,96181,99933,102278,104710,107148,3226,4959,5000,2790,5083,0,No
80000,Male,2,2,26,2,0,0,0,0,0,81268,78311,79915,81371,79916,79227,3450,3508,3405,3359,3108,3400,Yes
230000,Male,2,1,50,-2,-2,-2,-2,-2,-2,21570,4700,0,0,0,0,4700,0,0,0,0,0,No
100000,Female,2,2,36,-1,-1,-2,-2,-2,-2,14891,-709,-1813,-2011,1751,2238,0,0,0,3989,946,154,No
60000,Female,3,1,36,1,2,2,2,0,0,57285,61118,61947,60353,4980,2160,5336,2550,16,0,0,0,Yes
20000,Male,2,2,22,3,2,2,2,0,0,12553,14551,15016,14480,15093,17077,2500,1000,0,1000,2400,0,Yes
290000,Female,1,2,30,-1,-1,-1,-1,-1,-1,560,463,100,0,100,0,463,100,0,100,0,0,No
110000,Male,1,2,29,0,0,0,0,0,0,109241,109833,108778,74692,77912,49264,5209,3009,1494,3220,2004,72677,No
230000,Female,2,1,43,2,2,2,0,0,0,222819,232264,227054,196356,199525,201836,14300,158,7100,7400,7500,7820,Yes
50000,Male,2,2,30,2,2,2,2,2,-2,200,200,200,200,-200,0,0,0,0,0,200,0,Yes
150000,Female,2,2,26,0,0,-1,-1,-2,-1,9189,4359,4880,0,0,2250,2000,4880,0,0,2250,0,No
20000,Male,2,1,40,-1,-1,-1,-1,-1,-1,836,836,390,390,390,390,836,390,390,390,390,30500,Yes
90000,Female,3,1,45,1,2,0,0,0,0,83760,80136,76823,47008,32358,33318,0,3365,2051,1200,1500,1500,Yes
60000,Female,1,2,26,-2,-2,-2,-2,-2,-2,0,-108,-216,-324,-432,-540,108,108,108,108,108,0,No
80000,Male,1,2,26,0,0,0,0,0,0,67229,24772,20000,20000,20000,0,2089,6000,200,0,0,0,No
280000,Male,2,1,25,-1,-1,0,0,0,0,3863,84601,67765,63628,60860,60316,89295,2192,1899,1673,2125,1511,No
230000,Female,1,1,36,-2,-2,-2,-2,-2,-2,3240,0,0,0,0,0,0,0,0,0,0,0,No
100000,Female,3,2,58,0,0,0,0,0,0,43386,44686,45634,46576,47519,51404,2000,2000,2000,2000,5000,30000,No
80000,Female,1,2,24,-1,-1,-1,-1,-1,-1,390,1063,390,741,390,765,1063,390,741,390,765,390,No
60000,Female,2,1,41,0,0,0,0,0,0,60255,58374,48442,53444,27705,28291,2000,2500,1000,2400,1200,2000,No
70000,Male,2,1,35,0,0,0,0,0,0,70480,66646,69641,46458,50679,50061,3237,4938,1693,5000,2200,1718,No
110000,Female,2,1,49,-2,-2,-2,-2,-2,-2,115672,109892,67912,50994,40652,5785,5085,2044,2026,2097,1011,48179,No
110000,Male,2,2,26,0,0,0,0,0,2,34949,35686,37086,37967,40551,39749,1600,2000,1500,3200,0,1500,No
120000,Male,3,1,54,-1,3,2,-1,-1,-1,632,632,316,316,316,316,0,0,316,316,316,316,No
280000,Female,2,2,43,-1,2,2,-2,-2,-2,4172,3560,-40,-40,8160,657,0,40,0,8200,657,3,No
50000,Female,2,2,23,0,0,0,0,0,0,47598,40714,38124,19893,20314,18810,2559,1969,684,713,672,670,No
20000,Female,1,2,22,-1,-1,-1,-1,-1,-1,2654,0,8369,433,1669,7800,0,8369,433,1669,7800,9817,No
50000,Male,2,2,22,0,0,0,0,0,0,22616,21415,20769,21339,19382,18577,1668,1283,853,1000,758,475,No
320000,Male,2,2,28,0,0,0,0,0,-1,11639,7508,5591,2371,4754,4932,2552,2016,0,12,5036,10306,No
20000,Male,2,1,56,3,2,2,2,2,2,17740,17166,19148,18542,20122,19400,0,2273,0,1882,0,0,Yes
50000,Male,2,2,44,0,0,0,0,0,0,47505,48471,44301,19052,17569,17976,2100,2100,800,1000,700,818,Yes
180000,Male,2,1,41,-1,-1,-1,-1,-1,-1,859,1811,1335,366,1811,1828,1811,1335,366,1811,1828,366,Yes
80000,Male,1,1,28,0,0,-2,-2,-2,-2,78429,0,0,0,0,0,0,0,0,0,0,0,No
240000,Female,2,1,48,-2,-2,-2,-2,-2,-2,-5,-5,1056,-4,950,158,0,1061,0,954,158,1796,Yes
260000,Female,2,2,28,-1,-1,-1,-1,-1,-1,500,10500,10500,10500,10500,10500,10500,10500,10500,10500,10500,10500,No
80000,Female,1,1,40,1,-1,-1,-1,-1,-2,0,1027,1273,174,-156,-156,2054,1273,174,0,0,1000,No
80000,Male,2,1,40,0,0,0,0,0,0,64120,63656,63023,60237,60263,59180,2438,3000,2100,2200,2400,2200,Yes
100000,Male,2,1,47,0,0,2,0,0,2,66539,71766,69111,64287,67838,66135,7000,0,2500,5500,0,3000,No
20000,Male,2,1,64,-1,-1,-1,-1,-1,-1,528,0,264,264,255,678,0,264,264,255,687,0,Yes
130000,Female,2,2,31,0,0,0,0,0,0,97544,99208,102946,103750,105818,98401,4000,5300,3700,3600,3700,3500,No
90000,Female,2,1,35,0,0,0,0,0,0,84681,81491,81003,68764,67957,69313,3666,3914,2774,2620,2640,3000,No
180000,Female,2,2,25,-1,-1,-1,-1,-1,-1,3231,12513,-628,4940,1740,390,15000,0,10000,6000,6000,1567,No
80000,Female,1,2,32,0,0,0,0,0,0,60542,61715,60582,61453,61858,61104,3000,2100,2349,2200,2200,2200,No
130000,Male,2,1,45,-1,-1,-1,-1,-1,-1,390,390,390,390,390,0,390,390,390,390,0,780,Yes
230000,Female,1,2,26,-1,0,-1,-1,-1,-1,17532,13033,2688,2688,2688,6393,10000,2688,2688,2688,6393,6504,No
130000,Female,1,2,26,-1,-1,-1,-1,-1,-1,3597,4398,3738,1396,13069,1285,4398,3746,1396,13069,1285,1034,Yes
190000,Male,2,2,33,0,0,0,0,0,0,176028,166336,162100,155584,157988,154366,7063,8004,5500,7000,6000,5000,No
210000,Female,1,2,31,0,0,0,0,0,0,182501,187796,190227,127436,129714,131440,9000,8000,5000,5000,5000,5000,No
20000,Female,3,1,52,0,0,2,0,0,3,11271,13513,12999,14456,16313,15766,2743,0,1686,2089,0,0,No
280000,Female,2,2,30,0,0,0,0,-1,-1,61282,53394,17644,0,5468,0,7900,4157,0,5468,0,330,No
500000,Female,1,1,47,0,-1,-1,0,0,2,12943,4814,18365,8728,28521,27920,5025,18571,5000,20000,0,5000,No
130000,Male,2,1,31,2,2,0,0,0,0,131635,126548,127748,100291,93552,95521,0,5100,4100,3392,3521,3724,Yes
660000,Male,1,2,40,0,0,0,0,2,0,142417,122122,104284,113345,111423,119349,6500,6000,15000,0,10000,6000,No
350000,Female,3,1,50,-1,-1,-1,-1,-1,-1,41069,312,34034,1157,8584,2076,315,34034,1157,8584,2076,6265,No
40000,Male,3,2,24,2,0,0,0,0,0,39149,39189,40543,38922,39901,40746,1658,2012,1392,1605,1668,1201,Yes
50000,Female,3,1,33,1,2,0,0,0,0,51421,50322,49741,28442,28597,29375,0,1379,945,2002,2008,1002,Yes
20000,Male,2,1,43,2,0,0,0,0,0,18908,19232,20087,19874,19963,14879,1700,1530,700,700,600,1000,Yes
50000,Female,2,2,23,0,0,0,0,0,0,49100,47910,32842,19748,19403,19536,15000,2024,5004,1000,1000,1000,No
290000,Male,2,1,40,0,0,0,2,0,0,273270,272944,286497,279146,179536,79060,12022,24000,3,10023,10000,5000,No
80000,Female,1,2,27,-1,-1,-1,-2,-1,2,1152,7900,0,0,333,183,7900,0,0,333,0,1500,No
230000,Male,3,2,29,1,2,2,2,2,2,237332,236068,236702,236309,237399,229421,8000,10000,9000,9000,0,9100,No
30000,Female,2,1,29,2,2,0,0,0,0,26414,27189,28235,28669,29355,29913,1500,1800,1200,1300,1200,600,No
200000,Female,1,2,29,-1,-1,0,0,0,-2,2704,4959,5800,6000,0,0,4959,1000,200,0,0,0,No
50000,Female,2,2,26,2,0,0,2,2,0,26023,27054,29458,29737,29123,29854,1453,2857,1058,0,1216,1097,Yes
50000,Male,2,1,57,4,3,2,0,0,0,51187,50106,48608,19600,20000,0,0,0,392,400,0,0,No
200000,Female,1,1,48,-2,-2,-2,-2,-2,-2,8000,7919,4684,2992,7559,4967,7919,4687,3051,7559,4967,4134,No
50000,Female,3,2,48,0,0,0,0,0,0,45163,25870,28027,28007,28770,28929,1500,3000,1200,1200,1162,1000,No
90000,Male,1,2,31,0,0,0,0,0,0,79397,77962,73870,58792,58402,59633,2950,3000,2205,2300,2300,3000,Yes
30000,Female,2,2,23,0,0,0,0,2,0,22517,24148,25437,28391,27801,28684,2000,2000,3700,0,1500,1500,No
80000,Female,2,2,30,0,0,0,0,0,0,79194,80575,76782,48643,49263,49869,3077,2291,1723,1775,1802,1763,No
20000,Male,2,2,31,1,-1,2,0,0,0,0,184,184,5932,7725,7679,184,0,5924,2000,2451,0,No
50000,Female,1,2,30,0,0,0,2,2,2,19930,36105,29604,27764,28656,29087,28019,13000,0,2000,1000,5000,No
100000,Male,1,2,33,0,0,0,0,0,0,84647,87369,88489,83639,80893,81643,4085,3505,3479,3097,3259,3253,No
210000,Female,1,2,28,-2,-2,-2,-2,-2,-2,18755,6122,54832,2233,0,0,6122,54832,2351,0,0,0,No
500000,Female,1,1,38,1,-2,-1,-1,-2,-1,0,0,2331,0,0,2199,0,2331,0,0,2199,0,No
30000,Male,2,2,25,0,0,2,0,0,2,7527,9705,9009,9333,9505,8699,2700,0,1000,700,0,784,Yes
160000,Female,2,1,41,2,2,2,0,0,-2,24674,23583,22983,22983,0,0,2800,0,200,0,0,0,Yes
180000,Female,1,2,28,-2,-2,-2,-2,-2,-1,168318,127111,74197,-19,-19,142176,4163,1898,0,0,142195,5100,No
490000,Female,1,1,37,-1,-1,-1,0,0,-1,36518,77996,274442,233793,49461,12207,77996,274526,4693,989,12207,93707,No
50000,Male,1,2,29,-1,-1,0,0,0,0,1162,37702,32617,28814,16478,25349,37719,1095,2000,10000,13352,10000,No
130000,Male,1,2,27,0,0,0,0,0,0,87685,89577,91199,89446,91336,84756,3300,3130,3100,3200,3100,3100,No
50000,Female,2,2,34,1,-2,-1,-1,-1,0,0,0,400,0,600,600,0,400,0,600,0,4275,Yes
200000,Female,1,1,58,-1,-1,-1,-1,-1,-2,283,5361,6309,385,0,0,5361,6309,385,0,0,3390,No
50000,Female,1,2,27,1,2,2,0,0,2,42764,42459,37166,31989,33587,32514,732,1200,1300,2651,0,1400,Yes
180000,Female,1,2,33,0,0,0,0,0,0,18205,22876,26930,29530,47722,2500,5000,5000,3000,0,0,2598,No
500000,Female,1,2,39,-2,-2,-2,-1,0,-1,1950,2900,1950,2739,2739,170,2900,2000,2739,0,170,205,Yes
210000,Female,2,1,46,-1,-1,-1,0,-1,-1,3095,2768,5536,2768,1075,2006,2768,5536,0,1075,2006,1344,Yes
20000,Male,1,2,35,3,2,2,2,0,0,10216,10653,11371,10906,11588,12416,900,1200,0,1000,1400,0,Yes
140000,Male,3,2,29,0,0,0,0,0,0,142132,142239,142140,142111,194934,95484,5600,6150,5900,4000,4000,50000,No
20000,Male,3,2,51,-2,-2,-2,-2,-2,-2,21353,20736,20000,0,0,0,0,38,0,0,0,0,Yes
420000,Female,1,2,29,0,0,0,0,0,0,57707,133661,135987,134719,135426,111697,86000,7000,4500,5000,4000,3500,No
180000,Female,1,2,29,-1,-1,-1,-1,-1,-1,10447,18006,4815,10060,49264,5983,18006,5860,11470,49613,5983,7133,No
290000,Male,2,2,28,0,0,0,0,0,0,240745,216678,205930,209010,213471,217561,9323,9000,8000,8000,7800,8238,No
190000,Female,1,2,40,0,0,0,0,0,0,78388,80740,83134,96310,98411,107391,3600,4000,14000,3000,10000,4000,No
360000,Male,1,1,39,-1,2,-1,-1,0,-1,1139,264,2193,528,264,264,0,2193,528,0,264,264,No
20000,Male,2,1,53,2,0,0,0,0,0,15794,16515,17827,17874,18288,18557,1281,1593,640,702,612,1000,Yes
260000,Female,2,1,32,0,0,0,0,0,0,200581,196761,78041,55871,28775,27497,7651,1765,1304,772,930,901,No
20000,Male,3,1,55,1,2,0,0,0,0,19420,19810,20037,19640,15378,7284,1000,1400,393,308,1000,0,No
50000,Male,3,1,52,0,0,0,0,0,0,19438,20696,19533,17328,14614,15573,2003,2003,1500,1000,2000,2000,No
250000,Male,1,1,55,1,-2,-2,-2,-2,-2,0,0,0,0,0,0,0,0,0,0,0,3861,No
30000,Female,2,1,26,-2,-2,-2,-2,-2,-2,-32,5588,1200,2444,2309,0,11208,1211,2444,2615,0,0,No
460000,Male,2,2,30,0,0,0,0,0,0,396155,367501,257836,388058,324478,313547,15299,7524,324097,12039,12006,12272,No
80000,Male,2,2,26,0,0,0,0,0,0,80233,79849,77796,30300,29922,29120,4000,2300,1300,1300,1500,1500,No
60000,Female,2,1,35,1,2,2,2,2,3,5601,5366,6772,6515,7906,7487,0,1500,0,1500,0,0,No
80000,Female,2,2,26,0,0,0,0,0,0,67798,69206,70057,71886,73724,75498,3100,2600,3000,3000,3000,6500,No
90000,Female,2,1,28,-1,0,0,0,0,0,10962,13244,7097,6624,6806,6266,4512,2500,2397,2150,709,22000,Yes
50000,Female,2,2,34,0,0,0,0,0,0,27080,23365,24962,25557,26156,26032,1500,2000,1000,1000,1000,1000,No
360000,Female,1,1,41,1,-1,-1,-2,-1,-1,0,105,0,0,71,77,105,0,0,71,77,100,Yes
360000,Female,1,1,49,1,-2,-2,-2,-2,-2,0,0,0,0,0,0,0,0,0,0,0,0,No
230000,Female,1,2,29,0,0,0,-1,0,0,106984,102650,0,30866,32332,30480,4650,0,30866,2000,2000,2000,No
240000,Female,2,1,39,-1,-1,-1,0,0,0,9000,2831,68105,95615,123931,151559,2831,68116,30800,30000,30000,10000,No
110000,Female,2,1,27,0,0,0,0,0,0,81700,84584,60379,64369,66400,68294,5000,3000,5000,4000,3000,3000,No
210000,Female,2,1,28,-2,-2,-2,-2,-2,-2,1412,1194,404,2851,2959,693,1194,404,2851,2959,782,2657,Yes
300000,Female,1,2,28,0,0,0,0,-1,0,4553,4042,2060,0,78794,80385,1033,1000,0,78794,2900,3000,No
200000,Male,3,1,65,0,0,0,0,0,0,183653,167157,144218,137975,132600,121028,7130,6611,4282,4367,4079,3664,No
220000,Male,2,2,29,0,0,0,0,0,0,223773,223304,221631,182629,165314,161971,8391,9000,6901,6000,6000,6435,No
90000,Female,3,1,45,-1,0,0,-1,-1,-1,2579,2516,0,298,659,636,2514,0,298,659,636,1012,No
210000,Female,2,1,44,0,0,0,0,0,0,89755,90031,70660,71172,71844,69923,3600,3100,2900,2600,2700,4000,No
500000,Male,1,2,31,-2,-2,-1,0,-1,-1,81252,14979,26089,13333,13256,106200,16527,27243,1000,13256,106354,213405,No
160000,Female,1,2,33,-1,-1,-1,-1,-2,-2,6113,980,11140,2659,14336,16533,980,11490,2673,14558,16615,1787,No
140000,Female,1,1,47,0,0,0,0,0,0,141530,130248,133547,134346,133933,137585,7000,7004,5013,5000,6000,5000,No
120000,Female,1,1,42,0,0,0,0,0,0,23331,12125,13903,13858,14777,46061,5000,5000,5000,5000,10000,6000,No
240000,Female,2,1,38,0,0,0,-2,-2,-2,56331,13594,0,0,0,0,3004,0,0,0,0,0,No
30000,Male,2,2,38,0,0,0,0,0,0,26825,18401,18432,17844,18237,10900,2100,2500,1000,1000,3000,7002,No
260000,Female,1,1,31,-1,0,0,0,0,2,8078,27201,27879,28420,39206,37705,20000,2000,2000,12000,0,2000,No
400000,Male,1,1,34,-2,-2,-2,-2,-2,-2,0,0,0,0,0,0,0,0,0,0,0,0,No
500000,Female,2,1,31,0,0,0,0,0,0,21008,17863,15219,14044,14191,13650,1500,2000,1100,505,700,2000,No
100000,Female,1,2,32,1,-1,-1,0,-1,-1,0,325,650,325,647,7706,650,650,0,647,7706,1679,Yes
240000,Male,1,1,39,0,0,0,0,0,0,236229,222103,221963,181559,173023,156115,8019,7218,10060,5893,7008,25043,No
10000,Male,3,1,53,-1,-1,0,0,0,0,1772,8304,9506,9702,9999,10344,8304,1500,500,600,800,0,No
80000,Female,2,1,36,-1,-1,-1,-1,-1,-1,2741,9266,1125,4380,2210,1150,9266,1125,4401,2210,1150,390,No
60000,Male,2,2,28,0,0,0,0,0,0,55731,57239,57183,24564,24155,25023,3000,1800,1000,1100,1200,1500,No
200000,Female,1,2,38,-2,-2,-2,-2,-2,-2,0,0,0,0,0,0,0,0,0,0,0,0,No
260000,Female,2,2,41,0,0,0,0,0,0,252582,253302,254767,190432,105466,2312,9725,10617,8555,4722,2146,199485,Yes
260000,Female,2,1,39,0,0,0,0,0,0,255674,260778,124739,126892,131160,133400,10663,4520,4537,6308,6000,0,Yes
260000,Male,1,2,30,-1,-1,-1,0,0,-1,496,496,992,992,496,1488,496,992,496,0,1488,496,No
300000,Male,1,1,34,0,0,0,0,0,0,1257,6467,7655,7507,7659,-574,5600,1500,0,300,0,6600,No
310000,Female,2,2,27,0,0,0,0,0,0,44834,35597,34161,38689,32710,24343,2015,2000,5034,1045,776,389,No
140000,Female,1,1,32,0,0,0,0,0,0,129371,131025,39505,40894,39229,40679,5650,1650,2007,1500,2100,1500,No
200000,Female,2,1,50,-1,-1,-2,-1,-1,-2,4608,-200,0,12141,0,0,0,200,12141,0,0,0,Yes
230000,Male,2,1,39,-1,-1,-1,-1,-1,-1,326,326,326,326,326,326,326,326,326,326,326,324,No
50000,Male,2,2,27,0,0,0,0,0,0,91493,47836,47360,48296,47790,49045,3749,2500,2000,2000,2069,2000,No
180000,Female,2,1,29,0,0,-1,0,0,0,3783,2813,839,1557,51680,53115,2000,839,718,50824,2242,1100,No
80000,Female,2,1,49,-1,2,-1,-1,-1,0,2222,390,390,390,721,331,0,390,390,721,0,461,Yes
350000,Female,1,2,39,-1,-1,-1,-1,-1,-1,3860,648,11094,4041,4485,9364,648,11198,4057,4523,9407,3948,No
140000,Female,2,2,32,-1,-1,-1,-2,-1,-1,3003,3134,0,0,1186,0,3134,0,0,1186,0,1047,Yes
360000,Female,1,2,29,0,0,0,0,0,0,148582,96639,82386,50887,52249,35311,90044,10090,50006,20000,5000,20000,No
10000,Male,6,2,47,0,0,0,-1,-1,-1,7968,8800,0,2640,695,738,1000,0,2640,695,738,0,No
130000,Female,1,2,25,0,0,0,0,0,0,37112,34653,9522,3939,6939,950,2009,2000,2000,3000,900,0,No
320000,Male,1,1,41,0,0,0,0,0,0,321281,324449,254293,206521,202697,203332,27000,17000,7030,7000,10000,30000,No
180000,Female,2,1,34,1,2,2,2,2,2,142024,144790,146552,142714,152219,149618,6500,5600,0,12000,0,11800,Yes
180000,Female,1,1,39,0,0,0,0,-2,-2,43507,44282,23946,0,0,0,2000,2000,0,0,0,0,No
150000,Female,2,1,39,2,2,0,0,0,0,156713,152744,150785,140166,143125,151741,0,5694,5014,5215,11016,0,Yes
80000,Male,2,2,27,1,-2,-2,-1,0,0,0,0,0,23374,24836,26412,0,0,23374,2000,2000,13000,No
70000,Male,1,2,50,0,0,0,0,0,0,56551,34489,32669,31429,31749,21385,1900,1630,890,1300,762,1000,No
150000,Male,2,1,66,0,0,0,0,0,0,190790,167666,145132,148054,146358,145253,4942,4875,4085,4113,4074,4820,No
480000,Female,3,1,36,-1,0,0,-1,-1,-1,19311,13368,7000,7331,7000,7000,1368,1000,7331,7000,7000,7000,No
50000,Female,3,2,45,0,0,-2,-2,-2,-2,51400,0,0,0,0,0,0,0,0,0,0,0,No
100000,Female,1,2,28,1,-2,-2,-2,-2,-1,0,0,0,0,0,281,0,0,0,0,281,0,Yes
50000,Female,3,2,26,0,0,0,0,0,0,26708,25230,26999,27748,28351,28864,2000,3000,1500,1200,1136,1032,No
280000,Male,1,2,28,0,0,0,0,0,0,139719,136052,118076,101457,81124,42347,6000,4000,4000,4000,3000,1000,No
20000,Female,2,1,48,-1,2,2,-1,0,-1,780,780,390,780,390,1735,390,0,780,0,1735,0,No
30000,Male,3,1,50,-1,2,0,0,-2,-2,3607,2644,3895,0,0,0,0,1309,0,0,0,0,Yes
70000,Female,2,1,38,0,0,0,0,0,0,40271,41126,21125,6197,4560,0,3000,7000,1100,1000,0,0,No
30000,Male,3,2,59,0,0,0,0,0,0,28372,29152,29643,29593,27952,0,2010,1500,788,559,0,0,No
200000,Female,1,1,64,1,-2,-2,-2,-1,-1,0,0,0,0,67052,0,0,0,0,67052,0,0,No
210000,Male,1,2,30,1,-1,2,0,0,-1,0,855,855,855,855,599,855,0,0,0,599,0,No
210000,Female,1,1,66,0,0,0,0,0,0,132797,135581,138644,141679,92170,93998,4921,5317,5631,3345,3360,3483,No
470000,Male,1,1,39,-1,0,0,0,0,0,79455,74993,48344,45433,45853,21158,2348,1542,1041,2019,789,5013,No
50000,Male,2,2,38,0,0,0,0,0,0,44620,49641,46396,19673,17083,17694,10000,2014,1000,1000,3000,4000,No
240000,Female,2,1,37,-1,0,0,0,0,0,12365,92184,86507,89138,91118,93229,90500,3000,3000,2500,2500,3000,No
60000,Male,3,1,38,2,2,2,0,0,0,32232,25086,24404,25212,28147,30152,4000,0,1500,3500,2600,0,Yes
100000,Female,2,1,33,2,0,0,0,0,0,96547,97120,95375,54612,30306,60897,5305,3590,1118,720,50000,4200,No
200000,Female,2,2,25,0,0,0,0,0,0,194202,197220,130930,130775,128752,122695,8000,4500,4532,5451,5000,4500,No
130000,Male,1,1,58,0,0,0,0,0,-1,137671,139089,50093,49303,14772,150,4300,1500,0,0,1233,870,No
50000,Male,2,2,24,0,0,0,0,0,0,50628,50705,50328,19542,19439,19683,2235,1858,823,838,702,687,No
300000,Female,1,2,34,2,2,2,2,-2,-2,2500,2500,2500,0,0,0,0,0,0,0,0,0,Yes
210000,Male,1,2,32,-1,2,2,-1,-1,-1,2869,2639,0,6299,0,197,0,0,6299,0,197,0,No
70000,Male,1,2,27,0,0,0,0,0,0,71201,70686,70195,71005,71135,69846,2691,21000,2500,2800,2800,2700,No
100000,Female,3,2,49,-1,0,0,0,0,0,85438,89125,93751,13700,15474,17211,5105,10000,2000,2000,2000,2000,No
30000,Female,2,1,25,0,0,0,0,0,0,18757,19419,19341,12459,12244,11550,1475,1000,249,600,201,0,No
200000,Male,1,2,30,-1,-1,0,0,-1,-1,1528,4179,1689,1851,34808,-30895,4191,1200,1893,42804,10,85820,No
20000,Male,2,2,24,3,2,0,0,0,0,18585,18003,19012,19100,19506,20037,0,1612,700,714,861,393,Yes
150000,Female,1,2,32,1,-1,-1,-1,0,-1,0,258,44476,18547,32581,95780,258,44476,18547,17000,95780,99983,Yes
750000,Female,1,2,28,1,-1,-1,0,0,-1,9500,9655,401003,399493,400993,409483,250000,401003,7990,11000,417990,3080,No
100000,Male,2,2,24,0,0,0,0,0,0,91572,95201,94977,97332,74637,77386,5100,3000,3139,27000,4000,4000,No
300000,Male,2,1,36,1,2,2,2,2,2,54977,56189,56663,57428,58455,57556,2500,1800,2100,1900,0,3500,Yes
90000,Female,2,2,55,0,0,0,0,0,0,82901,64530,33550,34216,34933,35628,1544,3114,1223,1267,1275,1320,No
50000,Male,2,2,28,0,0,0,0,0,0,21510,23357,32197,12595,13445,13803,2200,10000,3000,1000,1500,0,No
120000,Female,2,1,48,0,0,0,0,0,0,78384,77085,73326,72594,72008,74622,4000,3505,3005,3008,7253,12,No
120000,Female,2,1,39,0,0,0,0,0,0,44630,37772,27827,3228,3294,0,1999,1040,265,66,0,0,No
30000,Male,2,1,42,0,0,2,0,0,0,18583,20940,20306,20965,21625,22055,2975,0,1000,1000,790,816,Yes
220000,Male,2,1,43,0,0,0,0,0,0,84466,84356,84151,83591,83789,83885,4000,4000,3500,3500,3500,3500,No
180000,Female,2,2,31,1,-2,-2,-2,-2,-2,0,0,0,0,0,0,0,0,0,0,0,0,Yes
20000,Male,3,2,52,2,0,0,0,0,0,14038,13568,14630,27408,13984,0,1338,1400,274,560,0,0,Yes
140000,Female,2,2,26,0,0,0,0,0,2,135294,137425,134487,135945,131296,139207,7462,6487,5025,6101,10601,2,No
400000,Female,2,1,46,-1,-1,-1,-1,-1,-1,30018,19735,26181,134967,52991,163837,19753,26245,135000,53000,163837,37345,No
180000,Female,1,2,27,-1,-1,-1,-1,-1,-1,11168,6496,9733,4088,5428,13138,6678,9740,4088,5428,13138,12174,No
340000,Female,2,1,36,1,-2,-2,-1,-1,-1,0,0,0,150,920,0,0,0,150,920,0,17386,No
250000,Male,3,2,46,0,0,0,0,0,0,244563,248218,70004,64953,51507,50338,10925,2351,1886,1616,1756,1182,No
50000,Female,2,1,50,0,0,0,0,0,0,8925,9208,10238,10700,10762,11587,1200,1200,1000,1000,1000,1000,No
220000,Female,1,2,24,0,0,0,0,0,0,51908,53087,54167,55267,56586,57993,2017,1965,2000,2210,2500,2339,No
400000,Male,2,2,35,0,0,-2,-1,0,0,11052,0,0,53826,55061,71541,0,0,53826,1642,20000,1256,No
320000,Female,1,1,37,-2,-2,-2,-2,-2,-2,14536,2935,3019,4179,4256,2675,2949,3034,4200,4277,2688,3651,No
260000,Female,2,1,40,-1,-1,-1,-1,-1,-1,148,359,397,208,790,2788,360,398,208,792,2788,3675,No
350000,Male,1,1,42,-1,-1,-1,-1,-1,-1,1134,2985,240,1041,-12,6449,2995,240,1051,0,6461,18,No
30000,Male,2,2,34,0,0,0,0,0,0,28509,29739,29372,29514,27226,25408,2003,1504,2017,2000,1000,1100,No
10000,Male,2,2,24,0,0,0,2,0,0,11035,12349,13598,9378,4883,5001,1500,1528,0,730,199,100,Yes
50000,Female,2,2,23,0,0,-2,-1,-1,-2,5961,0,0,700,0,0,0,0,700,0,0,0,No
30000,Female,3,2,23,0,0,2,2,0,0,26280,28952,29482,28712,29311,30065,3420,1300,0,1210,1391,665,No
350000,Male,1,2,35,2,-1,-1,0,-1,-1,105,3298,50064,8003,8293,23080,3308,50206,40,8334,23102,5004,No
410000,Male,1,1,37,-1,-1,-1,-1,-1,-1,5770,2290,2756,3560,6661,3877,2290,2756,3560,6661,3877,1249,No
130000,Female,3,1,35,0,0,0,-1,-1,-1,65743,63724,63163,386,1770,384,2606,3174,386,1778,384,1446,No
80000,Female,3,2,28,0,0,0,0,0,0,70194,71912,69776,70985,72444,69685,3500,3000,2500,2500,2500,2500,No
380000,Female,2,1,51,1,-2,-2,-2,-1,-1,0,0,0,0,630,1297,0,0,0,630,1613,1618,No
50000,Male,2,2,32,0,0,0,0,0,0,48536,41045,41532,18646,19183,19214,3030,2124,646,828,1097,612,No
30000,Male,2,2,25,0,0,0,0,0,0,19955,20348,18339,18794,23530,23531,1338,1500,1000,5000,2000,24,No
50000,Male,2,2,24,1,2,2,2,2,2,41974,43210,42368,44553,45679,46275,2200,150,3200,2000,1500,2000,No
50000,Male,2,2,41,0,0,0,0,0,0,40709,37503,18086,18545,15453,15847,3000,2000,1000,1000,800,3000,No
200000,Male,1,2,27,0,0,0,0,0,0,4770,5983,9018,7380,7042,2583,1300,3138,500,2000,1000,1000,No
80000,Male,2,2,29,0,0,0,0,0,0,50695,53476,46685,35760,33853,35708,10010,3000,5000,5000,3000,5000,No
20000,Female,3,3,53,0,0,0,-1,-1,0,9677,9578,12102,1473,18177,18046,4578,2795,1473,18177,2046,2615,No
180000,Female,2,2,28,-2,-2,-2,-2,-2,-2,2177,1175,0,2530,0,0,1175,0,2530,0,0,0,No
230000,Female,1,2,33,0,0,0,0,0,0,228639,226778,184466,157857,131706,62237,10075,10135,6034,10000,3000,5000,No
180000,Female,2,2,33,-1,-1,-1,0,-1,-1,6314,1795,1190,1079,659,90,1795,1190,0,659,90,8856,No
90000,Female,2,2,23,0,0,0,0,0,0,42105,43919,46812,44976,46406,47625,2500,3970,2500,2500,2500,1700,Yes
100000,Male,2,2,32,1,-2,-2,-2,-2,-2,0,0,0,0,0,0,0,0,0,0,0,0,Yes
60000,Male,3,2,44,0,0,0,0,0,0,57694,58749,38110,38525,38346,37416,2800,1900,1300,1363,1500,1466,No
130000,Female,2,2,35,0,0,0,0,0,2,42950,44293,45004,46257,49312,50252,2036,1747,2000,3800,1900,1900,Yes
50000,Female,2,1,55,0,0,2,0,0,0,37984,41234,37701,28181,28711,29368,3900,0,1300,1100,1100,1000,Yes
70000,Female,1,2,23,0,0,0,0,0,0,8878,10077,11203,11320,11487,11895,1500,1600,600,500,600,2600,No
360000,Female,2,2,53,-1,-1,-1,-1,-1,-1,5583,495,1862,230,661,658,495,1862,230,661,658,532,No
20000,Male,1,2,22,1,2,2,0,0,0,19438,20528,19464,18604,18172,14444,1700,0,700,620,800,300,Yes
20000,Male,3,2,34,-1,-1,2,2,-2,-2,390,780,780,0,0,0,780,0,0,0,0,0,Yes
440000,Female,3,2,36,0,-1,-1,-1,0,0,7887,2516,5252,13192,29029,27812,2516,5252,13192,20000,1179,623,No
400000,Male,1,1,41,-1,-1,-1,-1,-1,-1,1630,816,1617,875,917,5434,816,1617,875,917,5434,14115,No
220000,Female,1,1,41,-1,0,-1,-1,-1,-2,30038,22411,7141,3070,2609,10273,1089,7161,4072,2613,10322,511,No
280000,Female,2,1,31,0,0,0,0,0,0,207966,209146,213900,5202,4282,1000,5078,5069,109,97,25,145,No
360000,Male,1,2,29,0,0,0,0,0,0,90071,83204,75869,58219,45605,32245,3032,2311,1570,1500,983,3000,No
20000,Male,2,1,51,1,2,2,0,0,0,18462,18175,16184,16913,17640,18688,300,1000,1000,1000,1500,1200,No
290000,Female,1,1,44,-2,-2,-2,-2,-2,-2,301,768,531,22058,468,681,768,531,22058,468,681,446,No
380000,Female,2,1,33,1,-1,-1,-1,-1,0,0,73,32510,474,25877,45038,73,32789,474,25877,20000,10000,No
180000,Male,1,2,28,0,-1,2,0,0,0,2569,2834,394,904,2514,4054,2834,0,900,2000,4000,2000,No
120000,Female,1,2,26,0,0,-1,0,0,-1,1379,9839,4390,850,850,831,9000,4390,0,0,831,6000,No
50000,Female,2,2,27,0,0,0,0,0,0,162865,167086,169217,18056,18179,18563,5000,3703,1000,660,686,638,No
20000,Male,1,1,48,2,2,0,0,0,0,14246,13727,14725,15018,15338,15242,0,1238,531,555,547,533,Yes
20000,Male,2,2,25,1,2,2,5,4,3,10515,11548,13863,13369,12582,12088,1500,2800,0,0,0,0,No
170000,Female,2,2,29,0,0,0,0,0,0,161581,163500,166003,167287,165510,168507,6000,8000,6300,6000,6500,6100,No
180000,Female,2,2,24,0,0,0,0,0,-1,54357,19435,11718,5265,3950,270,1260,1000,105,79,270,0,No
200000,Male,1,2,36,1,-2,-2,-2,-1,-1,0,0,0,0,3774,0,0,0,0,3774,0,686,No
200000,Male,2,1,55,1,2,2,2,2,0,181339,177233,188461,191363,188683,196057,0,14000,7000,0,10000,5000,Yes
360000,Female,1,2,26,-2,-2,-2,-2,-2,-2,145,3526,8510,7831,8864,10845,3600,8510,4000,5000,5000,5398,Yes
10000,Female,2,2,26,0,0,0,0,0,0,6346,7364,8374,8540,8719,8905,1129,1139,305,316,331,303,No
100000,Male,2,2,39,-1,-1,-1,-1,0,0,4530,4921,4560,4290,6670,8844,4921,4569,4290,5000,5000,3000,No
50000,Female,2,2,23,0,0,0,0,2,2,38333,40401,42897,44388,46528,44986,3000,3500,2500,3000,0,3500,No
110000,Male,3,2,29,0,0,0,0,0,2,64351,64739,75697,86483,97054,105553,1415,12182,12201,12403,10350,3000,Yes
150000,Male,2,1,45,0,0,0,0,0,2,64869,57318,35970,26727,71112,63889,3049,2049,0,63889,0,4000,No
230000,Female,2,2,30,-1,-1,-1,0,0,-1,1243,113,7978,2831,3518,846,113,8178,500,1000,846,0,No
180000,Female,2,1,35,0,0,-2,-2,-2,-2,43068,316,316,316,316,316,316,316,316,316,316,314,No
320000,Female,2,2,33,-1,-1,-1,0,0,-1,7444,5755,34909,16313,9279,5824,5783,35069,4341,46,5849,48366,No
80000,Female,1,2,23,1,-1,2,-1,0,0,-12,2321,60,5182,2792,189,2333,0,5182,0,0,2597,No
160000,Female,1,2,29,-1,-1,-1,0,-1,0,1289,2089,5464,2079,1908,1394,2106,5500,2000,2000,1350,700,No
50000,Female,2,2,23,0,0,0,0,0,0,34997,36030,36740,37469,38254,39014,1900,1610,1339,1387,1395,1452,Yes
180000,Male,2,2,26,-1,-1,-1,-1,-1,-1,316,692,316,692,316,859,692,316,692,316,859,1008,No
110000,Male,3,2,26,0,0,0,0,0,0,44089,29251,30454,33100,34727,36823,3002,2500,3000,2000,2500,1500,No
150000,Male,1,2,32,-1,-1,-1,-1,2,-1,994,10168,-4,5515,3673,6106,10290,0,5519,3,6134,3779,No
210000,Female,3,1,52,-1,-1,-1,-1,-1,-1,65265,38627,142285,22092,35141,56188,39000,150109,180,58000,56200,20000,No
10000,Male,2,2,43,2,-1,-1,-1,-1,-1,654,608,654,5954,0,1308,608,700,5954,0,1308,0,Yes
30000,Female,2,2,22,-2,-1,2,-1,-1,-1,0,2343,126,4462,0,150,2343,0,4462,0,150,860,No
450000,Female,1,2,36,-1,-1,-1,-1,-1,-1,3893,522,2218,99,99,412,600,2300,0,0,412,3146,Yes
110000,Female,1,2,25,1,2,2,0,0,0,60491,61874,56386,44181,35538,25417,3000,31,3000,1500,2000,1000,No
270000,Female,2,1,37,0,0,0,0,0,0,110593,102486,94362,86861,78538,70158,4500,3500,4000,3000,3000,2200,No
50000,Female,3,1,46,0,0,0,0,0,2,51207,47915,49073,47889,51139,49000,2162,2284,2100,4200,0,4200,No
100000,Female,3,3,43,0,0,0,0,0,0,62300,63759,64448,38500,39469,40653,2464,1902,1378,1589,2000,1506,No
360000,Female,2,2,30,-2,-2,-2,-2,-2,-2,2500,0,0,0,0,0,0,0,0,0,0,0,No
180000,Female,3,2,55,-1,-1,0,0,0,0,6770,103101,104834,44452,41810,42641,164163,3877,1535,1517,1526,1580,No
230000,Female,1,1,34,2,2,2,2,2,2,190784,195724,198707,201634,205949,210077,9300,7500,7500,7500,7500,7600,No
20000,Female,3,1,41,0,0,0,2,2,2,7478,8497,10162,9852,10418,10102,1146,1811,0,876,0,374,No
320000,Male,1,1,46,0,-1,-1,-1,-1,-1,3337,9061,7809,5238,8594,3743,9061,7935,5238,8594,3743,12820,No
280000,Female,1,2,26,0,0,0,0,0,0,36395,35945,36381,36594,37010,36334,1700,1600,1300,1500,2000,99334,No
20000,Male,2,1,28,0,0,0,0,0,0,18537,19205,19687,19684,19842,19965,1358,1230,617,776,1000,4000,No
70000,Male,2,2,36,0,0,0,0,0,0,66888,69306,24348,24744,25195,25777,4000,1704,1100,1000,1000,1000,No
80000,Female,2,2,36,0,0,2,2,2,2,47502,50423,49311,52584,53589,54748,4000,0,4100,2000,2200,2200,No
200000,Female,1,2,25,-1,-1,-2,-1,-1,-1,92400,0,0,92384,13180,1194,0,0,92384,13196,1200,0,No
30000,Male,2,2,24,0,0,0,0,0,0,27306,28312,29327,27836,28423,29813,1747,1800,1136,1178,2430,0,No
100000,Female,2,1,41,1,3,2,2,2,2,51345,50249,51421,52684,51400,0,0,2300,2400,0,0,0,Yes
300000,Female,1,1,33,-1,-1,-1,-1,0,-1,356,1313,5273,4345,1106,1322,1320,5273,4598,0,2620,5956,No
300000,Female,2,1,31,0,0,0,0,0,0,89240,92016,92971,94817,96756,98325,4214,3377,3395,3468,3133,3307,No
340000,Female,1,2,29,0,0,0,0,0,0,82770,54523,30874,34939,40537,41658,10000,5874,5000,10000,2000,1400,No
270000,Male,1,1,37,-1,-1,-1,0,-1,-1,396,396,792,396,396,396,396,792,0,396,396,396,Yes
100000,Male,2,2,26,0,0,0,0,0,0,80117,46939,17841,15317,12630,11750,2683,2500,3000,6000,2500,1000,No
50000,Male,1,1,33,1,2,0,0,0,0,46745,45727,45515,45470,4220,4220,0,1200,155,3000,0,0,No
360000,Female,2,1,40,0,0,0,0,0,0,352583,343476,279728,264189,271688,288740,10461,10212,8000,10000,20000,10000,No
90000,Female,2,1,49,0,0,0,0,0,0,91263,70251,45385,46331,47494,48433,3100,1800,1700,2000,1746,1941,No
140000,Male,2,1,42,0,0,0,0,0,0,127939,100372,84587,65589,69117,65911,5059,14659,5000,8000,5000,10000,No
150000,Female,1,2,28,-1,-1,2,-1,-1,2,1159,2468,1159,1159,11476,10249,2468,0,1159,11476,0,2034,No
50000,Male,3,2,34,-2,-2,-2,-2,-2,-2,17095,18261,19313,19304,19725,5770,1448,1500,419,455,115,19627,No
30000,Female,3,2,26,2,3,2,2,2,2,28189,27467,26729,27291,28819,29201,0,0,1300,2123,1000,2000,Yes
230000,Female,2,1,54,-2,-2,-2,-2,-2,-2,0,880,0,0,0,0,880,0,0,0,0,1740,No
240000,Female,2,1,40,-2,-2,-2,-2,-2,-2,0,0,0,0,0,1306,0,0,0,0,1306,0,Yes
330000,Male,2,1,42,-1,-1,-1,0,0,-1,118601,4101,133359,138959,102279,106172,4101,133359,6000,2046,106172,63750,No
110000,Male,1,1,29,0,0,0,0,0,0,51499,50405,49156,46426,43765,41295,1887,1601,1500,1696,1658,1179,No
200000,Female,3,1,54,0,0,0,0,0,0,114643,115828,116585,116005,118334,117902,6000,4200,4252,4300,4500,4000,No
50000,Female,2,3,46,0,0,0,0,0,0,44076,44406,45320,38446,36748,36827,1810,2500,2000,2000,1465,2000,No
70000,Female,1,2,27,0,0,0,0,-1,-1,69972,69528,67622,68922,1223,70027,5000,1900,2000,1223,70027,2600,No
360000,Female,2,1,59,1,-2,-2,-2,-2,-2,0,0,0,0,0,0,0,0,0,0,0,0,Yes
50000,Female,2,2,54,0,0,0,0,0,0,4625,4832,10010,9357,8714,9733,1121,6135,308,316,2000,500,Yes
80000,Female,3,2,28,-1,-1,-1,-2,-2,-2,4280,2800,0,0,0,0,2800,0,0,0,0,0,No
200000,Female,2,1,69,0,0,0,0,0,0,106878,100879,102998,105090,107718,88964,4000,3800,3802,4363,3500,3303,No
50000,Male,2,2,27,0,0,0,0,0,0,47261,48054,47434,20099,18682,18538,2055,1935,675,662,650,666,Yes
30000,Male,1,2,27,0,0,0,0,-1,-1,18239,17963,18425,1183,2000,0,2000,3000,300,3000,0,0,No
390000,Female,1,2,31,0,0,0,0,0,0,252109,252401,180074,178025,198721,162444,12009,7508,6000,39604,6341,5000,Yes
20000,Female,2,1,46,0,0,0,0,0,3,16294,17327,18335,18935,20624,20702,1600,1600,1200,2600,700,0,Yes
50000,Female,2,1,49,0,0,0,0,0,0,47649,49100,50380,19144,17625,17246,2220,2500,644,628,642,1500,No
50000,Female,1,1,25,0,0,0,0,2,0,11324,11811,13008,12540,10746,8482,1500,1433,1465,0,500,1000,No
200000,Male,2,2,44,-1,-1,-1,0,-1,-1,541,541,1082,541,541,541,541,1082,0,541,541,541,No
100000,Male,3,2,28,-1,0,0,-1,-1,-1,103728,104908,65800,18300,33336,31558,3184,3000,18300,33336,984,63000,Yes
180000,Male,1,2,31,-1,-1,-1,-2,-2,-2,300,253,0,0,0,0,253,0,0,0,0,3642,No
120000,Female,2,2,27,-1,-1,2,-1,-1,-1,1066,5079,2528,4007,7457,2819,5079,0,4007,7457,2819,8638,No
390000,Female,2,2,31,1,2,0,0,-1,-1,20852,18376,15229,18229,9290,1826,0,1000,3000,9290,1826,3706,No
250000,Female,2,1,37,-1,-1,-1,-1,0,0,25366,36567,24079,13141,22728,9300,36655,24104,13144,12000,9300,14154,No
350000,Male,2,1,47,1,2,2,2,2,0,301553,287780,295141,291422,279294,276594,0,21300,10000,0,9500,9500,Yes
70000,Female,2,2,30,0,0,0,0,0,0,71856,71916,71442,68144,68671,68863,3377,3504,2620,2791,2639,2859,No
210000,Female,1,2,33,-2,-2,-2,-2,-2,-2,0,0,0,0,0,0,0,0,0,0,0,0,No
180000,Male,1,2,29,0,0,0,0,0,0,85069,85434,116352,55698,37315,16696,5344,3013,3034,4069,3018,3069,No
80000,Male,1,2,25,-1,-1,-1,-1,-1,-1,390,390,390,390,390,390,390,390,390,390,390,390,Yes
120000,Female,3,2,26,-1,-1,-1,-1,-1,-1,1467,975,246,246,246,884,975,246,246,246,884,1000,No
210000,Female,1,1,23,-2,-2,-2,-1,0,0,0,0,0,29337,30362,31356,0,0,29337,1500,1500,1500,Yes
20000,Male,2,1,38,-1,0,0,0,0,0,18669,19304,19905,20302,20133,20000,1326,1317,714,925,400,0,No
150000,Female,1,1,38,-1,-1,-2,-2,-2,-1,750,0,0,0,0,2040,0,0,0,0,2040,13061,Yes
390000,Male,1,1,38,0,0,0,0,0,0,30642,31843,32860,33511,34271,35040,2000,1548,1199,1300,1337,13000,No
310000,Female,1,2,36,-1,-1,-1,-1,-1,-1,6514,8619,6204,2905,7944,13125,8619,6206,2905,7944,13524,16233,No
230000,Female,1,2,27,0,0,0,0,0,0,10941,12058,13348,14620,15877,16611,1300,1500,1500,1500,1000,1500,No
90000,Female,2,1,51,0,0,0,0,0,0,12822,10944,12255,12192,12448,12895,1188,1499,436,452,654,455,No
140000,Male,1,2,29,0,0,0,2,2,2,11693,13490,16747,16183,17762,17327,2000,3500,0,2000,0,5000,No
150000,Female,1,2,28,0,0,0,0,0,0,105035,103502,92810,74078,75564,79941,4500,3137,2700,3000,6000,3500,No
130000,Male,2,2,27,0,0,0,-2,-2,-2,92043,61650,0,0,0,0,2850,0,0,0,0,0,No
210000,Female,1,2,27,-1,-1,0,0,-1,0,1441,2557,3655,0,41257,35432,3000,3626,0,41257,709,0,No
100000,Female,1,2,25,1,-1,-1,-1,-1,-2,0,3473,0,1012,0,0,3473,0,1012,0,0,0,No
150000,Male,5,1,36,0,0,0,0,0,0,220889,133616,136378,139219,142172,145065,3800,3900,4000,4100,4100,5500,No
200000,Female,1,2,29,0,-1,0,0,0,0,1467,439,2257,43720,43968,45182,439,2000,42000,1700,2000,1700,No
80000,Female,2,2,27,0,0,2,0,0,0,78672,83807,81833,79673,79735,81271,7018,0,3000,3100,3000,3100,No
230000,Male,1,2,27,-1,-1,-1,-1,-1,-1,5652,7652,2062,2007,2104,394,7662,2066,2007,2108,394,3214,No
50000,Male,2,3,37,0,0,0,0,-1,0,49642,48381,44113,8522,17948,9390,2060,1014,170,17948,188,390,No
260000,Female,2,2,33,-2,-1,0,0,0,0,4141,131000,129698,120375,118847,120361,133280,4813,4039,4095,4271,3701,No
360000,Female,2,1,42,1,-1,-1,-1,-1,-1,0,6815,0,1000,6344,2408,6815,0,1000,6344,2408,0,No
160000,Male,1,1,36,0,0,0,0,-1,-1,67879,36865,47986,0,15655,0,2500,15000,0,15655,0,1674,No
10000,Male,2,2,35,0,0,0,0,0,0,8857,8661,9055,9665,9297,5555,2300,1000,1000,1000,2000,3094,No
150000,Male,1,1,31,2,2,2,2,2,2,159734,160247,131511,129369,123191,132072,4800,4006,3669,0,11781,0,Yes
500000,Male,1,1,35,-2,-2,-2,-2,-2,-2,0,0,0,0,0,0,0,0,0,0,0,0,Yes
500000,Male,1,1,69,-1,-1,-1,-1,-1,-1,1200,5652,271,1234,1015,3579,5652,271,1234,1015,3579,2053,No
360000,Female,2,2,28,0,0,0,0,0,-1,63352,58601,19567,16658,17249,247,6010,4000,0,2000,247,12000,No
50000,Female,1,2,28,0,0,0,0,0,2,48726,48261,39336,10142,10174,9904,2406,2000,462,736,0,147,No
270000,Female,1,1,35,2,0,0,0,0,0,128442,131185,134297,208396,106524,104447,6300,6800,4000,4200,7000,3000,No
10000,Female,3,1,58,0,0,0,0,0,0,7569,8598,9590,9782,9986,9173,1158,1150,335,346,336,1323,No
80000,Female,3,1,30,1,-1,2,2,-2,-2,0,1684,1509,-357,-357,-357,1684,0,0,0,0,0,No
360000,Female,2,1,27,-1,-1,-1,-1,-1,-1,896,778,-192,38469,7449,156,782,0,38661,7486,156,12508,No
120000,Female,1,2,26,0,0,0,0,0,0,112774,115733,91961,94433,97787,87413,5000,3500,4000,5000,3500,3500,No
400000,Female,2,2,35,0,0,0,0,0,0,109943,222085,223350,213831,210563,211925,120018,10071,8037,8018,8809,5022,Yes
500000,Female,2,2,26,0,0,0,0,0,0,59039,58262,54586,29280,31284,29371,4028,2077,1001,3008,1305,1007,No
140000,Male,3,1,54,-1,-1,-1,-1,-1,-1,1045,1947,998,955,1976,1895,1952,1001,957,1981,1900,1822,No
30000,Male,2,2,34,0,0,0,0,0,0,29949,24653,29779,29749,30053,29674,6000,12000,6000,6000,5000,5000,No
140000,Female,1,1,56,0,0,0,0,0,0,138468,93802,94531,96264,98135,100062,4300,3500,3600,3881,4200,3521,No
150000,Female,3,1,39,0,0,0,0,0,0,108755,112554,113583,115846,118369,121786,5163,4000,3764,4000,5000,5030,No
280000,Male,3,1,37,0,0,0,0,0,0,271276,275970,280276,188923,192333,195774,16991,10447,6006,6006,6147,5001,Yes
20000,Male,3,1,45,-1,2,0,0,2,0,5577,5346,9984,19089,18356,17203,0,5000,10089,0,2000,4166,No
60000,Male,2,2,25,2,2,2,0,0,0,36090,22083,15444,13695,17598,17472,2017,5,1000,5000,1000,603,Yes
20000,Male,1,1,62,0,0,0,0,0,0,17607,18711,9540,10540,11540,0,1500,1000,1000,1000,0,0,No
50000,Female,1,2,25,0,0,0,0,0,0,23794,22588,20376,10203,9868,9700,1398,1136,483,340,368,300,No
200000,Female,2,1,35,0,0,0,0,0,0,71561,74084,74770,75826,77741,79597,4000,3010,2600,3000,3000,3000,No
180000,Female,1,2,30,0,0,0,0,0,0,40311,43847,50763,69026,32030,33679,10000,10000,23000,5000,4000,3500,No
240000,Female,1,1,34,0,0,0,0,0,0,41484,42522,43538,44402,45333,46551,1709,1725,1589,1646,1972,1263,No
360000,Male,2,2,32,0,0,0,2,0,0,33215,28683,16989,12751,10272,9631,1331,6478,14,443,6093,190,No
50000,Female,2,1,26,0,0,0,0,-1,0,49744,40859,20706,-1166,19133,19127,1500,1206,0,20689,697,641,No
100000,Male,3,2,50,0,0,0,0,0,0,95889,96791,97414,69166,53270,-1465,4200,2785,2291,1965,1465,62121,No
80000,Female,3,2,26,1,-2,-2,-2,-2,-2,0,0,0,0,0,0,0,0,0,0,0,0,Yes
50000,Female,3,1,32,2,2,2,2,2,2,46364,47429,46345,49231,48537,46774,2100,0,3600,1900,0,3285,Yes
420000,Female,3,2,27,-2,-2,-1,0,0,0,1486,-3341,116659,119808,122181,130976,2679,120000,5003,5000,10979,5016,Yes
190000,Female,1,1,35,-1,-1,0,0,0,0,980,68738,105265,126905,150953,153223,68738,50000,26905,30000,7000,10000,No
50000,Male,2,2,43,1,2,2,0,0,0,44344,45363,44326,44901,45844,48385,2021,0,1596,1655,3684,0,Yes
10000,Male,2,2,23,2,2,7,7,7,7,2400,2400,2400,2400,2400,2400,0,0,0,0,0,0,Yes
120000,Male,3,1,39,-1,-1,-1,0,0,0,7764,10721,30607,25005,19771,34315,10730,30629,0,0,27000,18125,No
100000,Female,1,2,24,0,-1,-1,-2,-2,-2,93411,4081,0,0,0,0,11645,0,0,0,0,0,No
360000,Male,1,2,29,0,0,0,-2,-1,-1,229928,32890,-10,-10,2150,0,4905,0,0,2160,0,0,No
100000,Female,2,1,28,-1,-1,-1,-1,-1,-1,316,316,316,316,2588,782,316,316,316,2588,1098,0,Yes
290000,Female,2,1,49,-1,-1,-1,-1,-1,-1,5287,2323,704,2135,1591,5392,2334,707,2145,1599,5419,5039,Yes
240000,Male,1,2,34,1,2,-1,-1,0,0,40286,38008,9497,9124,7128,2745,14,9497,9124,2000,1200,1000,No
290000,Female,2,1,37,0,0,0,0,-1,0,48978,58858,36129,20369,29521,59219,20078,5017,509,29526,35000,93600,No
500000,Female,2,2,33,-2,-1,0,0,-2,-2,11058,18578,84087,50058,35036,4757,18641,75207,5100,5089,118,1647,No
50000,Male,2,1,32,1,3,2,2,2,2,14949,14424,15888,15335,16485,16070,0,2000,0,1400,0,1600,Yes
220000,Female,2,2,30,0,0,0,0,0,0,18598,24781,22901,23815,37748,16657,10000,2015,5000,20000,3000,1210,No
20000,Male,2,1,44,0,0,0,0,0,0,17441,17696,18672,18654,19584,19390,1309,1285,657,2000,388,390,Yes
420000,Female,2,1,36,0,0,0,0,0,0,185882,172613,134188,121983,111256,103481,10000,10000,10000,11256,13841,15059,No
100000,Female,1,2,29,2,2,2,2,2,2,74032,75557,76434,74611,79292,80945,3300,2700,0,5900,3100,0,No
230000,Female,1,1,43,-1,-1,-1,-1,-1,3,3245,1855,5776,1332,5342,3162,1867,5816,1340,5342,4,0,Yes
50000,Female,2,1,53,0,0,0,0,-1,2,46940,48372,48184,3736,2003,380,2188,1000,75,2003,0,0,Yes
70000,Male,1,1,42,0,0,2,2,0,0,119687,127218,128391,125183,124527,125255,11100,4551,9,4230,4253,4545,No
180000,Male,1,2,31,-1,-1,-1,-1,-1,-1,914,907,900,923,922,900,907,900,923,922,900,946,No
50000,Male,2,2,24,0,0,0,0,0,0,44193,44790,29397,29157,29765,29941,1806,1752,1168,1205,1207,1199,No
50000,Female,3,2,22,2,2,2,0,0,0,42717,51319,50245,9246,18992,9697,9289,300,332,400,358,350,No
60000,Female,1,2,26,1,-2,-1,-1,0,0,0,0,539,37970,39354,40048,0,539,37970,2000,1500,1481,No
50000,Female,3,2,41,2,2,0,0,0,0,23203,23534,24838,25429,26020,26541,1000,2000,1000,1000,955,1500,Yes
300000,Female,1,1,58,-2,-2,-2,-2,-2,-2,1257,2851,0,4319,0,0,2851,0,4319,0,0,6860,No
30000,Female,1,2,36,0,0,2,0,-1,-1,14254,16598,15908,16029,6501,0,2890,0,321,6501,0,0,Yes
10000,Male,1,2,25,0,0,0,0,0,0,9501,5794,7109,9082,7165,6951,1300,2000,3000,234,284,1149,No
70000,Male,1,2,30,0,0,0,0,0,0,36201,25510,11402,8464,6464,-1000,1586,1000,0,0,0,0,No
160000,Male,2,2,32,0,0,0,0,0,0,22506,24135,25418,28196,29961,49404,2000,2000,3000,2000,20000,2000,No
260000,Male,2,2,30,0,0,0,0,0,0,434442,443629,452727,48238,19335,7093,10000,10031,2141,3074,3000,3000,No
360000,Male,1,2,39,0,0,0,0,0,0,163150,150666,173353,156875,64965,36290,50122,50181,20609,30291,30121,30092,No
60000,Female,3,1,30,1,2,0,0,0,0,15442,16091,17512,18413,19951,21454,1200,2000,1500,2000,2000,1300,No
40000,Female,2,2,23,2,2,2,2,2,2,33699,34766,33903,36266,36935,33441,1900,0,3200,1350,0,1400,Yes
610000,Female,1,2,35,0,0,0,0,0,0,389335,388150,392776,399343,402432,409912,14117,14100,14144,17100,17500,3600,No
50000,Female,3,2,35,0,0,0,0,0,0,9999,11020,12027,12109,12360,12602,1489,1496,578,594,596,613,No
320000,Male,1,1,48,2,2,2,2,2,2,201932,215392,218370,220977,225021,221730,18300,8000,7700,7700,0,7900,Yes
150000,Male,1,2,29,-1,0,0,0,0,-1,108756,152194,105290,149530,146455,141711,46980,64890,122080,106625,141711,138195,No
170000,Male,1,1,36,-1,-1,-1,-1,-1,-1,2015,2015,2015,2015,2015,1925,2015,2015,2015,2015,1925,2105,No
500000,Male,2,1,53,-2,-2,-2,-2,-2,-2,37979,9482,6058,7859,126683,7440,9482,6058,7859,126683,7440,8259,No
200000,Male,2,1,57,-1,-1,-1,-1,-1,-1,780,0,780,390,0,390,0,780,390,0,390,390,No
290000,Female,1,2,27,0,0,0,0,0,0,110359,108371,102628,100000,92238,90447,5000,6039,4000,4000,4000,3000,No
50000,Male,3,2,32,2,0,0,0,0,0,40486,41526,42539,43532,42858,43481,1691,1704,1697,1558,1727,1446,Yes
20000,Male,2,2,29,0,0,0,0,2,0,10321,11348,12359,13730,13371,13491,1200,1208,1579,0,608,2000,No
30000,Female,2,1,22,1,2,2,0,0,0,28933,30175,29383,29823,30379,29686,2000,0,1200,1162,1097,3846,No
140000,Male,2,2,34,1,2,2,0,0,0,94153,100214,97720,98997,101439,103840,8500,0,3800,4200,4250,4100,No
80000,Male,2,1,32,-1,-1,-1,-1,-1,-1,1253,4091,4111,940,1550,4030,4091,4120,949,1550,4030,6030,No
260000,Female,2,2,35,1,-2,-2,-1,-1,-1,0,0,0,8500,2890,210,0,0,8500,2890,210,48000,No
130000,Female,1,2,27,1,-2,-1,0,0,0,-24,-350,30656,29426,29100,-1410,326,32100,0,0,0,0,Yes
380000,Female,3,2,39,0,0,0,0,0,0,55241,49773,81365,87341,87358,103740,10000,60218,10076,15012,20667,15000,No
200000,Male,2,1,36,1,-2,-2,-2,-1,-1,0,0,0,0,1680,0,0,0,0,1680,0,0,No
50000,Female,3,1,46,0,0,0,0,0,0,21453,22365,12874,13341,10556,9396,1634,1143,610,509,500,1000,No
50000,Male,1,2,25,0,0,0,0,0,0,49654,49917,25239,10228,10107,9178,1600,2310,303,369,331,4,No
90000,Female,2,1,26,0,0,0,0,-1,-1,47121,49332,47590,50000,780,0,3000,2000,3000,780,0,2808,No
20000,Male,1,2,25,1,-2,-2,-2,-2,-1,0,0,0,0,0,1000,0,0,0,0,1000,0,Yes
140000,Female,2,1,26,0,0,0,2,2,2,75289,90613,54597,31734,27211,23784,20000,3011,0,3000,0,5000,No
30000,Male,3,3,45,0,0,2,0,0,2,21325,24355,23670,24002,26373,25798,3376,0,1023,2925,0,1000,No
100000,Male,3,1,36,2,0,0,2,0,0,8674,10520,13337,12829,15446,17178,2000,3000,0,3000,2000,2000,Yes
240000,Female,1,2,46,2,2,-2,-1,0,-1,456,0,0,2240,1681,2267,0,0,2240,0,2267,3074,No
200000,Male,1,1,36,-2,-2,-2,-2,-2,-2,0,0,0,0,0,0,0,0,0,0,0,0,Yes
80000,Male,1,2,26,0,0,0,0,0,0,83593,72883,67337,60807,59088,47829,2727,3170,1940,2200,1700,1708,No
360000,Male,1,1,56,-1,-1,-2,-1,-1,-1,1094,0,0,1149,2386,5103,0,0,1149,2386,5103,0,No
30000,Female,2,1,56,0,0,2,0,0,2,11564,14099,13580,13657,16356,16540,3042,0,600,2942,600,0,No
250000,Male,1,2,33,0,0,0,0,0,0,28306,20367,19509,42394,46739,55573,10000,1504,25000,10000,10002,5200,No
500000,Male,1,1,42,-2,-2,-2,-2,-1,0,38525,6281,12855,18041,286939,286836,6283,12859,18041,292462,10593,12200,Yes
390000,Male,1,1,41,2,2,2,2,2,2,167795,171245,167317,175283,179140,182864,7299,0,12000,6500,6500,0,Yes
390000,Female,1,2,27,0,0,0,0,0,0,78549,81775,82963,84236,84971,87112,4500,4000,3500,4000,3500,10000,No
360000,Male,2,2,37,1,-2,-1,-1,-1,-1,-490,-870,390,-710,260,10,0,2000,0,1500,1000,1000,No
100000,Female,3,1,35,0,0,0,0,0,0,47843,48885,49904,50774,51957,52991,2111,2130,2000,2000,1898,2000,No
30000,Male,3,1,31,2,-1,-1,-1,-1,-1,390,390,390,0,780,0,390,390,0,780,0,0,No
160000,Male,3,2,25,0,0,-2,-2,-2,-2,31400,0,0,0,0,0,0,0,0,0,0,0,No
20000,Male,1,2,26,1,2,0,0,0,0,15397,10403,7207,7351,7512,8380,0,1500,264,280,1000,813,No
240000,Female,1,2,36,0,0,0,0,0,0,7283,5266,5113,7113,7113,4178,1263,1000,2000,2500,2000,5000,No
80000,Male,1,2,26,2,3,2,2,2,2,61851,62271,63154,63519,64351,67122,2000,2500,2000,2000,4000,2700,Yes
30000,Female,2,2,22,0,0,0,0,0,0,29668,29744,29068,29567,29144,29541,1555,2165,3002,1005,3000,2000,No
150000,Male,2,1,45,0,0,0,0,0,0,44832,46939,57181,49453,86869,79150,6020,15043,5021,46034,5002,5000,No
160000,Female,2,2,28,0,0,0,0,0,0,84668,88294,91784,108310,103166,104677,5000,5000,20000,5000,5400,6100,No
230000,Male,1,1,45,0,0,0,0,0,0,26071,27937,28774,29202,29683,30277,2200,2000,1100,1000,980,1012,No
100000,Female,2,1,46,0,0,0,0,0,0,98200,74247,71635,72809,74100,75316,3228,3000,2743,3000,3000,3000,No
420000,Male,2,2,39,0,0,0,0,0,0,204984,209929,190689,173547,176980,180109,8006,7000,6000,6500,6500,10000,No
480000,Female,2,1,37,-1,-1,-1,-1,-1,-1,24887,27984,82870,52263,19518,14785,27994,82979,52263,19518,14785,7931,No
10000,Male,3,1,37,-1,-1,-1,-1,-1,-1,678,500,381,2977,1000,0,602,381,2986,1203,0,0,Yes
180000,Female,3,1,41,2,2,2,0,0,0,100094,101204,98680,100644,102750,104792,3582,0,3605,3731,3752,4038,Yes
200000,Male,1,2,32,-2,-2,-2,-2,-1,-1,47244,92754,57928,523,223,7037,62330,57928,523,223,7037,11000,No
140000,Male,2,2,36,1,2,2,2,2,2,44570,45563,46115,47053,48150,49009,2000,1600,2000,2000,1800,0,Yes
20000,Female,1,1,23,0,0,0,0,0,0,11862,11259,12482,10528,9293,17099,1300,1446,500,500,8000,1000,No
80000,Female,1,2,39,-2,-1,-1,-1,-1,-1,-224,1357,3446,4969,0,2650,1581,3466,4969,0,2650,935,No
10000,Female,2,1,29,0,0,0,0,0,0,7170,8158,9593,10104,9923,8032,1500,2000,1000,313,356,3000,Yes
340000,Male,3,2,38,-2,-2,-2,-2,-2,-2,660,1131,291,291,291,291,1131,291,291,291,291,8048,No
330000,Female,2,2,39,0,0,0,0,0,0,156853,139687,120586,123152,115105,85737,5757,3923,4108,3632,3779,3672,No
230000,Female,1,1,47,-1,-1,-1,0,0,-1,740,740,10860,10120,7050,740,740,10860,0,0,740,0,No
360000,Male,1,2,40,1,-2,-2,-2,-2,-2,0,0,0,0,0,0,0,0,0,0,0,0,No
30000,Female,3,3,48,0,0,2,0,0,0,18385,20422,18905,24817,29220,17260,4000,0,10000,5000,1700,0,No
500000,Male,1,2,42,2,0,0,0,0,0,419352,428101,436809,443840,452841,468305,17008,17326,16101,16634,23501,20623,Yes
200000,Male,1,1,42,-1,-1,-1,-1,-1,0,3664,718,2946,390,390,390,718,2946,390,390,0,1313,No
50000,Female,2,1,55,0,0,0,0,0,0,41768,42561,42871,7606,11267,14453,2079,2001,500,4423,4000,2000,Yes
240000,Female,3,2,36,0,0,0,0,0,0,236267,239009,193335,194976,197168,196918,9000,7500,7000,6622,17150,20000,Yes
290000,Female,1,1,45,-1,-1,-1,-1,-1,-1,664,0,632,0,3152,316,0,632,0,3152,316,0,No
20000,Female,3,2,24,1,-1,-1,-2,-2,-2,-8,4485,0,0,0,0,13148,433,0,0,0,0,Yes
60000,Female,3,2,49,1,2,0,0,0,0,28763,25470,24125,22597,20784,15599,0,1301,1000,600,600,763,No
160000,Male,2,2,24,0,0,0,0,0,0,76054,73992,73246,71321,141494,72913,3275,3000,3000,3000,3500,2500,No
200000,Female,1,2,31,-1,-1,0,0,0,-1,1041,1053,3042,1381,1381,27106,2000,2011,0,0,27106,35200,No
70000,Female,2,1,33,0,0,0,0,0,-1,43981,33439,24926,10681,7431,4705,1683,3160,3000,3000,5060,5032,No
140000,Male,1,2,35,0,0,0,0,0,0,10339,18276,25852,14390,13728,2905,10006,10048,5008,2018,2005,1005,No
460000,Male,1,1,44,-1,-1,-1,-1,-1,-1,15264,51372,103119,68541,28269,75942,51383,103142,68541,28269,76056,52143,No
160000,Female,2,2,36,-2,-2,-1,-1,-1,-1,2992,1300,8899,6257,-1197,12151,1300,12038,10696,613,14262,0,No
200000,Female,2,1,40,-1,-1,-1,-2,-2,-2,6699,4856,-3,-3,-3,-3,4880,0,0,0,0,0,No
80000,Female,3,2,55,0,0,0,0,0,0,78009,78616,49662,48867,48278,46773,2420,2000,1656,1693,1767,1581,No
310000,Female,1,1,47,-2,-2,-2,-2,-2,-2,5202,6495,5781,7754,12315,14099,3000,1000,4000,5000,5000,5000,No
290000,Female,2,1,29,2,2,0,0,0,0,63872,62290,63624,64427,62853,63923,0,3000,2406,2431,2433,2434,Yes
120000,Male,1,2,27,0,0,2,0,0,0,11472,13485,11649,11435,11400,12661,2652,0,342,521,2000,3000,No
20000,Male,3,2,31,2,2,2,2,2,2,13335,15617,15090,16859,16472,21819,2800,0,2001,0,5782,0,No
90000,Male,1,2,29,-1,-1,-1,0,-1,-1,140,0,280,140,133,2506,0,420,0,133,2513,910,No
60000,Male,1,1,60,-1,-1,-1,-1,-1,-1,390,390,2840,390,390,769,390,2840,390,390,769,390,No
260000,Male,2,1,39,2,0,0,2,0,0,110529,113505,114531,111037,95454,96370,7010,7004,15,3000,3000,3000,Yes
180000,Female,2,2,30,0,0,0,0,0,0,167539,171133,173037,170470,174373,163873,7782,6352,5883,6427,6500,5029,No
50000,Male,3,2,41,0,0,0,0,0,0,15502,14446,10339,10766,10945,11214,1500,1500,600,500,600,500,No
50000,Male,3,1,40,0,0,0,0,0,0,34582,25281,15264,12465,13262,13523,2000,2000,1000,1000,482,2000,No
200000,Female,1,2,32,0,0,0,0,0,0,14254,19902,17822,15022,13051,10790,10000,2000,1000,2000,1790,1000,No
50000,Female,1,2,22,0,0,0,0,0,0,49086,48614,44211,27415,26630,8551,2047,1539,633,634,433,25586,No
440000,Male,3,1,47,0,-1,-1,-1,-1,-1,98161,1238,1238,1238,1238,2165,1238,1238,1238,1238,2165,150000,Yes
100000,Male,2,1,28,-1,-1,-2,-2,-2,-2,10000,0,0,0,0,0,0,0,0,0,0,0,No
50000,Male,3,2,49,0,0,0,2,0,0,26116,27192,29535,28761,29298,30111,1500,2803,0,1000,1300,1200,Yes
220000,Male,1,1,47,0,0,0,0,0,0,85224,69475,69651,68255,61183,60982,3209,2913,2435,2300,2378,2266,No
150000,Female,3,2,43,-2,-2,-2,-2,-2,-2,1622,12946,0,0,1761,18304,13016,0,0,1761,18306,4275,No
160000,Female,2,1,39,1,2,2,-2,-2,-2,40712,29920,0,0,0,0,0,0,0,0,0,0,No
50000,Male,1,2,28,0,0,0,-1,-1,-1,44476,45984,20972,16359,1340,0,2869,1527,16408,1444,0,0,No
130000,Female,3,1,40,0,0,-2,-2,-2,-2,102650,0,0,0,0,0,0,0,0,0,0,0,No
20000,Male,2,2,36,0,0,0,0,0,-2,15198,19590,18514,30382,0,0,5000,2000,1000,6000,0,0,Yes
200000,Female,2,1,34,-2,-2,-2,-2,-2,-2,28484,3440,8795,13676,-1282,-1282,3440,8795,13676,1282,0,0,No
20000,Female,1,2,22,-2,-2,-2,-2,-2,-2,483,480,390,390,390,390,487,390,390,390,390,390,No
300000,Female,1,1,39,-1,-1,-1,-2,-1,-1,1134,611,0,0,706,0,613,0,0,706,0,0,No
120000,Female,1,2,25,0,0,2,0,0,0,105169,109456,105810,98712,84856,70059,8000,3000,4100,4000,3600,2000,Yes
360000,Female,1,2,27,-1,-1,-1,0,0,-1,949,40,175512,74334,46985,50276,40,175539,1372,0,50276,13460,No
210000,Female,2,2,25,0,0,0,0,0,0,79453,61742,65068,73934,74752,82638,3000,5000,10000,2800,10000,5000,Yes
200000,Male,1,2,30,-2,-2,-2,-2,-2,-2,0,0,0,0,0,0,0,0,0,0,0,0,No
130000,Female,1,2,28,0,0,0,0,0,0,31283,32045,28974,23386,23958,24740,1900,1500,1000,1100,1337,1500,Yes
240000,Female,2,1,48,-1,-1,-2,-2,-2,-2,101,0,0,0,0,0,0,0,0,0,0,0,Yes
80000,Male,3,1,65,0,0,0,-1,-1,-1,25043,17472,8922,3932,2900,0,1374,1026,3944,3208,0,0,No
320000,Male,1,1,46,2,4,3,2,2,2,339202,337495,325700,313988,327542,317129,5000,0,0,23800,0,12165,Yes
210000,Female,1,2,56,0,0,0,-2,-2,-2,203653,23520,0,0,0,0,5000,0,0,0,0,0,No
200000,Female,2,1,42,-2,-2,-2,-2,-2,-2,0,0,0,0,0,0,0,0,0,0,0,0,Yes
50000,Male,1,2,37,2,0,0,0,0,2,11533,12951,22339,22669,24121,23540,1612,10000,1000,1820,0,696,No
340000,Female,1,1,38,-1,-1,-1,0,0,-1,4397,13840,10780,8201,7675,5653,13847,10780,0,2000,5653,1976,No
240000,Male,2,1,62,-1,-1,0,0,-1,2,1901,3855,3802,1901,2165,1965,3855,1901,0,2165,0,108,No
50000,Male,2,1,40,0,0,0,0,0,0,30211,48389,52230,18887,17693,18074,21190,5144,591,577,609,505,No
50000,Male,3,1,55,2,2,2,0,0,0,19056,18586,17418,15004,15804,17443,1000,1000,1000,1000,4024,2000,No
20000,Female,2,2,45,0,0,-1,2,2,2,13521,4964,882,882,914,930,1000,900,0,182,16,0,Yes
510000,Male,1,1,35,-2,-1,0,0,-2,-1,0,2754,3700,0,0,102097,2754,1000,0,0,102097,3509,No
220000,Female,1,2,25,1,-2,-1,-1,-1,-1,0,0,2598,640,168,1579,0,2598,790,168,1579,7203,No
220000,Female,2,2,30,-1,-1,-1,-1,0,0,596,892,7681,11642,23030,22449,892,7681,20000,20000,0,0,No
60000,Male,1,2,37,0,0,0,0,0,0,42372,35580,28330,28136,26752,27357,1500,1800,1088,1200,1200,1000,No
40000,Female,2,2,26,2,2,2,2,2,2,5678,9900,9592,10433,10521,10203,4500,0,1000,400,0,2200,Yes
120000,Male,1,1,51,1,-2,-2,-1,0,-1,0,-416,-1248,832,416,1398,0,0,2080,0,1398,0,Yes
20000,Male,3,2,23,0,0,-1,0,0,0,17010,-820,19970,19580,20180,20000,0,21490,600,600,600,0,No
30000,Male,2,1,33,0,0,0,-2,-2,-2,34914,35000,0,0,0,0,1000,18000,0,0,0,0,No
110000,Female,1,2,29,-1,-1,-1,-1,-1,-1,316,316,316,316,466,316,316,316,316,466,316,632,No
170000,Female,2,2,31,0,0,0,0,0,0,165987,169790,115786,72309,73812,75149,8400,4000,2210,2282,2159,1800,No
180000,Male,2,1,48,-1,2,2,-2,-2,-2,919,919,0,0,0,0,0,0,0,0,0,0,No
50000,Female,2,2,23,1,2,2,0,0,2,42586,43813,42779,38180,40685,37662,2200,0,1600,3300,0,1600,No
180000,Female,1,2,28,-1,-1,-1,-1,-1,-1,47815,8473,950,13408,3819,1107,8480,957,13408,3819,1107,20679,No
80000,Female,2,1,50,0,0,0,-1,0,-1,56602,14233,15729,3000,1500,1500,5000,5000,3000,0,1500,4473,No
20000,Female,1,1,34,0,0,0,0,0,0,5048,6797,9489,11349,14176,15616,2000,3000,2000,3000,3000,3000,No
30000,Female,3,1,57,0,0,0,0,0,0,17779,19097,19816,18471,16305,0,2000,1500,1000,841,0,1030,No
200000,Male,1,1,53,-2,-1,-1,-1,-1,-1,513,974,4271,3696,0,2099,974,4271,3696,0,2099,7784,No
120000,Female,2,1,42,0,0,0,0,0,0,117059,117000,116955,109973,108693,104890,5026,4541,4100,4100,4000,4000,No
160000,Female,5,1,52,0,0,0,0,0,0,202638,208706,210143,75166,68355,69602,7638,6263,2394,2274,2172,2291,No
50000,Female,2,2,22,0,0,0,0,0,2,45675,41712,29756,32418,34983,18175,3630,2000,3500,2713,0,193,No
50000,Female,2,1,39,0,0,0,0,0,0,43724,45017,46106,28381,29546,29573,2000,2000,2000,2000,1000,1000,No
200000,Male,1,2,41,0,0,2,0,0,0,24720,20982,20398,19888,22713,19405,3000,0,8000,5000,3000,0,No
30000,Male,2,2,25,0,0,0,2,0,0,7298,8322,9826,9519,10362,11187,1147,1651,0,1000,1000,1000,Yes
190000,Female,2,1,33,1,-2,-2,-2,-2,-2,-2500,-3000,-3000,-3000,-3000,-3000,0,0,0,0,0,0,No
120000,Female,2,1,41,0,0,0,-1,2,0,14792,20084,0,6849,6598,16205,10000,0,6849,0,10000,2000,No
30000,Female,3,2,39,0,0,0,0,0,0,27782,5585,29572,26387,11207,0,2023,27887,2000,1000,0,0,No
30000,Female,3,2,27,-1,-1,0,0,0,-1,5334,697,12791,12490,13990,300,3565,12591,490,1500,300,0,No
310000,Male,1,2,33,0,0,2,0,0,0,47224,51442,51531,51375,29069,29895,4900,1500,1000,1200,1200,1200,No
30000,Female,2,1,31,0,0,0,0,0,0,28405,29639,30246,23774,24384,15855,4000,1555,631,769,317,0,Yes
440000,Male,1,2,52,2,0,0,0,0,0,424606,418158,410821,403658,412248,456264,15010,14660,14500,15089,51000,27000,Yes
50000,Female,1,2,27,3,2,2,2,2,2,33202,34370,34806,35433,36216,36969,2000,1300,1500,1500,1500,1100,Yes
70000,Male,2,2,38,0,0,0,-1,0,0,71586,59856,15379,2985,29351,29977,1308,15006,3000,29100,1100,1100,No
260000,Female,1,2,31,0,0,0,0,0,0,180891,165412,108223,108860,80757,79073,8250,5500,5000,3500,3000,4000,No
320000,Male,1,1,46,-1,-1,-1,0,0,0,10836,19751,72623,61459,44390,29773,19799,73706,1692,1023,761,67235,No
210000,Female,2,1,34,0,0,0,0,0,0,128553,109234,87567,83716,69925,64108,3762,3808,4177,2594,2442,2319,No
280000,Female,1,1,29,0,0,0,0,0,0,58308,61024,62665,63730,57916,59122,4000,3000,2315,2103,2500,2000,No
140000,Male,1,2,32,0,0,0,0,0,0,83768,79736,76167,66410,71150,75781,5000,6029,8000,6000,6000,3000,No
340000,Male,1,2,25,-1,0,0,0,0,0,239715,421651,203784,181490,154478,135259,10469,6618,5168,5014,5398,2738,Yes
70000,Female,3,3,39,0,0,-1,0,-1,0,34244,32193,10803,15133,3148,4699,3000,11000,5000,3150,2000,4000,No
120000,Female,1,1,50,1,-1,-1,-2,-1,-1,-110,16390,0,0,660,0,16500,0,0,660,0,0,No
60000,Female,2,2,24,0,0,0,0,0,0,57771,53334,0,41645,41833,41481,2336,1414,0,2000,1503,3200,No
30000,Male,3,2,29,0,0,0,0,0,0,28547,29398,29864,30115,15818,13813,1700,1500,1010,1000,1000,1200,No
30000,Male,2,2,29,0,0,0,0,0,0,12174,13309,13874,15304,8588,4873,1635,1200,1630,4000,1000,300,No
80000,Male,1,1,25,0,0,2,2,0,0,48470,52374,52889,51520,50741,50322,4700,2000,0,1800,1850,1800,Yes
50000,Male,2,1,49,0,0,0,0,0,0,28788,21485,18800,17272,14226,14991,1377,1500,500,2000,1000,2000,No
100000,Male,3,2,37,0,0,0,0,0,0,20116,19319,16356,10144,8095,10140,4000,2000,4000,3095,5140,4122,No
10000,Female,2,2,23,-1,5,4,3,2,2,4205,4003,3800,3597,3395,4187,0,0,0,0,1000,0,Yes
280000,Female,1,1,41,-2,-1,0,0,-2,-2,939,8188,36670,0,1455,3023,8188,30000,0,1455,3023,24668,No
250000,Female,3,2,47,-2,-2,-2,-2,-2,-2,7363,27415,0,1930,1643,1687,27474,0,1930,1643,1687,0,No
40000,Male,2,1,48,0,0,-1,-1,-1,-1,1672,0,836,836,571,1735,0,836,836,571,2000,0,No
50000,Male,1,1,57,0,0,0,0,0,0,42624,39943,7218,6946,6808,6542,2173,1248,366,500,384,500,No
70000,Female,3,2,29,0,0,0,-1,0,0,70780,67741,40195,48568,49039,50387,3088,1787,50314,1768,2541,1588,No
130000,Female,2,1,28,0,0,0,0,0,0,86914,85558,77163,80240,46637,51409,6134,3100,5000,3000,6000,13031,No
60000,Female,2,2,24,0,0,0,0,0,0,60839,59316,59707,18490,19505,20197,3400,1705,1200,1300,1003,1000,No
200000,Female,2,1,29,0,0,0,0,0,0,81568,81876,82617,83284,64520,54178,3500,3000,2500,3000,2000,2000,No
100000,Female,1,2,33,0,0,2,0,0,0,90825,97242,94407,95124,96354,64168,8800,0,2951,2300,7174,2700,No
190000,Female,2,2,30,0,0,0,0,0,0,194724,190781,191861,155967,153193,156494,8900,6200,5500,5600,5800,5600,Yes
20000,Male,3,1,36,8,7,6,5,4,3,24166,23845,23214,22583,21662,21031,0,0,0,0,0,0,Yes
230000,Male,1,2,42,-2,-2,-2,-2,-2,-2,380,380,380,380,380,380,380,380,380,380,380,380,Yes
90000,Female,2,2,26,0,0,2,0,0,0,87561,92996,89866,48574,41746,38486,8548,0,1527,1617,1490,659,No
240000,Female,1,2,29,0,0,0,0,0,0,191059,197548,203823,216971,223048,228755,10000,10000,17000,10000,10000,8000,No
20000,Female,3,2,22,2,2,0,0,0,-2,19393,18801,19077,11993,0,0,0,1023,240,0,0,0,Yes
50000,Female,1,2,24,0,0,0,0,0,0,2757,3776,4785,5031,5134,5138,1070,1079,325,332,238,1180,No
230000,Female,2,2,40,0,0,0,0,0,0,72742,73256,66321,66271,62401,61510,5000,4023,5000,5000,5267,3000,No
430000,Female,2,1,41,-2,-2,-2,-2,-2,-2,2830,21419,15555,6705,6705,5673,21419,0,6705,0,5673,7791,No
50000,Male,2,1,34,0,0,0,0,0,0,48976,47404,46338,14234,19545,20173,2023,3105,3119,11000,909,3000,No
230000,Male,2,2,32,0,0,0,0,0,0,143345,134344,116691,116220,112746,108653,6000,5000,5000,5000,5000,5038,No
240000,Female,5,2,36,-2,-1,2,0,0,-2,-235,1765,871,871,-155,-155,2000,0,0,155,0,0,No
120000,Female,1,2,30,-1,2,-1,-1,-1,-1,330,165,165,0,165,0,0,165,0,165,0,0,Yes
280000,Female,2,1,26,0,0,0,0,0,0,256455,245712,231025,182159,80747,51689,8354,5501,4293,2079,1892,20012,No
260000,Male,2,1,53,-2,-2,-2,-2,-2,-2,-1,-1,-1,-1,-1,-1,0,0,0,0,0,0,No
140000,Female,1,2,31,-1,-1,-1,-1,-1,-1,727,829,550,1045,432,898,829,550,1045,432,898,208,No
310000,Female,3,2,28,0,0,0,0,0,0,220845,179260,116798,109647,114745,103646,7809,10000,10000,10334,10000,5000,No
50000,Female,3,1,36,2,2,2,2,0,0,45557,46732,46589,30949,29857,30322,2200,1100,0,1224,1105,1400,No
50000,Female,3,1,35,0,0,0,0,0,0,48829,49789,19726,20074,20121,17021,2046,3000,1500,1000,1600,1500,No
30000,Female,3,2,29,2,2,2,2,2,0,15070,17509,17923,18134,17704,18256,3000,1000,800,0,1000,700,Yes
200000,Male,1,1,43,0,0,2,0,0,0,142291,152679,148682,146505,150963,146553,14200,0,7000,7000,6500,11000,No
80000,Female,3,2,33,0,0,0,0,-1,-1,73132,74668,77427,80700,15525,81621,2710,4000,5000,15525,81621,2493,No
310000,Female,3,2,36,-1,-1,-1,-1,-1,-1,6282,5835,912,1688,5590,1649,5864,919,1696,5617,1657,4510,No
220000,Female,2,2,26,0,0,0,0,0,-1,57222,160712,210445,74138,1808,95818,107789,54539,1483,1808,94020,2581,No
80000,Female,2,2,26,0,0,-2,-2,-1,-1,35997,0,0,0,2345,2330,0,0,0,2345,2330,0,No
500000,Female,1,2,38,0,0,0,0,0,0,56197,55246,62402,42594,43652,38254,5000,10004,8000,3000,5000,8000,No
100000,Female,1,1,37,0,0,0,0,0,0,70113,71567,72410,73846,75556,77742,3181,2628,2640,2897,3600,2500,No
20000,Male,2,2,39,0,0,0,0,-2,-2,8799,9671,11500,0,0,0,1171,2000,0,0,0,0,No
20000,Female,2,1,28,0,0,0,0,0,0,74510,75262,49919,43303,27929,15530,2734,1200,1077,3000,633,8000,No
80000,Male,2,2,38,0,0,0,0,0,0,54809,55944,57075,57745,59099,60489,2612,2655,2214,2435,2669,16981,No
110000,Male,2,2,29,0,0,-2,-2,-2,-2,41300,0,0,0,0,0,0,0,0,0,0,0,No
100000,Male,2,1,38,0,0,0,0,0,0,99660,99908,98052,94423,96056,97320,4600,3500,3400,3500,5000,3500,No
400000,Male,5,1,30,0,-1,-1,-1,-1,-1,3443,69,188,188,177,2378,69,188,188,177,2400,11320,No
180000,Male,2,2,28,0,0,0,0,0,0,139097,131157,128342,122345,109228,101428,5699,4300,4023,3785,3684,4000,No
180000,Female,2,2,27,0,0,2,0,0,0,5319,6531,5446,4853,3965,3310,2300,0,288,143,246,33,No
30000,Female,2,2,22,0,0,0,0,0,0,30123,30299,27758,22720,19136,14452,1600,2000,2000,614,924,0,Yes
30000,Male,2,2,35,1,3,2,2,2,2,14320,13808,13289,14068,14596,14212,0,0,1000,900,0,1431,Yes
240000,Female,1,2,42,0,0,0,0,0,0,238107,242159,225695,210199,208307,203779,12067,10009,10000,10000,10000,30296,No
100000,Female,1,2,24,2,0,0,0,0,0,76831,72100,66575,68499,69584,71247,4037,3000,3000,3000,3000,2600,No
90000,Male,2,1,50,0,0,0,0,0,0,85241,86576,86914,28698,29722,29400,3600,2196,1027,1486,588,352,No
20000,Male,2,1,22,0,0,0,0,0,0,19356,19754,20279,19887,19887,0,1485,1400,398,0,0,0,No
60000,Male,2,2,28,0,0,2,2,2,2,37788,39366,41531,42048,41241,44056,2500,3114,1496,0,3500,0,Yes
90000,Male,3,1,38,2,2,2,0,0,0,28774,29420,28502,30162,17274,15243,1400,0,2041,1007,1015,330,No
80000,Female,2,1,40,-1,0,-1,-1,-1,-1,5143,8351,3234,1819,1909,1909,6458,3917,1819,2299,1909,3069,No
500000,Female,1,1,34,0,0,0,0,0,0,174246,149600,83320,79359,57549,44994,6371,5000,10051,7549,2102,50000,No
430000,Male,1,2,34,0,0,0,0,-1,0,81963,93893,100177,-3849,304425,293920,15000,70000,3116,313094,10300,15000,No
130000,Male,1,2,27,-1,-1,-1,-1,-1,-1,339,339,339,339,339,339,339,339,339,339,339,339,No
500000,Female,2,1,66,-1,-1,-1,-1,-1,-1,3718,1755,2988,11645,13237,303512,1755,2988,11645,13237,303512,0,No
350000,Female,2,1,38,-1,-1,-1,-1,-1,-1,282,2728,1606,1015,24555,185,2750,1612,1017,24560,1000,917,No
320000,Male,1,2,34,-1,-1,-1,-1,-1,-1,744,2291,2197,3934,5541,3141,2297,2203,3957,5557,3150,3056,No
160000,Female,2,2,24,0,0,0,0,0,0,142214,145225,149812,151426,154688,158511,5300,7000,5600,5700,6400,6400,No
110000,Male,1,2,25,2,0,0,0,2,0,109887,99030,89317,80674,79311,81246,3500,6748,5700,0,3200,5700,Yes
60000,Female,3,3,53,0,0,0,0,0,0,57605,48877,39689,27736,28420,29002,2088,1900,962,1100,1023,963,No
50000,Male,1,1,47,0,0,0,0,0,0,49550,51636,53561,53283,53057,52908,2743,2668,1712,1762,1894,1670,No
270000,Male,2,2,44,0,0,0,0,0,0,274610,274870,258759,225454,225032,225698,10556,10050,8370,8510,8250,10671,No
210000,Male,1,1,52,0,0,0,-1,-1,-1,44933,38542,39332,11140,8463,10406,1793,8242,12000,8534,11000,7500,No
20000,Female,2,1,29,0,0,2,3,3,2,16196,17825,20234,20510,19897,19900,2200,3000,900,0,500,0,No
30000,Female,2,2,49,2,2,2,2,2,2,28859,28116,30226,29454,31775,30743,0,2900,0,2787,0,1445,No
500000,Female,1,1,56,-1,-1,-1,-1,-1,-1,881,1035,29944,10528,17907,3147,1035,29944,10528,17907,3147,5011,No
360000,Female,1,2,31,-1,-1,0,0,-1,-1,24500,2251,7714,4502,1896,5117,2251,5463,2251,1896,5117,7172,No
90000,Male,2,2,30,-1,-1,-1,-1,-1,-1,2629,1076,1613,993,7881,1516,1079,1617,996,7904,1521,413,No
10000,Female,2,2,28,0,0,0,0,0,-1,7797,8893,9665,9862,4854,1430,1228,1000,197,1597,1430,1184,No
200000,Female,2,2,36,0,0,0,0,0,0,93863,93893,90837,85520,84945,81431,4762,3856,2753,2900,3000,2800,No
60000,Male,2,2,37,1,-2,-2,-1,-1,-1,-391,-781,-781,389,389,609,0,0,1950,0,1000,0,No
80000,Male,2,1,40,-1,-1,-1,0,0,0,5810,216,5741,6143,7039,26799,216,7741,500,1000,20000,1500,No
500000,Male,1,2,32,-2,-1,0,0,0,0,11086,22919,35937,31227,21135,2632,23008,20046,5075,5103,2646,20642,No
50000,Male,2,1,21,-1,0,0,0,0,0,47285,47807,48371,48629,49410,49568,2108,2062,1710,1923,1512,1000,No
50000,Female,2,2,24,0,0,0,0,0,0,45404,38383,39851,27258,27679,28619,1700,2156,1200,1010,1400,970,No
200000,Female,1,2,30,-1,-1,-1,-1,-1,-1,4520,10382,4447,126476,700,0,10382,4447,126476,700,0,860,No
470000,Male,2,1,45,0,0,0,0,0,0,293261,279104,220728,198425,182826,130586,18000,10018,10000,10000,4771,6000,No
180000,Female,3,1,41,-1,-1,-1,-1,-1,-1,6092,3576,13920,11112,3182,1985,4198,13935,11112,3182,1985,3276,No
240000,Male,2,1,33,0,0,0,0,0,-1,23486,19867,14653,8626,0,1128,3000,2000,0,1790,1128,0,No
200000,Male,1,1,30,2,2,2,2,2,2,2500,2500,2500,2500,2500,2500,0,0,0,0,0,0,Yes
20000,Male,2,2,40,8,7,6,5,4,3,20753,20496,19930,19434,18577,18011,0,0,70,0,0,0,Yes
30000,Male,2,2,54,0,0,2,2,2,2,10568,13075,13565,13055,13525,0,3000,1000,0,1000,2000,0,No
200000,Female,1,2,35,-1,-1,-2,-1,0,0,816,0,0,3240,3240,0,0,0,3240,0,0,0,No
100000,Female,2,1,38,1,2,0,0,0,0,66459,43930,25762,27848,66537,57506,0,1700,3000,40000,2500,2560,No
70000,Female,3,1,30,2,2,2,2,2,2,56448,57550,58008,58957,60367,61617,2600,2000,2500,2500,2400,2500,Yes
140000,Male,2,1,30,1,-2,-2,-2,-2,-2,0,0,0,0,0,0,0,0,0,0,0,0,No
30000,Female,2,1,27,2,2,2,3,3,4,26648,27536,28203,29048,29903,30431,1600,1400,1600,1600,1600,1000,No
100000,Female,2,2,27,0,0,0,0,0,2,96191,96908,97565,98561,103039,95803,3504,3500,3800,7500,0,3600,Yes
60000,Male,2,2,38,0,0,0,0,0,0,42184,42108,41300,40840,40366,39737,2014,1616,1566,1700,1600,1400,No
50000,Female,1,2,23,-1,-1,2,-1,-1,-1,8225,2763,2545,1170,2480,8047,5308,0,1170,2480,8047,4428,No
120000,Female,1,1,35,-2,-2,-2,-2,-2,-2,0,0,0,0,0,150,0,0,0,0,150,974,No
50000,Male,3,2,23,0,0,-1,-1,-1,-1,42821,6609,1600,5087,4270,7881,1008,1600,5087,4270,7881,1000,No
300000,Male,2,2,28,0,0,0,0,0,0,293498,299066,295173,286885,287816,294383,13007,11067,10026,10500,11080,10500,No
360000,Female,1,1,36,-1,-1,-1,0,0,-2,2471,467,10947,9594,0,0,1000,11000,0,0,0,37704,No
40000,Female,2,1,36,0,0,0,0,0,0,24230,25840,27556,27447,26254,29645,2000,2500,1500,1500,4000,0,No
190000,Female,2,2,40,-1,-1,-1,-2,-2,-2,18255,18779,0,0,0,0,19241,0,0,0,0,0,No
30000,Female,1,2,23,0,0,0,0,0,0,14294,15253,2142,29288,26579,25972,1300,2000,28000,800,501,553,No
280000,Female,3,2,47,2,2,-1,-1,2,-1,1792,0,2292,1153,607,3076,0,2292,1153,0,3076,4983,Yes
30000,Female,2,2,23,0,0,0,0,0,0,25287,26501,30300,25806,26149,25478,2011,5000,868,1092,3000,1500,No
500000,Female,1,1,32,-1,-1,-1,-1,0,0,185419,10573,0,282562,288459,293233,10573,0,282562,11000,9572,8928,No
260000,Female,1,2,32,-1,-1,-1,-1,-1,0,1694,5499,1384,2085,5351,3179,5525,1390,2095,5361,15,1894,No
60000,Female,2,1,46,0,0,0,0,0,0,20351,21395,22388,22431,22324,22601,2000,2000,1000,1000,2000,0,No
70000,Female,3,1,36,0,0,0,2,0,0,28518,29558,32054,31239,31935,32602,1504,3000,0,1200,1200,1300,Yes
30000,Male,2,2,27,2,2,2,2,2,0,25465,29058,28236,29383,24131,26979,4000,0,2000,0,5000,2000,No
300000,Male,3,1,37,-1,-1,-1,-1,-1,-1,4926,2847,3351,1961,4409,2503,2855,3357,1965,4419,2509,1139,No
30000,Female,2,2,22,2,2,2,2,2,2,26163,26449,27915,27170,29071,29446,1000,2201,0,2500,1001,6,No
40000,Male,3,2,43,2,2,7,7,7,7,2400,2400,2400,2400,2400,2400,0,0,0,0,0,0,Yes
80000,Male,1,2,25,0,0,0,0,0,0,65734,58048,53012,53571,56721,57312,3000,3404,2000,4000,3000,5000,No
50000,Male,1,2,35,0,0,0,0,0,0,48264,19142,18188,18397,18161,18383,1565,7240,795,1000,673,647,Yes
90000,Female,1,1,38,-1,-1,0,0,-1,-1,2346,15271,16360,41936,538,2716,15271,2000,30000,538,2716,652,No
260000,Male,1,2,29,2,2,2,2,2,2,2497,2497,2497,2497,2497,2497,0,0,0,0,0,0,Yes
100000,Female,1,1,58,1,2,2,2,2,2,27044,26325,30882,30090,34419,33714,0,5000,0,5000,0,5000,Yes
280000,Male,1,2,34,1,-2,-2,-2,-2,-2,0,0,0,0,0,0,0,0,0,0,0,0,No
80000,Female,2,1,22,0,0,0,0,-2,-2,17087,15576,16361,0,0,0,1500,1049,0,0,0,0,No
150000,Female,2,2,27,0,0,0,0,0,0,143596,147891,147248,139846,142808,150770,6241,5000,4400,4500,9600,0,No
90000,Female,2,2,39,-1,0,0,-2,-1,0,2618,8489,371,385,13273,20971,7639,11336,1501,13278,10022,14045,No
130000,Female,1,1,33,-1,2,0,0,0,-1,10653,7439,15206,12446,7047,5472,13,12454,30,21,5488,1725,No
210000,Male,2,2,36,-1,-1,-1,0,0,-1,5491,8398,14307,17891,8517,23960,8406,14307,6000,0,23960,1000,No
420000,Female,1,2,44,-1,0,0,0,0,0,559,1560,3360,3343,3091,3578,1001,2400,100,62,1276,1500,No
500000,Male,1,2,39,0,0,0,0,-1,-1,128068,143227,52196,43180,1095,856,20000,12000,0,1095,856,50000,No
180000,Male,1,2,30,1,-2,-2,-2,-1,-1,-203,-698,-193,-688,817,1157,0,1000,0,2000,1000,2000,Yes
150000,Female,2,1,36,0,0,2,0,0,0,141460,145408,142139,137453,139827,136320,8021,5066,6000,5029,5016,5100,No
440000,Male,1,2,30,0,0,0,0,0,0,50735,52938,54190,45962,47421,49512,3000,3000,2000,2150,3000,3000,No
140000,Male,2,1,29,-1,-1,-1,0,0,-2,3300,1300,3074,594,0,0,1300,3668,0,0,0,0,Yes
150000,Male,1,2,29,0,0,0,0,0,0,119613,115349,109765,101179,99940,96190,5900,5019,4588,4500,5000,5000,No
150000,Female,2,2,27,2,2,-1,-1,-1,-2,573,0,220,693,0,0,0,220,693,0,0,0,No
100000,Female,1,2,35,0,0,0,0,0,0,99031,90779,84891,76232,77833,74885,3300,4300,3000,2626,2913,2600,No
310000,Female,1,2,33,0,0,0,0,0,0,71855,72440,63399,59912,45740,44325,5000,5000,3000,25000,3000,2000,No
280000,Female,1,2,27,0,0,0,0,0,0,56144,58180,34855,36000,37684,22478,5000,5000,2000,2000,2000,2000,No
60000,Male,2,2,51,-1,0,0,0,0,0,10304,11330,12334,13319,14447,15549,1500,1500,1500,1500,1500,1500,Yes
160000,Female,1,2,31,1,-2,-2,-2,-1,-1,-200,-200,-200,0,10199,0,0,0,200,10199,303,0,No
90000,Male,2,1,48,0,0,0,0,0,0,51666,52385,51790,50346,48745,46842,2919,3005,1700,1722,1414,1061,No
50000,Female,1,2,28,-1,-1,-1,-1,-1,-1,2926,1252,435,1309,589,1210,1254,435,1309,589,1210,1065,No
200000,Female,2,1,26,0,0,0,0,0,0,45487,47247,48160,49361,50564,51572,2800,2000,2000,2000,2000,2000,No
240000,Male,2,2,67,0,0,0,0,0,0,508581,471796,468202,442401,419209,425061,17389,80167,15167,16000,13133,196084,No
200000,Female,1,1,32,-1,-1,-1,-1,-1,-1,846,810,1198,6081,4203,3044,864,1198,6081,4203,3044,0,No
100000,Female,2,2,23,-2,-2,-2,-1,-1,0,101771,102878,79618,4370,78453,80063,3800,7,971,79681,2861,2698,Yes
50000,Female,1,2,29,2,0,0,0,0,0,45367,46815,10099,8686,8614,6977,2335,1629,500,500,1000,1000,Yes
240000,Female,1,2,30,-1,-1,-1,-1,-1,-1,1749,1087,3503,1003,1003,1003,1099,6430,1003,1003,1003,203,No
300000,Female,1,2,25,1,-2,-1,0,0,0,-4,-231,10610,10520,120,0,227,10841,0,100,0,0,No
350000,Female,3,1,43,-1,2,-1,0,-1,-1,14103,5397,54554,92400,3520,3330,0,54554,83288,3520,3330,21852,No
50000,Female,3,1,26,1,2,0,0,0,0,48421,42779,34992,25916,27207,26192,0,1424,1500,1677,1500,1500,Yes
50000,Female,2,1,36,0,0,0,0,0,0,46801,38296,28923,29254,29313,29661,2839,1438,1159,1035,1196,1007,No
30000,Female,2,2,25,2,2,2,2,2,2,24022,25038,25429,25714,26353,26868,1700,1100,1000,1200,1100,1200,Yes
50000,Male,2,1,47,-2,-2,-2,-2,-2,-2,-2640,0,2640,0,1000,4702,2640,2640,1500,1000,4702,36015,No
20000,Female,2,1,34,0,0,0,2,3,2,6827,7759,9618,10313,9863,9558,1200,2000,1000,0,0,508,Yes
270000,Female,2,2,30,0,0,0,0,0,0,280435,276971,225836,219426,210514,180129,13600,8000,7000,10000,7000,10000,No
380000,Male,1,1,49,2,0,0,0,0,0,380933,380703,356474,308948,547880,309322,14651,12238,13479,13532,12015,11525,Yes
10000,Female,2,2,22,5,4,3,2,2,2,8541,8270,7995,7720,8224,7944,0,0,0,778,0,158,Yes
80000,Female,2,2,29,0,0,0,0,0,0,7880,8316,4761,5964,5697,2590,3034,3002,2093,1023,1000,1000,No
240000,Female,2,1,35,2,2,2,2,2,2,32463,33444,33996,34539,35238,35910,1800,1400,1400,1400,1400,0,Yes
280000,Female,1,2,35,0,0,0,0,0,0,211645,213513,106539,106361,108590,110915,6445,5245,3800,3881,4069,4035,No
160000,Male,1,2,41,0,0,0,0,2,2,42863,43874,44843,50072,49142,52336,2000,2000,6000,0,4200,2000,No
180000,Female,1,2,25,0,0,0,0,0,0,112403,83515,71259,66661,62770,58067,3500,3500,3000,3000,2300,2400,No
50000,Male,2,1,37,0,0,0,0,0,0,33105,31113,26669,29876,29257,28071,10005,5000,4800,1002,2000,2000,No
20000,Male,2,2,22,1,2,2,2,0,0,14380,13536,15040,14174,14472,14763,0,2040,0,526,532,1585,No
20000,Male,2,2,33,0,0,0,0,0,0,18357,18668,19597,19589,19275,0,1471,1400,392,386,0,0,No
140000,Male,1,2,27,0,0,0,0,0,0,72274,70098,60180,43920,42670,41584,3231,2290,3499,1800,2000,2000,No
360000,Male,2,2,28,-2,-2,-2,-2,-1,0,0,0,0,0,1090,8788,0,0,0,1090,7910,170027,No
180000,Male,2,1,49,-1,-1,-1,-1,-1,-1,26660,660,660,660,36906,1470,660,660,660,36906,1320,0,No
390000,Male,1,1,36,-2,-2,-2,-2,-1,-1,3931,3625,1600,3815,8330,4765,3625,1600,3315,11645,4765,2171,Yes
210000,Female,1,1,35,-1,-1,-2,-2,-2,-2,3805,0,0,0,0,0,0,0,0,0,0,0,No
20000,Male,2,2,24,0,0,0,2,0,0,6128,7171,9582,9282,9977,10812,1300,2700,0,1000,1000,0,No
450000,Male,1,1,43,2,2,-2,-2,-2,-2,1000,0,0,0,0,0,0,0,0,0,0,0,No
50000,Male,3,1,24,1,-2,-2,-2,-2,-2,0,0,0,0,0,0,0,0,0,0,0,0,No
50000,Male,3,2,46,1,2,0,0,0,0,49220,48161,49310,49725,49910,48694,0,2000,1900,2007,2000,2012,Yes
20000,Male,2,2,39,2,2,2,0,0,0,19518,20202,19082,18890,19287,19751,1299,0,667,692,776,3730,Yes
200000,Female,1,2,39,-1,-1,-1,-1,-1,-1,7475,15540,3889,10496,31948,33016,15617,3927,10549,32108,33181,8910,No
230000,Female,1,2,27,0,0,0,0,0,0,70327,66310,54176,42944,40391,35820,2963,1941,1534,1532,1565,1330,No
50000,Male,2,1,41,2,0,0,0,0,0,48958,48293,48999,7470,6406,3679,2572,2602,349,706,500,1000,Yes
50000,Female,2,2,26,0,0,2,2,2,2,44883,47349,47475,46730,27204,9662,3189,1500,101,1590,0,194,No
50000,Male,1,2,57,0,0,0,0,0,0,51102,50484,49175,21944,20142,18728,2500,2158,927,696,1000,374,No
20000,Male,2,2,23,0,0,2,2,0,0,9811,15726,15723,15173,15925,16245,6097,547,0,1000,585,1000,No
40000,Male,1,1,47,2,2,2,2,2,2,11084,12605,13102,12595,14386,14005,2000,1000,0,2000,0,2000,No
100000,Male,1,2,26,-1,-1,-1,-1,-1,-1,567,390,508,0,4580,2274,390,508,0,4580,2274,0,No
150000,Female,2,1,43,0,0,0,0,0,0,158844,149298,157537,162697,113925,116382,10004,10009,8014,5008,5012,5000,No
240000,Male,1,1,36,0,0,0,0,2,2,14559,15513,17242,18450,18013,19406,1500,2000,1500,0,1700,700,No
360000,Male,2,1,37,-2,-1,-1,0,0,-2,-5,3584,2280,2280,0,0,3589,2280,0,0,0,0,No
50000,Female,2,2,23,0,0,2,2,0,0,10587,25768,12218,13656,15918,10771,3500,2500,1980,3500,1000,0,No
160000,Male,2,1,60,0,0,0,0,0,0,18056,19385,20093,20643,20920,21336,1626,1334,884,758,763,942,No
340000,Female,2,1,32,0,0,0,0,0,0,34228,96716,74983,43557,15559,0,75113,2047,766,77,0,394,No
20000,Male,3,2,23,0,0,0,-1,-1,-1,2331,3544,3064,1587,-193,3107,2700,2300,2100,0,5000,0,Yes
60000,Male,3,2,52,0,0,0,0,0,0,22460,23592,24665,26305,23756,25353,1500,1500,2000,1500,2000,2000,No
220000,Female,2,1,35,0,0,0,0,0,0,223150,226034,227153,174717,171145,174076,10000,9200,6300,6200,6600,9000,No
280000,Female,1,1,32,-1,-1,-1,0,0,-1,1280,2816,10802,23323,17041,282,2816,10802,13000,10041,282,7501,Yes
60000,Male,2,1,30,0,0,0,0,0,0,58920,60069,54853,59509,30565,30031,2319,1887,1500,1500,1300,1200,No
230000,Male,1,1,42,2,0,0,0,0,0,222059,161817,160270,60604,60986,62195,7300,4160,2308,2300,2223,2304,Yes
120000,Female,3,0,41,0,0,-2,-2,-1,-1,3307,0,0,0,1344,881,258,0,0,1344,929,599,No
240000,Female,1,2,30,-1,-1,0,0,0,-1,325,18428,32384,22749,7804,290,18428,15000,0,0,300,350,No
420000,Female,1,1,29,-2,-1,-1,-1,-1,-1,3020,2916,1985,6850,1822,4249,2916,1985,6860,1822,4249,444,No
230000,Female,2,2,31,0,0,-2,-1,-1,0,47906,0,0,1255,80158,81775,0,0,1255,80158,3107,2857,No
30000,Female,1,2,26,1,2,0,0,0,-1,30739,29586,29412,18587,1558,4681,0,1331,49,5,5363,8,Yes
210000,Female,2,1,30,0,0,0,0,0,0,134664,136326,135173,124843,125294,104545,6006,5005,8500,4392,4000,4000,No
250000,Male,1,2,29,0,0,0,0,0,0,51268,52542,53779,54503,55685,57985,2500,2500,2000,2000,3000,4100,No
70000,Female,2,1,34,0,0,0,0,0,0,58053,53334,54448,55700,51511,52652,2000,1999,2181,1900,2000,2142,No
20000,Female,2,2,43,0,0,0,0,0,0,20212,20749,19930,15961,20107,19275,1415,1400,421,6000,3000,13000,No
460000,Male,1,1,41,0,0,0,0,0,0,321987,318546,316330,325874,325857,327232,12000,12850,16700,11200,12000,11080,No
170000,Female,2,2,29,0,0,-2,-2,-2,-2,5155,0,0,0,0,0,0,0,0,0,0,0,No
200000,Male,2,2,31,-1,-1,-1,-1,-1,-1,7179,7626,3802,1271,1489,1260,7631,3803,1271,1489,1260,1373,No
200000,Female,1,1,32,-1,2,-1,-1,0,-1,220,110,110,11946,32836,110,0,110,11946,21000,110,0,Yes
20000,Female,2,2,30,1,-2,-2,-2,-2,-2,0,0,0,0,0,0,0,0,0,0,0,0,Yes
200000,Male,3,2,55,0,0,0,0,0,0,195507,182942,176158,159556,162943,156612,7048,6000,6000,5800,6000,6000,No
250000,Male,2,2,45,2,0,0,0,0,0,237510,241605,240337,242803,240521,245310,9076,9007,9031,9000,10011,9008,Yes
30000,Female,2,2,25,0,0,0,2,2,2,25664,26693,28456,29687,30690,31093,1448,2211,2000,1626,1049,11,No
50000,Male,1,1,44,-1,0,0,0,0,0,50404,50782,49019,20208,19677,20153,2300,1440,1000,1000,2000,560,No
90000,Male,3,1,45,0,0,0,0,0,0,13366,14394,16044,16080,16569,16744,1250,1900,600,747,599,775,No
360000,Male,1,2,34,2,2,-2,-2,-2,-2,2500,0,0,0,0,0,0,0,0,0,0,0,No
290000,Female,2,1,45,2,2,-2,-2,-2,-2,95,-6,-6,1217,1055,176,6,0,1223,1276,0,1190,No
170000,Male,1,2,24,0,0,0,0,0,2,169883,171851,158426,96704,101555,97884,6808,4625,3510,9100,0,3500,No
290000,Female,1,1,52,-1,-1,-1,0,0,-1,33765,2682,470,119955,119685,9780,2682,470,119685,0,9780,2412,No
30000,Male,3,2,39,1,2,0,0,0,0,27934,27206,28404,24865,24528,25011,0,2000,1100,1100,1042,917,Yes
360000,Female,1,1,30,1,-2,-2,-2,-2,-2,0,0,0,0,0,0,0,0,0,0,0,0,Yes
120000,Female,2,1,37,0,0,0,0,0,0,78233,53236,35222,72861,74429,60783,2015,2200,39000,2500,2400,2250,No
170000,Male,1,2,28,-2,-2,-2,-2,-2,-2,0,0,0,0,0,0,0,0,0,0,0,0,Yes
20000,Male,3,2,55,-1,3,2,0,0,-1,3413,3206,2250,1500,750,1650,0,0,0,0,1650,0,No
80000,Male,2,1,25,0,0,0,0,0,0,77199,79640,48977,49369,49778,50404,3700,1600,1600,1610,1866,1200,No
150000,Female,1,2,32,0,0,0,0,2,2,35601,36488,35729,38117,37259,33010,2003,2000,3419,13,2088,9,No
110000,Female,3,1,44,0,0,0,0,0,0,13348,70263,67431,64534,65873,66974,67431,2378,2458,2530,2338,1473,Yes
180000,Female,2,2,26,-1,-1,-1,0,-1,-1,390,390,5248,4167,780,467,390,5248,5,780,467,3513,No
520000,Female,3,1,41,-2,-2,-1,0,0,0,7322,2728,385425,387189,395445,402289,2728,415552,14000,14005,14000,15200,No
20000,Male,3,1,44,2,2,2,2,0,0,12436,12943,15428,14883,15494,16086,1000,2700,0,850,850,850,Yes
180000,Female,2,2,44,-1,-1,-1,-1,-1,-1,7432,7433,7184,7184,7344,7184,7433,7184,7184,7344,7184,7184,No
30000,Male,3,1,36,-1,-1,-1,-1,0,-1,1493,1555,390,780,390,390,1858,390,780,0,390,0,No
160000,Female,1,2,42,-1,-1,-2,-2,-2,-2,4980,0,0,0,0,0,0,0,0,0,0,0,No
220000,Male,1,2,32,-1,-1,-1,0,0,-1,17715,316,632,632,316,316,316,632,316,0,316,632,No
250000,Male,1,2,29,0,0,0,0,0,0,124442,93302,92934,94002,92826,88001,5000,5000,3500,4000,4000,5000,No
50000,Male,2,2,26,2,0,0,0,0,0,24724,49102,49885,25773,25544,26264,25000,2010,796,957,1175,0,No
340000,Female,1,2,35,-1,-1,0,0,0,0,484,15904,44852,41971,81011,38472,15904,30000,20000,50000,20000,10000,No
180000,Female,2,1,41,0,0,0,0,0,0,99925,102359,96462,96846,95549,94131,5024,4300,3500,4000,4000,3650,No
30000,Male,1,2,35,0,0,0,0,0,0,26974,28144,28280,25990,25999,26425,2000,1339,849,1125,1043,0,Yes
10000,Male,3,2,45,1,2,2,2,0,0,9503,7238,9407,8126,8838,9039,0,2310,0,1000,500,335,No
120000,Female,2,1,37,-1,-1,-1,-1,-1,-1,396,396,396,2707,3247,396,396,396,2707,3247,396,595,No
250000,Female,2,2,38,1,-2,-2,-2,-2,-2,0,0,0,0,0,0,0,0,0,0,0,0,Yes
200000,Female,1,2,39,-1,-1,0,0,-1,-1,2277,16002,13207,8738,6471,2723,16021,1005,185,6482,2731,3974,No
500000,Female,1,2,32,0,0,0,0,0,0,298809,304686,307591,312314,318647,325369,12475,12650,11354,11545,12000,11000,Yes
90000,Female,1,2,29,1,2,0,0,0,0,9370,9078,10267,10350,10564,10771,0,1500,550,529,531,550,Yes
80000,Male,3,2,38,0,0,0,0,0,0,7790,9123,10656,11474,13117,15899,1467,2000,1000,2000,3000,0,No
740000,Female,2,1,35,2,-1,-1,-1,-1,-1,960,8154,1477,15713,8988,25449,8229,1487,15754,9012,25596,7003,Yes
300000,Male,1,2,34,1,-2,-2,-2,-2,-2,0,0,0,0,0,0,0,0,0,0,0,0,Yes
210000,Male,3,1,44,-2,-2,-2,-2,-2,-2,1525,800,850,2340,2380,2694,800,850,2340,2380,2694,1530,No
230000,Male,1,1,37,-1,-1,-1,-1,-1,-1,3102,30428,5711,5770,7652,17825,30580,5739,5799,7690,17914,360,No
270000,Male,3,2,51,0,0,0,0,0,0,152979,101616,105562,6102,6741,65672,3500,4000,1000,1000,63000,3000,No
270000,Female,1,2,32,0,0,0,0,0,0,54914,55423,57875,57456,33334,31723,3000,5000,3300,1337,1500,1000,No
180000,Female,1,2,30,-2,-1,-1,-1,-1,-1,0,2647,735,2414,256,3858,2647,735,2414,256,3858,275,No
280000,Female,2,2,30,-1,-1,-1,0,0,-1,1478,-3,12353,22633,7666,10260,0,12356,11079,1447,10310,290,No
50000,Male,2,2,46,0,0,0,0,0,0,29254,26289,21751,20154,16784,17352,1737,1300,668,8000,1000,3100,No
20000,Female,2,2,26,2,2,2,0,0,0,19017,20018,19384,19405,19978,19791,1600,0,600,847,670,483,Yes
170000,Female,3,1,54,0,0,0,0,0,0,139211,136982,130585,127013,126635,127093,7020,7005,7000,6000,6000,6000,No
300000,Female,2,1,39,0,0,0,0,0,0,145138,148586,151878,123417,104922,107005,5785,6163,4728,3811,3830,3970,No
20000,Male,2,1,50,1,2,0,0,2,0,1065,675,1285,1895,1340,950,0,1000,1000,0,0,450,Yes
110000,Female,2,2,31,2,0,0,0,0,2,1472,2785,5496,7496,9298,3340,1500,3000,2000,2000,0,93665,Yes
80000,Male,2,1,54,1,3,2,2,2,0,47339,47270,46037,48457,47722,48678,967,0,3012,0,1569,1396,No
80000,Female,1,2,23,0,0,0,0,0,0,69584,66342,60514,48965,29648,28737,2519,1838,1434,1015,1505,663,No
60000,Female,2,1,48,0,0,0,-1,0,0,58794,59987,33908,19513,17281,16802,7296,1903,19513,759,851,390,No
30000,Male,2,2,27,0,0,0,0,0,0,18951,17298,14793,15566,15014,15413,1270,1300,1000,1000,800,1000,No
40000,Male,1,2,26,0,0,2,2,2,0,39723,12302,9369,22949,11188,13306,10000,92,15000,0,3000,4000,No
180000,Female,3,1,43,1,-1,-1,-1,-1,-1,0,2602,498,498,1835,11337,2602,498,498,1835,10000,380,Yes
290000,Male,2,1,50,1,-2,-2,-2,-2,-2,0,0,0,0,0,0,0,0,0,0,0,0,No
50000,Female,1,2,26,3,2,2,2,2,0,27056,27031,28317,28568,27302,28171,700,2062,969,700,1500,1500,Yes
20000,Male,2,1,36,0,0,0,0,0,0,20710,21790,21017,19772,15628,12501,1739,1453,691,512,1430,0,No
360000,Male,1,2,30,-1,-1,-1,-1,-1,-1,30627,4297,2720,2040,2722,5057,4318,2740,2050,2736,5273,5105,No
90000,Female,3,1,33,0,0,0,0,0,0,86960,85585,87235,84511,84488,86184,3200,3114,3000,3100,3100,3500,Yes
450000,Male,1,1,48,-2,-2,-2,-2,-2,-2,20938,80176,37417,22048,20926,13187,80191,37417,22080,20926,13337,88744,No
400000,Female,1,2,27,-1,-1,-1,-1,-1,-1,2691,426,426,27926,0,430,426,426,27926,27500,430,3504,No
50000,Female,2,1,30,-1,2,-1,-1,-1,-1,4959,423,3139,2464,6170,0,0,6024,5428,6170,0,0,No
420000,Female,2,1,50,0,0,0,0,0,0,405779,412684,411394,277995,249697,258353,16000,15000,182781,99000,13000,35000,No
390000,Female,1,2,35,0,0,0,0,0,0,245997,243904,244361,243287,247613,246330,10800,9110,10000,9200,9000,15000,Yes
200000,Female,2,1,40,-2,-2,-2,-2,-2,-2,39929,32910,17965,9846,13621,10466,33000,18000,9900,13650,10500,9900,No
130000,Male,1,2,29,0,0,0,0,0,0,110524,108204,99784,71451,67024,62655,10000,5000,4000,4000,7500,8200,No
360000,Female,1,2,36,-1,-1,-1,-1,-1,-1,1365,2703,863,390,390,3540,3000,1000,1000,390,3540,390,No
290000,Male,2,1,46,0,0,0,0,0,0,196566,168372,171699,133147,135147,127087,7800,7839,4706,5400,4604,4900,No
120000,Female,2,2,24,0,0,0,0,0,2,112336,113351,115515,113948,122127,121962,4200,4100,4100,10000,4560,0,No
40000,Female,1,2,24,0,0,0,0,2,0,35225,35939,36606,38687,37296,38181,1933,1600,3000,0,1500,1500,Yes
500000,Male,1,1,42,-2,-1,0,0,-2,-2,5121,29478,43892,6420,49240,6772,31305,43864,6453,49470,3723,103686,No
150000,Female,1,1,36,-2,-2,-2,-2,-2,-2,16228,29414,4975,3960,2914,1068,30745,4975,5017,2914,1250,4734,No
240000,Female,1,2,26,-1,2,-1,-1,0,-1,1611,1435,2236,3166,1925,3326,14,2236,3166,0,3326,490,Yes
80000,Male,3,2,44,0,0,0,0,0,0,10350,10993,11865,11549,11549,11231,1199,1461,535,700,500,0,No
220000,Female,1,1,48,-1,-1,-2,-2,-2,-2,3467,3327,839,-3,1856,1528,3340,840,3,1859,2134,1648,No
110000,Female,1,1,31,-2,-2,-2,-2,-2,-1,0,0,0,0,163,63755,0,0,0,163,63755,2000,No
220000,Female,2,1,52,0,0,0,0,0,0,52536,53624,43462,36222,19055,3098,4151,16992,5225,2000,1000,83020,No
70000,Female,3,1,42,0,0,0,0,0,0,6489,9372,11179,8688,8295,10147,3000,2000,295,1000,2000,1000,No
50000,Female,2,1,27,1,2,2,2,2,2,15345,14812,16696,16134,17380,16958,0,2137,0,1503,0,800,No
200000,Female,1,2,32,-1,-1,-1,-1,-1,-1,34500,10706,3835,12559,6764,7700,36659,3835,12559,6764,7700,4,No
220000,Male,3,1,42,-1,-1,-1,-1,-1,-1,285,825,0,1230,3227,3820,825,0,1230,3227,3820,3650,No
350000,Female,1,1,43,-1,-1,-1,0,-1,-1,6337,4300,16229,56929,7082,4640,4300,16229,45000,108501,4640,638,No
80000,Female,3,2,24,2,0,0,0,0,0,58850,59867,47925,23642,21707,20544,2700,4500,1000,933,5000,500,No
50000,Female,2,2,56,0,0,0,0,0,0,48316,34161,33751,22467,19927,20352,1700,1760,898,864,900,998,No
200000,Male,1,2,32,-1,-1,-1,-1,-1,-1,396,396,396,396,396,396,396,396,396,396,396,396,No
60000,Female,3,1,31,0,0,0,0,0,0,27347,22915,22243,20938,22486,21394,5000,7243,5000,5000,5394,16000,No
50000,Male,3,1,49,0,0,0,-2,-2,-2,50180,51400,0,0,0,0,2400,0,0,0,0,0,Yes
360000,Female,1,2,33,-1,-1,-2,-1,-1,-2,7831,0,0,764,0,2844,0,0,764,0,2844,2219,No
30000,Female,3,2,50,-1,-1,2,-1,-1,-2,178,1860,940,1110,0,0,1860,0,1110,0,0,0,Yes
90000,Female,2,2,32,2,3,2,3,2,2,76442,76633,78174,78800,77417,82369,2000,3400,2500,0,6250,3100,No
100000,Male,6,2,51,2,0,0,0,0,0,101658,97937,98893,101044,96045,97227,4134,3952,3611,3298,3401,3415,No
200000,Female,3,2,49,0,0,2,0,0,0,196272,209034,203592,194238,192451,196355,17500,0,7000,7350,7300,11500,No
300000,Female,1,1,26,-1,-1,0,0,-1,-1,1946,2612,3408,1908,1108,530,2612,1914,0,1108,530,100,Yes
10000,Male,3,1,30,0,0,3,2,0,0,8315,11267,10626,10160,10052,9635,3258,0,0,357,400,300,No
400000,Male,2,2,44,0,0,0,0,0,0,6902,7904,7566,7716,7722,7890,1216,1213,363,219,234,159,No
130000,Female,3,1,34,1,2,2,2,2,0,126701,129388,130768,131858,125874,127988,6200,5000,4732,0,5000,5000,Yes
180000,Male,2,2,50,-1,-1,-1,-1,-1,0,1156,396,776,776,1552,776,396,776,776,1552,0,776,No
370000,Female,3,2,27,0,0,0,0,0,0,63412,159542,160885,162368,165591,121614,100000,6000,6000,8000,4500,3000,No
60000,Female,1,2,46,0,0,0,0,0,2,30073,18385,20732,21196,23175,22724,3000,3000,1000,3000,0,3500,No
210000,Female,1,2,29,0,0,0,0,0,0,205131,197019,196021,103522,145487,141876,10000,4720,50075,110000,10000,10000,No
70000,Female,3,1,46,0,0,0,2,2,2,11332,12093,13891,13371,14654,14271,1250,2000,0,1500,0,600,Yes
20000,Female,1,2,33,1,3,3,2,2,2,16180,16635,16082,15529,16525,16110,1000,0,0,1400,0,1504,No
200000,Female,1,2,35,0,0,0,0,0,0,99291,87757,82417,83877,82814,35484,2742,3000,2018,2743,1578,9013,No
130000,Female,2,1,30,0,0,0,0,0,-2,21996,19730,20456,20783,-290,-680,3000,3000,2000,0,0,1000,No
120000,Male,2,1,38,1,2,2,2,2,2,116344,111960,115804,92542,83581,61650,0,6781,0,5550,0,0,No
30000,Female,3,1,54,2,2,2,0,0,2,23498,26400,25682,26155,27972,27374,3600,0,1200,2400,0,2300,Yes
480000,Female,2,2,39,0,0,0,0,0,0,502904,481990,476680,402695,362128,347271,180000,17000,12638,12058,11101,9567,No
100000,Male,1,2,39,-1,-1,-1,-1,-1,-1,1442,1261,1411,1411,1075,1139,1261,1411,1411,1075,1500,0,No
270000,Female,1,1,43,-2,-2,-2,-2,-2,-2,1626,1443,1443,1443,9629,1773,1443,1443,1443,9629,1773,14524,No
40000,Female,3,1,55,2,2,7,7,7,7,2400,2400,2400,2400,2400,2400,0,0,0,0,0,0,Yes
180000,Female,2,2,34,1,2,0,0,0,0,180373,176063,175324,177197,181041,180044,0,7632,6083,6671,7515,6413,No
240000,Male,2,2,25,2,0,0,0,0,0,178878,181717,165662,144277,112210,116047,6095,4729,5682,5500,5000,16290,Yes
210000,Female,1,1,38,-1,-1,-1,-2,-2,-2,4868,13118,16114,3353,10775,2938,13174,16114,3353,10775,3000,16520,No
230000,Female,3,1,44,-1,-1,-1,-1,-1,-1,1424,6534,3733,1443,1443,1435,6553,3756,1443,1443,1435,2965,No
50000,Female,2,2,24,-1,-1,-2,-2,-2,-2,2675,0,0,0,0,0,0,0,0,0,0,0,Yes
250000,Female,1,2,41,1,3,2,0,0,-1,4649,3964,3281,934,467,12871,0,10,0,0,12871,0,No
160000,Male,2,1,35,-2,-2,-1,-1,-2,-2,1822,2229,7110,1539,-1,1238,2229,7116,1539,0,1240,598,No
210000,Male,2,1,29,-1,-1,-1,-1,-1,-1,1685,6644,3584,1756,732,730,6715,5800,6256,732,730,3050,No
260000,Female,1,2,29,0,0,0,0,0,0,203896,196219,188608,172722,159826,146891,7282,6486,5712,5647,5386,5000,No
310000,Female,2,1,32,0,0,0,0,0,0,73491,76452,78736,80590,82453,84252,4000,4000,3000,3000,3000,5000,No
50000,Female,3,1,42,0,0,0,0,0,0,50427,48115,46991,47276,47870,47865,6506,2607,3312,13107,2648,0,Yes
360000,Female,1,2,30,-2,-2,-2,-2,-2,-2,750,1166,398,0,418,1840,1166,398,0,418,1840,0,No
50000,Female,1,2,24,0,0,0,0,0,0,49144,48202,43656,29466,29936,30350,1837,1462,1038,1086,1069,1034,No
240000,Male,2,1,44,0,0,0,0,0,0,199446,200899,205084,194800,183962,188496,7500,10006,7000,7000,8000,7000,No
500000,Male,3,1,49,0,0,0,0,-2,-2,74919,70287,10546,-4729,-10505,-14433,1862,1074,4753,5475,3751,28598,No
150000,Female,1,1,40,0,0,0,0,0,0,152880,151333,151264,146328,148012,151014,6000,10031,4630,4918,9000,5104,No
160000,Female,2,1,38,-1,-1,-1,-1,-1,-1,316,316,316,316,316,316,316,316,316,316,316,316,No
410000,Female,2,2,42,0,0,0,-1,-1,0,37492,33535,7267,14190,132106,289397,1625,1031,14224,132116,163020,10014,No
50000,Female,3,2,63,2,2,2,2,0,0,51432,50316,50866,48194,47233,50224,0,3600,0,3000,5001,2000,No
170000,Female,1,2,29,0,0,0,-1,0,0,115194,111991,22499,25015,34343,53403,10000,10000,25015,10000,20000,20000,No
230000,Male,1,1,46,2,2,2,2,2,0,193112,197039,200300,203018,199689,202833,8500,8000,7500,0,6622,20200,Yes
20000,Male,2,2,30,1,2,0,0,2,0,17819,17244,18938,19836,19390,19664,0,2000,1500,0,1000,1500,Yes
400000,Male,3,2,35,-1,-1,-1,-2,-2,-1,92,101,-42,-42,-42,1058,101,0,0,0,1100,1100,No
340000,Female,1,2,29,0,0,0,0,0,0,82922,81084,74530,66897,64699,35540,3600,2962,2500,1800,1000,1000,No
90000,Male,3,1,31,1,2,2,3,5,5,63276,61693,75670,83772,83401,81487,0,15000,10000,1500,0,1500,Yes
140000,Female,1,2,32,-2,-1,0,0,0,0,0,10626,11579,10165,13067,92743,10626,1154,1000,3067,80000,3015,No
280000,Female,2,1,27,-2,-2,-2,-2,-2,-2,747,0,5737,922,107,980,0,5737,922,107,980,648,No
180000,Female,2,1,40,-1,-1,-1,0,0,2,632,316,166,6988,6822,466,316,166,6822,466,0,632,No
500000,Male,1,1,53,1,1,-1,0,-1,0,7196,-1189,4639,2800,854,10854,0,7439,0,854,10000,13313,No
360000,Female,1,1,34,-2,-2,-2,-2,-2,-2,9100,15658,1874,6330,-200,-200,15658,1874,6330,0,0,0,No
50000,Male,1,2,23,0,0,0,0,0,0,8003,9025,9868,9406,9605,9805,1310,1153,400,350,360,350,No
220000,Male,1,1,55,-1,-1,-2,-1,-1,-1,1782,0,0,80737,5381,2232,0,0,80737,5381,2232,121953,No
500000,Male,1,1,35,0,0,0,0,2,0,143839,117883,100809,104716,101568,92150,4844,5095,7229,0,2843,1200,No
100000,Male,2,2,41,-1,-1,-2,-2,-2,-2,780,0,0,0,0,0,0,0,0,0,0,0,No
20000,Female,1,2,29,-1,-1,-2,-1,0,-1,3417,-802,-1282,1718,1238,1831,4,0,3000,0,1831,1500,Yes
80000,Female,3,1,26,0,0,0,-1,0,0,76118,78451,55339,25374,20054,20249,4196,3569,26022,504,1000,133,No
160000,Female,1,1,38,-1,-1,-1,-1,-1,-1,827,827,827,827,827,827,827,827,827,827,827,827,No
240000,Male,2,1,39,1,-1,-1,-1,-1,-2,0,1263,-13,1667,-300,-300,1263,0,1680,0,0,1442,No
450000,Male,3,1,36,-1,-1,-2,-2,-2,-2,550,0,0,0,0,0,0,0,0,0,0,0,No
50000,Male,3,2,39,0,-1,-1,2,0,0,34390,810,19009,18035,18364,18670,810,51000,0,1000,1000,1000,No
150000,Male,2,1,37,0,0,0,0,0,0,27707,28434,29356,30777,32193,32589,1477,1489,2000,2000,1169,1194,Yes
290000,Female,2,1,36,0,0,0,0,0,0,154336,125684,111298,82204,82792,83832,3600,3010,3000,2500,3000,2500,No
80000,Male,3,1,38,-1,-1,2,2,-2,-1,197,2348,1260,0,0,16640,4568,352,0,0,16640,0,No
50000,Male,2,2,45,3,2,3,2,4,3,25867,29133,28371,31208,30149,29375,4000,0,3600,0,0,0,Yes
500000,Male,2,1,42,0,0,0,0,0,0,114374,130999,153648,172515,178758,192589,50012,51343,70000,70000,80000,50000,No
500000,Female,1,1,39,-2,-2,-2,-2,-2,-2,3220,0,15040,35498,19508,21199,0,15040,35498,19508,21199,10894,Yes
200000,Female,3,1,40,0,0,0,2,0,0,44600,42954,44318,32010,33271,34297,3000,6032,0,3000,3000,3000,No
30000,Female,3,1,22,2,2,0,0,0,0,30678,29893,29086,25352,25096,24920,1,1957,678,684,776,235,No
80000,Female,3,1,51,-2,-2,-2,-2,-2,-2,387,2120,15094,4140,747,1053,2126,15094,4173,747,1053,0,No
50000,Female,1,1,50,1,2,0,0,0,0,50175,48275,49646,44051,45912,45383,0,7775,3000,3000,5000,3000,No
50000,Male,2,1,31,0,0,0,2,2,2,42159,43172,46450,45402,48677,47740,2000,4000,0,4000,0,2300,Yes
280000,Female,2,2,38,0,0,0,0,0,0,94451,96041,98301,74624,75173,77419,4000,4033,3000,3300,3500,6259,No
260000,Female,2,1,48,1,-2,-2,-2,-2,-2,0,0,0,0,0,0,0,0,0,0,0,0,No
30000,Female,2,2,22,1,-1,0,0,0,0,-802,19786,20517,13167,10686,10074,21286,1154,413,372,500,1225,No
210000,Female,1,1,28,1,-2,-2,-2,-2,-2,0,0,0,0,0,0,0,0,0,0,0,0,No
50000,Female,2,1,31,0,0,0,2,0,0,45074,46546,48945,47994,48704,41189,2201,3600,0,1500,1500,1531,Yes
20000,Female,2,1,29,0,0,0,0,0,0,10747,11558,9961,10310,10372,9838,1317,1150,499,361,573,193,No
310000,Female,1,1,47,0,0,2,0,0,0,131559,135970,121016,111214,101957,92805,17839,0,5000,4000,4000,3000,No
100000,Female,2,1,42,1,-2,-2,-1,-1,-1,0,0,0,1054,1230,1054,0,0,1054,1230,1054,1054,No
180000,Female,2,2,36,0,0,0,0,0,2,161159,151558,154648,156584,166960,164012,7000,7100,6000,13100,0,6000,Yes
100000,Male,1,2,26,0,0,0,0,0,0,18999,23699,9390,5781,8065,17277,5129,1227,1000,5914,10000,0,No
240000,Female,2,2,46,0,0,0,0,0,0,128272,131718,135075,134705,143883,145643,5500,6004,3000,10500,4000,2000,No
200000,Male,2,2,45,0,0,0,0,0,0,200996,194699,183344,153880,155359,158776,9200,9000,8000,6000,6000,6000,No
230000,Female,3,1,43,-2,-2,-2,-2,-2,-2,1099,2508,976,416,416,416,2508,976,416,416,416,416,No
110000,Female,3,2,27,0,0,0,2,0,0,28686,32765,27864,25691,28257,24161,5000,7000,0,10000,4161,5000,Yes
230000,Female,1,2,34,1,-1,0,-1,-1,-1,1103,16234,68813,4427,13882,41463,16286,65280,4446,13949,41660,9005,No
80000,Female,1,1,45,1,2,0,0,2,0,74081,72329,74409,78180,76831,79570,0,3300,5600,0,4000,4000,Yes
200000,Female,1,1,33,1,-2,-2,-2,-2,-2,0,0,0,0,0,0,0,0,0,0,0,0,No
80000,Female,3,2,51,0,0,0,0,0,0,77499,77838,77790,80528,23567,25171,3000,3013,4000,2000,2000,2000,No
120000,Female,1,1,31,-1,-1,2,0,0,-2,413,4480,2080,2280,0,0,4269,0,200,0,0,0,No
100000,Female,1,1,45,1,-1,-1,-2,-2,-2,0,5220,0,0,0,0,5220,0,0,0,0,0,Yes
210000,Female,1,2,34,-1,-1,-1,-2,-1,-1,300878,2250,0,0,692,1560,2250,0,0,692,1560,1838,No
300000,Female,1,2,26,-1,-1,-1,-1,-1,-1,3853,1946,790,3569,657,0,1946,790,3569,657,0,3412,No
70000,Female,2,2,49,-1,-1,-1,0,-1,0,390,390,772,390,780,390,390,772,8,780,0,989,No
30000,Female,2,2,40,-1,-1,-2,-2,-1,-1,944,-764,-1202,-2230,6770,9579,0,0,0,9000,4653,0,No
30000,Female,2,1,51,0,0,0,0,0,0,10874,11896,12906,13162,13438,13705,1205,1215,471,488,491,508,No
80000,Female,2,1,30,0,0,0,0,0,0,83093,78682,77416,53338,53749,51026,3204,3060,3000,2000,2000,8500,No
180000,Female,1,1,37,-1,-1,-1,-1,-1,-1,29206,16231,8392,25062,13088,23174,16231,8405,25062,13088,23174,8556,No
360000,Female,1,1,28,0,0,0,0,0,-2,164857,192513,178030,117997,0,0,30650,9300,6000,0,0,0,No
50000,Male,2,1,46,0,0,0,0,0,0,48885,48793,34440,30889,30182,29912,2000,2500,2000,1500,5000,1500,No
170000,Male,5,1,35,0,0,0,0,0,0,91109,88263,89620,90797,47200,47707,6006,4400,3827,2200,2500,2331,No
230000,Female,2,1,40,-2,-2,-2,-2,-2,-2,0,0,0,144,225,0,0,0,144,225,0,0,No
500000,Male,1,1,44,-1,-1,-1,-1,-1,-1,6723,17385,32046,32530,18896,17049,17410,32077,32579,18914,17069,16738,No
30000,Male,2,2,26,3,3,2,2,2,2,12894,12404,12408,11912,13707,14328,0,500,0,2000,1000,1000,Yes
120000,Male,1,2,31,-1,-1,-1,-1,-1,-1,1316,1316,1316,533,4116,9834,1316,1316,533,4116,9834,7100,Yes
200000,Male,1,2,38,-2,-2,-2,-2,-2,-2,3388,-12,1081,1884,2089,7097,0,1093,1893,2097,7132,488,Yes
60000,Female,3,1,38,0,0,0,0,-1,-1,26583,24825,23027,12947,390,700,1864,1206,259,390,700,13628,No
140000,Male,2,2,39,1,2,2,0,0,0,143673,146921,143084,142011,136431,128118,7000,0,6000,5200,5000,5000,No
50000,Male,3,2,44,0,0,0,0,0,-2,40151,38951,28984,29422,0,0,2000,2000,2000,0,0,0,No
90000,Female,2,1,35,-1,-1,-1,-1,-1,-1,6574,3997,5740,27384,3665,26721,4192,5743,27391,3667,26724,1799,No
150000,Female,1,2,28,-1,-1,-1,-2,-1,-1,893,2300,0,0,2222,0,2300,0,0,2222,0,0,No
250000,Female,3,2,29,-2,-2,-1,-1,-1,-1,686,0,947,7385,3806,22319,0,947,7385,5301,46660,2964,No
100000,Female,2,2,24,2,0,0,2,2,-1,17938,20486,21644,9209,6495,78080,2842,3000,0,6000,80900,0,Yes
320000,Male,1,1,43,-1,0,0,0,0,0,18625,28143,32159,31851,3105,-45,10000,5000,0,0,0,0,Yes
50000,Male,3,2,31,0,0,0,0,0,0,49415,49547,15464,15701,12192,12515,1278,1195,432,443,526,291,No
90000,Female,1,2,28,1,2,2,2,2,0,56889,55407,64428,64767,65579,67328,0,10000,2000,2000,3000,3000,Yes
250000,Male,2,2,42,0,0,0,0,0,0,212787,218035,223068,228051,233072,237879,9000,9000,9000,9000,9000,9000,No
120000,Female,2,2,27,0,0,0,0,0,0,110686,103869,90809,67313,16040,116654,7000,5000,5000,4000,110000,4593,No
140000,Female,3,2,24,0,0,0,0,0,0,126546,124926,111220,75706,69278,58589,4922,3910,4604,4000,3000,4000,No
500000,Male,1,1,33,-1,-1,-1,0,0,-1,1901,3800,5239,5239,1559,2680,3800,5239,0,0,2680,299,No
30000,Male,2,2,24,1,2,-1,-1,-1,-1,2706,1261,390,390,390,390,0,390,390,390,390,780,No
80000,Male,1,1,41,2,2,2,2,2,2,79950,82956,83656,84457,83897,80159,4900,3000,3000,3100,0,11000,Yes
320000,Male,1,1,40,1,-1,-1,-1,-1,-1,14,1200,2987,-13,2670,-4,1205,3002,0,2683,0,0,No
600000,Male,2,1,50,0,0,0,0,0,0,225274,230414,237135,241033,246081,250971,8773,10561,8629,8934,8984,9306,Yes
200000,Female,2,2,36,2,2,2,2,2,2,76308,78669,75995,79781,81533,80243,4000,0,5500,3000,0,6100,Yes
240000,Female,2,2,39,1,2,0,0,0,0,228610,182982,150022,151787,154922,159113,0,7000,5000,5000,6000,6000,No
30000,Male,2,1,54,0,0,0,0,3,2,6551,8482,10184,12408,11922,12167,2049,1851,2400,0,587,0,No
20000,Male,2,2,33,0,0,-1,-1,-1,-1,14765,6371,4150,988,390,1935,1000,4150,988,390,1935,1316,No
130000,Female,1,2,32,0,0,0,0,0,2,132105,130973,97006,60608,62065,60842,8000,4559,5000,5000,0,6000,No
470000,Female,1,1,46,0,0,0,2,0,0,42974,45277,54321,52932,46712,45537,3000,10000,0,6000,5000,10000,No
50000,Female,1,2,29,0,0,2,2,0,0,15416,17392,18446,17852,18236,20524,2233,1639,0,672,2602,2000,No
250000,Female,2,1,33,0,0,0,0,0,0,3694,4716,6126,7514,8883,12860,1090,1500,1500,1500,4200,1500,No
500000,Female,1,1,45,0,0,0,0,0,0,193083,210013,218508,230776,245546,255905,21507,15020,20007,20007,15912,26402,No
500000,Male,1,2,28,2,0,0,0,0,0,216657,174694,165203,136067,16120,93532,8508,4699,623,1590,93469,2554,No
60000,Female,1,2,25,0,0,0,0,0,0,16006,16840,18001,18048,12583,12754,1400,1500,500,700,500,1000,No
20000,Male,2,1,61,1,2,2,2,3,2,12961,13668,13145,15023,14510,13854,1209,0,2087,0,550,0,Yes
50000,Male,2,1,50,1,1,-2,-2,-2,-2,36750,0,0,0,0,0,5000,0,0,0,0,0,No
20000,Male,2,1,45,2,2,0,0,0,0,21136,20043,20192,19459,36290,19774,11,2505,2000,3000,1203,500,Yes
140000,Male,1,2,27,0,0,0,0,0,0,7845,12338,13919,14019,4347,4729,5000,3000,300,500,4000,6000,No
80000,Female,2,1,53,0,0,0,0,0,0,31333,32365,33380,34043,34756,35448,1541,1556,1219,1262,1270,1314,No
110000,Female,2,1,29,0,0,0,0,2,0,106302,108590,107414,108887,107145,102075,5500,5224,7641,0,3785,3668,No
360000,Female,1,2,39,-2,-2,-2,-2,-2,-2,3377,37305,5721,11379,7939,7081,37500,5749,11436,7978,3566,6109,No
50000,Female,5,2,21,0,0,0,0,0,0,1211,3173,7076,7729,9442,9887,2000,4000,2000,2000,1000,2000,No
50000,Female,2,1,38,-2,-2,-1,0,0,2,18750,0,31288,27335,30626,29921,0,95000,1000,3700,16,518,No
300000,Female,2,1,49,-1,-1,-1,0,0,0,300,97,6497,5897,6005,0,97,6500,0,408,0,30000,No
360000,Male,1,1,29,0,0,0,0,0,-1,55104,52585,45914,8835,3421,2391,2094,1760,204,17,2403,0,No
60000,Female,2,2,23,0,0,0,2,2,0,27104,28179,30586,30885,30268,30103,1500,2867,1080,0,1319,2200,No
30000,Male,2,2,29,0,0,-1,-1,0,-1,7965,3101,3126,7365,3245,828,1000,3126,7365,0,828,8511,No
120000,Male,1,2,28,0,0,2,2,0,0,9383,16571,16607,16043,16379,16706,7703,600,0,595,599,619,No
50000,Female,1,2,26,-1,-1,-1,-1,-1,-1,1389,722,179,10100,13285,5489,722,179,10100,13285,5489,0,No
150000,Female,2,1,40,-1,0,0,0,0,0,4083,10193,12620,13027,17760,83146,6248,4620,3027,7050,75415,6056,No
50000,Female,2,2,23,2,2,-2,-2,-2,-1,4338,0,0,0,0,74,0,0,0,0,74,390,Yes
50000,Female,2,2,23,0,0,0,0,0,0,50105,51099,50269,28553,30196,30208,2205,2204,1000,2013,5004,2009,No
50000,Female,2,1,39,-1,-1,-1,-1,-1,-1,390,390,390,390,390,390,390,390,390,390,390,390,Yes
550000,Female,1,2,28,0,0,0,0,0,0,257553,251236,246572,240595,237968,220199,12036,9071,8022,6797,7095,6469,No
110000,Male,3,2,49,0,0,0,0,0,0,113928,112775,110399,48532,44703,47869,4915,4379,12466,5000,5307,5000,No
160000,Female,2,1,27,-1,0,0,0,0,0,86772,71275,54769,39137,26971,3426,2805,1487,958,539,1000,390,No
200000,Female,1,2,32,0,0,0,0,2,0,219146,212111,206307,204787,195475,191626,7950,7700,11800,4000,10000,10000,No
300000,Male,1,2,29,-1,-1,-1,-1,-1,-1,696,696,696,696,696,696,696,696,696,696,696,696,No
150000,Female,2,2,28,0,0,0,0,0,0,86787,89610,86738,75859,74108,75898,5120,4021,2500,3000,2800,1700,No
90000,Male,6,1,57,-2,-2,-2,-2,-2,-1,0,0,0,0,0,585,0,0,0,0,585,0,No
360000,Female,1,1,33,-1,-1,-1,-1,-1,-1,10571,11174,10000,10000,18335,18889,11174,10000,10000,18335,18889,19775,No
150000,Male,1,2,28,0,0,0,0,0,-2,6065,9606,3425,3425,0,0,5000,1000,0,0,0,53082,Yes
100000,Female,2,1,34,-1,2,-1,-1,0,0,296,148,620,296,148,0,0,620,296,0,0,563,No
180000,Female,1,2,26,-2,-2,-2,-2,-2,-2,4312,2117,5944,2102,10214,0,2117,5944,2102,10214,0,0,No
270000,Male,2,1,39,0,0,0,0,0,0,110917,114809,113771,103023,108340,96962,7005,6039,3367,20033,3486,3566,No
60000,Male,2,2,53,0,0,0,0,0,0,56765,57849,57432,27126,27579,29085,3000,4000,2000,2000,2000,2000,No
220000,Female,2,1,33,2,2,0,0,0,0,223904,211137,197721,181231,182649,182644,0,8240,6549,6605,6490,6319,Yes
200000,Male,1,2,60,-1,-1,-1,-1,-1,-1,12716,12453,21910,12474,17785,12500,12453,21957,12474,17811,12500,0,No
120000,Female,2,2,54,0,0,0,0,0,0,20157,19295,13531,10129,11581,12782,2000,1500,1500,2000,1782,2000,No
500000,Male,1,2,43,-1,-1,-1,-1,-1,-1,37575,105652,51072,77094,77669,42059,107243,52090,78372,78949,42985,62793,No
50000,Male,5,2,26,1,-2,-2,-2,-2,-2,0,0,0,0,0,0,0,0,0,0,0,0,No
30000,Male,5,2,38,0,0,-2,-2,-2,-2,30000,-720,-720,-1500,0,0,0,0,0,1500,0,0,No
50000,Male,2,1,35,0,0,0,0,-1,0,49008,49198,34239,14448,28799,29199,2171,2021,930,31074,1503,1030,No
20000,Female,2,1,50,2,-1,2,-1,-1,2,390,780,390,549,1320,780,780,0,549,1320,0,0,Yes
240000,Female,1,2,27,1,2,0,0,0,0,21260,20643,38552,18580,12773,5423,0,19000,437,1000,1000,5503,No
30000,Male,1,2,28,0,0,0,0,2,0,10480,11503,12513,13804,13442,14066,1199,1209,1500,0,1000,1500,Yes
70000,Female,3,1,45,0,0,0,0,0,0,69877,68751,69744,50190,49603,49469,2600,2215,2000,1800,2000,2000,No
50000,Female,3,1,25,2,0,0,0,0,-1,49805,50654,41776,17083,9412,1038,2025,2062,2016,1022,1388,19000,Yes
500000,Female,1,2,28,2,0,0,2,0,0,98541,102052,111690,78070,78376,80912,6000,13151,0,3000,5000,10000,Yes
170000,Male,1,1,41,0,0,0,0,0,0,56742,49176,41969,37409,36214,30798,5019,10041,5012,5024,5012,11174,No
20000,Female,3,2,22,-1,-1,-1,-1,-1,-2,390,390,0,780,0,0,390,0,780,0,0,0,No
100000,Female,2,2,27,0,0,0,0,0,0,94656,88758,90357,89209,84983,81484,4171,4044,3420,3300,3886,2730,No
20000,Male,1,2,23,1,2,0,0,2,0,18551,17469,18414,20234,18438,18225,0,1576,2396,0,1200,2500,No
50000,Male,1,1,41,1,2,0,0,0,0,48063,46565,38617,8999,8870,5876,0,1906,500,500,300,1000,Yes
20000,Female,3,3,43,1,2,-1,0,-1,-1,4094,1683,2924,1462,1462,6105,0,2924,0,1462,6105,0,No
190000,Male,2,2,36,0,0,0,0,0,0,58107,60172,62206,63612,65422,67334,3000,3034,2439,3000,3000,3000,No
20000,Male,2,1,35,-1,0,-1,-1,-1,-1,4966,3120,2549,2696,1188,2677,1200,2549,2696,1188,2677,3241,No
220000,Male,1,2,31,0,0,0,0,0,0,75538,78315,80361,82199,84782,87284,4000,4000,4000,4000,4000,4000,No
20000,Female,2,2,34,-1,-1,-1,-1,-1,-1,780,0,390,390,390,12190,0,390,390,390,12190,780,No
140000,Female,3,1,32,0,0,0,0,0,0,88966,39565,41284,45793,40782,32283,3000,3000,10000,1400,1660,2000,No
210000,Female,1,1,50,-1,-1,-1,-1,-1,-1,90,90,90,90,180,90,90,90,90,180,0,90,Yes
220000,Female,1,2,36,-1,-1,-1,-1,-1,-1,5385,5337,5484,5342,5618,5236,5363,5511,5368,5646,5262,3894,Yes
50000,Male,2,2,25,-1,3,2,0,0,0,10695,10386,9993,9993,15300,0,0,0,200,5307,0,0,Yes
230000,Female,1,2,24,1,2,0,0,2,0,20887,18705,17295,18335,9320,1858,0,1200,3000,0,254,1637,No
20000,Male,3,2,23,-1,0,0,0,0,0,9525,16977,18546,18846,18066,17463,8000,2000,900,0,1000,0,No
210000,Female,1,2,31,0,0,0,0,0,0,140839,119171,119680,118070,111841,111716,4500,6000,5102,5000,5000,4000,No
210000,Male,1,2,26,0,0,0,0,0,0,204824,209873,214775,111893,107697,105578,10000,10000,5000,4000,4000,4000,No
10000,Male,1,2,38,0,0,-1,-1,-1,-1,8188,6780,390,390,0,780,1000,390,390,0,780,0,No
100000,Female,2,2,28,-1,-1,-1,-1,-1,-1,1215,1042,1042,1004,1612,622,1042,1042,1004,1650,622,622,Yes
30000,Male,2,2,23,0,0,0,0,0,0,27044,28384,29037,29667,29669,29995,2000,1427,1291,1029,1229,549,No
300000,Male,1,1,40,-1,2,2,-2,-2,-2,7111,7111,0,0,0,0,0,0,0,0,0,0,No
140000,Male,1,2,29,0,0,0,0,0,0,60764,62782,63636,65570,67354,69073,3000,2500,3000,3000,3000,3000,No
50000,Male,2,3,35,0,0,0,0,0,0,4943,49411,48859,10076,8442,8610,45200,1285,332,306,308,173,Yes
200000,Male,2,1,40,0,0,-1,0,0,0,1296,2035,120921,126429,85500,81305,2564,124500,8000,3500,4000,3000,No
260000,Male,1,2,33,-1,-1,-1,-2,-1,-1,1025,799,-1,-1,358,492,803,0,0,359,494,0,No
250000,Male,2,1,52,2,2,2,0,0,2,29086,33288,32459,34600,36539,38287,5000,0,3000,2500,2500,0,Yes
500000,Female,1,1,52,-2,-2,-2,-2,-2,-2,144430,50001,62622,166818,78909,40268,50133,62646,166853,79331,40268,66607,No
60000,Female,3,1,44,2,0,0,0,0,0,32202,29503,29538,29971,29798,28679,1802,1737,1170,1189,1230,1100,Yes
360000,Female,2,2,25,-1,-1,-1,-1,-1,-1,442,442,442,442,434,442,444,444,444,436,452,886,No
90000,Female,2,1,41,1,1,-2,-2,-2,-2,28636,-2364,-2364,-2364,-2364,-2364,0,0,0,0,0,0,Yes
150000,Male,2,2,23,0,0,-1,0,0,0,151686,147474,7474,8173,87500,89731,3000,120000,823,80000,3684,4500,Yes
130000,Male,1,2,54,1,-2,-1,0,0,0,0,0,6244,11108,11428,12233,0,6244,5000,500,1000,1000,No
120000,Male,2,1,52,0,0,0,0,0,0,125022,127457,121408,119070,121696,119138,4509,9496,4252,4535,4304,4536,Yes
160000,Male,2,2,29,0,0,0,0,0,0,128809,127595,115094,111678,105336,104306,5000,4000,5000,4000,3603,4200,No
500000,Male,3,1,37,0,0,0,0,0,0,89574,91782,90989,83633,84491,85522,5053,6052,5038,7029,8018,4022,No
120000,Male,2,1,51,0,0,0,0,0,2,115771,118818,119395,108802,99988,84253,5829,5900,4100,7100,0,17400,Yes
50000,Male,2,2,35,0,0,0,0,0,0,41970,31319,18172,18687,19234,19552,1291,1303,818,1000,787,559,No
30000,Male,2,3,27,0,0,-1,0,0,0,14935,9000,13358,19332,18149,11743,4500,13358,18154,796,484,432,No
50000,Male,1,2,25,0,0,0,0,0,2,19456,20486,21241,21788,23281,22756,1645,1400,900,2000,0,1000,No
80000,Female,1,1,38,2,-1,0,0,-1,0,389,754,1965,390,985,370,755,1800,0,985,0,399,Yes
230000,Female,1,2,27,0,0,-1,-1,-1,-1,7701,7744,6997,1386,5578,1386,2028,6997,1386,5578,1386,3495,No
50000,Male,1,1,41,0,0,0,0,0,0,46631,46929,47393,22944,24071,24397,2100,1500,824,1500,877,2796,No
340000,Female,1,2,42,0,0,0,0,0,0,374245,357516,334316,307974,318240,289763,15917,10126,1000,10521,279000,11000,Yes
170000,Male,1,2,30,-2,-2,-2,-2,-2,-2,740,740,740,740,740,740,740,740,740,740,740,740,Yes
450000,Female,2,2,32,0,0,0,0,0,0,14237,17907,14127,15988,19747,13986,5016,1139,2000,3938,1000,0,No
350000,Female,1,2,36,-1,-1,-1,-1,0,-1,655,23524,-3626,6531,4440,750,23537,5,10971,0,750,0,No
50000,Male,2,1,50,-1,-1,0,0,0,0,19061,49738,49986,8771,8628,7464,52498,1906,278,352,448,200,No
210000,Female,2,2,25,-1,-1,0,0,0,0,461,6472,83589,73689,64854,66124,13966,80000,2326,2272,3661,0,No
290000,Female,2,2,26,1,2,2,0,0,0,18099,18912,18249,20305,26615,27063,1400,0,2305,6615,1896,2358,No
180000,Female,1,2,30,0,0,2,0,0,0,174847,181556,94532,22800,96940,99550,12151,0,2000,75206,4110,1807,Yes
230000,Female,1,2,34,-1,0,0,0,-1,0,18482,22938,3569,2845,1935,6781,5000,1000,0,2000,5000,1000,No
140000,Female,2,1,27,0,0,0,0,0,0,125273,125756,111799,107375,104299,106280,6000,6000,3910,3936,3871,3841,Yes
140000,Female,1,2,26,0,0,0,0,0,0,136170,139270,137548,96340,94201,97068,6799,5100,3300,3400,7461,3498,No
80000,Female,2,1,22,-1,-1,-1,-1,0,-1,1941,2132,1667,2146,1073,2761,2132,1667,2146,0,2761,1073,No
120000,Male,1,2,28,0,0,0,0,0,0,35220,38036,38746,40107,41464,42680,3700,1640,2000,2000,2000,1800,No
400000,Female,2,2,37,-2,-2,-2,-2,-2,-2,8948,10306,22263,20511,27808,8342,10306,22263,20568,27808,8342,14187,No
70000,Male,2,1,43,0,0,0,0,0,0,93025,95655,66404,31688,17317,6270,3664,2127,618,738,125,0,No
190000,Female,2,2,39,0,0,0,0,2,0,70396,65185,53691,56997,55956,58020,5000,2000,4200,0,3000,9000,Yes
60000,Female,2,1,40,0,0,0,0,0,0,57030,48742,35628,31738,28217,29817,5000,2000,1022,1009,5000,1000,No
20000,Female,3,1,38,-1,-1,0,0,0,-1,1118,12776,11417,16449,6989,2021,12783,1000,6782,670,2021,0,No
30000,Female,3,2,50,-1,-1,-2,-2,-2,-2,665,0,0,0,0,0,0,0,0,0,0,0,Yes
450000,Male,1,1,41,-1,-1,-2,-2,-2,-2,560,0,0,0,0,0,0,0,0,0,0,2274,No
70000,Female,1,1,38,0,0,0,2,2,2,64839,65184,69361,69836,71179,69484,2400,5700,2600,3000,0,2800,Yes
160000,Female,2,1,38,-1,0,0,0,0,0,61934,65918,67214,71604,75500,83933,5000,3000,6000,6000,10000,5000,No
140000,Female,2,1,30,-1,-1,-1,-1,-1,-1,2290,2290,2292,3365,1567,1707,2290,2292,3365,1567,1707,1707,No
130000,Female,1,2,26,0,0,0,0,0,0,7852,8871,9883,10079,10289,10495,1152,1164,360,372,376,540,Yes
70000,Female,2,2,42,2,2,2,2,2,2,44689,45669,46621,45573,48678,47744,2000,2000,0,4000,0,2000,Yes
10000,Male,3,2,34,0,0,0,0,0,0,7165,8647,9247,9431,8843,9075,2000,1141,325,331,389,1000,No
30000,Female,2,2,54,0,0,2,0,0,2,29230,30786,27167,27440,30117,29523,3500,0,3000,6000,0,781,No
20000,Male,1,2,42,0,0,0,-2,-2,-1,15610,18250,0,0,0,1000,3000,0,0,0,1000,8024,No
360000,Female,2,2,44,-1,-1,-1,-1,-1,-1,10311,2758,1397,298,7950,60097,2758,1397,298,7950,60097,1200,No
50000,Male,3,2,29,2,2,3,3,3,3,1050,1050,1050,1050,1050,1050,0,0,0,0,0,0,Yes
20000,Male,2,2,24,1,2,0,0,0,2,16981,16424,17242,18448,19495,20026,0,1400,1500,1500,1000,0,Yes
110000,Male,2,2,29,-1,-1,-1,-1,-1,-1,10839,2995,2419,4219,9704,6952,2995,2419,4219,9704,6952,5038,No
150000,Female,1,2,40,-2,-2,-2,-2,-2,-2,-3,371,0,0,222,0,374,0,0,222,0,401,No
140000,Female,2,1,30,0,0,0,0,0,0,21593,17636,17800,14869,12895,12833,2000,2000,2000,1000,1000,600,No
70000,Female,3,1,47,0,0,0,0,0,0,70798,69923,66375,63639,64973,66391,2500,2350,2300,2360,2500,2300,Yes
80000,Male,4,2,28,1,2,0,0,0,0,87377,84962,68301,32106,32776,31832,62,2145,1300,1310,1500,1215,No
80000,Male,1,2,32,-1,0,0,0,-1,-1,14939,14457,2312,1156,1156,1469,1000,2000,0,1156,1469,0,No
50000,Male,2,2,24,1,2,0,0,0,0,51116,49042,54439,9753,9952,9352,0,2327,1072,199,9000,298,No
100000,Male,1,2,27,0,0,0,0,0,0,14712,19142,37882,40882,45683,5765,5000,20000,3000,5000,2000,2000,No
130000,Female,2,2,35,0,0,0,-2,-2,-2,1923,1995,0,0,0,0,1000,0,0,0,0,0,No
400000,Male,1,2,32,0,0,0,0,0,0,71991,80225,41429,25858,10219,15967,10242,10268,3000,4000,6070,2007,No
500000,Male,1,2,41,-1,-1,-1,0,0,-1,326,628,6290,11604,24679,8642,628,6290,6000,14000,8642,326,Yes
450000,Male,1,2,26,0,0,0,-1,-1,-1,20571,37283,43482,5626,73516,11854,20000,20006,5676,74306,11889,13347,No
80000,Female,1,2,26,0,0,0,0,0,0,19891,20650,21002,19478,17882,5120,1576,1424,576,1000,102,300,No
500000,Male,1,1,45,-1,-1,-1,-1,-1,-1,10147,7358,11727,10850,9061,13017,7395,11807,10904,9106,13081,7063,No
210000,Female,1,2,32,-2,-2,-2,-2,-1,0,1400,2800,1400,1400,27100,25644,2800,1400,0,27100,1543,75000,No
440000,Female,1,2,28,0,0,0,0,0,0,67594,64042,62021,59545,48225,40049,3000,3000,5000,3000,3000,3000,No
280000,Male,1,2,27,0,0,0,0,0,-1,39664,28033,27292,16567,7021,10171,9022,10006,6000,1000,10200,7900,No
10000,Male,2,1,50,2,2,7,7,7,7,2400,2400,2400,2400,2400,2400,0,0,0,0,0,0,Yes
210000,Female,2,1,36,0,0,0,0,0,0,124011,119970,68742,65557,65287,64428,5011,3000,3000,3000,3000,2500,No
100000,Male,1,2,26,0,0,0,2,0,0,96644,99119,97195,69299,68030,63601,5000,5900,0,2500,2500,2600,No
210000,Female,1,2,33,0,0,-2,-2,-2,-2,6309,0,0,0,0,0,0,0,0,0,0,0,Yes
150000,Male,1,1,39,0,0,0,0,0,0,65627,64803,62844,61785,61136,57287,2982,2803,2019,2060,2098,2024,No
390000,Female,1,1,40,1,-1,0,0,0,0,30245,227123,211996,210100,206462,203201,236533,38142,15152,38097,23080,15055,No
100000,Female,2,1,26,2,0,0,0,0,0,97361,96265,49380,29152,28832,29949,4732,1500,1500,1500,1500,1964,Yes
300000,Male,1,1,45,-1,-1,-1,-1,-1,-1,5045,688,6431,3645,2041,1800,688,6495,3681,2448,1910,360,No
80000,Male,2,1,46,0,0,0,0,0,0,79656,80382,61813,30457,30477,30506,3211,2800,1200,1300,1700,1700,No
50000,Male,2,2,22,1,2,0,0,0,0,50781,45429,28927,19896,19475,19168,41,1617,816,1003,1004,912,No
200000,Female,2,2,34,0,0,0,0,0,0,30833,34322,36725,36749,40138,42459,4000,3000,3000,4000,3000,3000,No
380000,Female,1,1,42,-1,-1,-1,-1,-2,-2,7079,10387,2956,316,316,312,10437,2982,316,316,312,1323,No
90000,Female,3,2,25,0,0,0,0,0,0,74818,57334,49899,37251,33061,30869,2400,1502,2006,1500,1500,1500,No
50000,Male,1,2,27,2,2,2,2,2,2,6291,6045,7487,7218,7800,7526,0,1550,0,700,0,800,Yes
300000,Male,1,1,44,0,0,0,0,0,0,21507,18505,17036,12863,9597,2304,1379,1008,270,206,329,19769,No
20000,Male,3,1,57,-1,-1,-1,-1,0,0,390,390,390,21515,2942,0,390,390,10728,59,0,0,Yes
50000,Female,1,1,47,-1,-1,-1,-1,-1,-1,390,390,390,2728,0,780,390,390,2728,0,780,0,No
50000,Male,1,2,28,0,0,-1,-1,-1,-1,18771,10655,1659,6524,29949,3268,10000,1659,6546,29949,3268,399,No
70000,Female,2,3,42,0,0,0,0,-1,-1,69486,68650,65458,19087,10220,11913,3000,1604,1000,10220,11913,10000,No
230000,Female,1,1,34,0,0,0,0,0,0,124824,102327,103506,100554,103929,107780,10001,5000,4500,5000,6500,4300,No
290000,Female,2,1,37,0,0,0,0,0,0,277449,271080,280510,198869,222558,134187,52000,40504,20000,30003,15004,4012,No
240000,Male,1,1,49,-1,-1,-2,-1,-1,-2,511,-5,-5,561,0,0,0,0,566,0,0,517,No
300000,Male,1,1,38,0,0,0,0,0,-1,87118,56182,60039,52009,32862,3730,1691,10043,1065,164,3748,1132,No
160000,Female,1,1,40,-1,-1,-1,-1,0,-1,326,326,326,652,326,476,326,326,652,0,476,326,Yes
360000,Male,1,1,36,0,0,0,0,0,0,28291,31055,33788,36491,41179,45823,3000,3000,3000,5000,5000,5000,No
60000,Female,2,3,49,0,0,2,2,0,0,59902,61336,61792,57619,12996,2054,3400,4500,17,500,1500,1000,Yes
200000,Male,1,2,42,0,0,0,0,0,2,163340,168701,172074,173907,184067,180612,8000,8000,6500,13500,0,7000,No
220000,Female,1,2,50,0,0,0,0,-2,-2,216194,222220,225648,-2,-2,-2,11000,10050,2,0,0,0,No
500000,Female,2,1,42,0,0,0,0,0,0,431195,440304,341673,76519,77223,76684,17624,14783,3000,3000,2853,2385,No
10000,Male,2,2,38,0,0,0,0,0,0,7955,7976,8985,9164,9356,9593,1140,1149,328,340,393,192,Yes
20000,Female,2,3,47,1,2,2,0,0,0,17624,18342,17750,18102,18485,19175,1300,0,647,674,1000,582,No
50000,Female,5,1,33,2,0,-1,2,0,0,24890,25440,26191,25193,25742,27171,1925,28293,0,1100,2030,0,Yes
220000,Female,2,2,27,-1,-1,-1,-1,0,-1,1051,735,419,1470,1154,735,735,419,1470,0,735,2205,Yes
140000,Male,3,1,38,2,2,2,2,2,2,110674,131306,127701,135551,135859,134687,22500,0,10000,2600,2300,5300,Yes
80000,Female,1,2,27,0,0,0,0,2,2,42414,43770,44455,47825,48220,48884,2039,1724,4094,2300,1600,0,No
70000,Female,1,2,24,0,0,0,0,0,0,69023,70601,70426,69013,58329,51271,3600,2500,2100,2128,3000,0,No
390000,Female,1,1,32,-2,-1,-1,-1,-1,0,1714,52856,11914,14503,13407,52830,53367,11978,14572,13418,42121,709,No
10000,Male,2,1,47,0,0,0,0,0,-1,8884,8689,9449,6376,6530,1506,1159,3001,350,3002,1606,6276,No
290000,Male,1,2,36,0,0,-1,-1,0,-1,22681,25980,10409,118253,111765,13294,20246,10460,118299,2794,13358,14705,No
280000,Male,3,1,47,-1,-1,-2,-2,-1,-1,2479,3554,4746,2377,2390,3504,3564,4792,2384,2393,3524,2851,No
250000,Female,2,1,29,0,0,0,0,0,0,180056,179349,30349,29568,30188,30786,4077,1500,1917,1097,1101,1139,No
80000,Female,2,1,45,3,2,2,0,0,0,34282,35006,34144,34820,35553,36258,1567,0,1243,1291,1297,1500,Yes
500000,Female,2,1,37,0,0,0,0,0,0,207205,208827,203696,201655,202938,202136,9755,7414,6940,7299,8021,19384,No
50000,Male,2,2,26,0,0,0,0,0,0,47974,48527,49381,9999,8793,9138,2500,2000,324,1000,1000,500,No
20000,Male,3,2,23,-1,-1,-1,0,0,0,1706,6354,6849,4113,3910,2547,6394,6849,82,78,51,16522,No
50000,Female,2,2,23,0,0,-1,-1,2,0,16621,8044,917,18353,35836,18320,1037,917,18436,0,699,580,Yes
160000,Female,2,1,47,1,-2,-2,-2,-2,-2,0,0,0,0,0,0,0,0,0,0,0,0,Yes
20000,Male,2,2,24,2,2,4,4,4,4,1650,1650,1650,1650,1650,1650,0,0,0,0,0,0,Yes
80000,Female,3,1,25,-1,-1,2,-1,-1,-1,550,1606,1422,2685,1395,2896,1606,4,2693,1395,2906,0,No
290000,Female,2,1,27,0,0,0,0,-1,0,284298,281970,276346,0,281225,288652,14013,16346,0,281225,11787,12020,No
20000,Male,3,1,25,0,0,0,0,0,0,15706,16849,17285,18683,9121,14374,1700,1110,1500,500,300,150,No
30000,Female,2,1,37,0,0,0,2,2,2,26168,27442,30165,29383,32739,33143,2000,3500,0,4000,1150,1000,No
170000,Male,1,2,32,-1,2,0,0,0,0,69013,67397,69518,70616,79267,84140,0,3800,2800,10000,6129,0,No
700000,Female,1,1,36,0,0,0,0,0,0,450827,389039,328316,325968,271596,286805,13000,11939,10312,20004,20000,20000,No
50000,Male,3,3,58,0,0,0,0,0,0,46199,47179,47445,17945,18165,18557,2023,1289,789,659,694,623,No
200000,Male,1,2,31,1,-2,-1,-1,-1,-1,0,0,50307,28281,42163,0,0,50307,28281,42163,5040,3036,No
20000,Male,2,1,27,0,0,0,3,2,0,6599,9315,19067,18472,18037,18487,3000,10000,0,0,900,2000,No
60000,Male,2,1,41,0,0,0,0,0,0,95648,56259,49425,16941,13349,14826,5000,4731,2000,10000,3000,5000,No
160000,Male,3,1,42,1,-1,-1,-2,-1,0,0,1564,-436,-436,436,436,1564,0,0,872,0,0,No
370000,Male,2,1,34,-1,-1,-1,-1,0,-1,13854,3366,2671,13780,20652,10876,3382,2684,13795,10103,11020,10684,No
500000,Female,3,2,49,0,0,0,0,0,0,207406,207479,211508,223660,228014,223940,15000,10000,23660,20000,13940,26542,No
500000,Female,2,1,40,-2,-2,-2,-2,-1,0,240927,18676,9390,-3772,282777,288937,1093,9429,3423,291227,9011,9030,No
50000,Female,1,2,22,-1,0,0,0,0,0,45107,30617,22324,18587,20316,18271,2000,2000,1000,2000,1000,2950,Yes
140000,Female,1,1,36,0,0,0,0,0,0,72462,75297,76441,78171,79757,81427,4000,3000,3000,3000,3000,7500,No
210000,Female,2,1,50,-1,-1,-1,-1,-1,-1,390,390,390,390,390,150,390,390,390,390,150,780,Yes
300000,Female,1,1,56,1,-2,-2,-2,-2,-2,0,0,0,0,0,0,0,0,0,0,0,0,Yes
60000,Female,2,2,23,0,0,0,0,0,0,55765,56619,54636,18293,18107,18803,2600,1500,1000,1000,1000,3000,Yes
80000,Male,2,1,60,2,2,2,2,2,2,48463,49484,50372,51246,52279,53069,2100,2000,2000,2000,1800,1000,Yes
50000,Male,3,1,48,-1,0,0,0,0,0,50899,50527,50375,46952,50343,48831,2000,2000,2000,5001,5000,5021,No
240000,Female,2,1,44,0,0,0,0,0,0,21468,15503,17812,14328,11110,7567,3000,3000,2880,306,2000,2000,No
140000,Female,1,2,24,0,0,0,0,0,0,25118,18948,16923,12103,11519,11611,2000,2001,401,1000,1000,1000,No
310000,Male,1,1,37,0,0,0,0,0,0,190704,194111,144855,149146,198027,202293,7787,6000,7000,75593,7000,7000,No
20000,Female,2,2,22,0,0,2,0,0,0,14413,16474,16510,16566,17370,19905,3000,1000,1000,2000,3000,0,No
140000,Female,2,2,29,0,0,0,0,0,0,46605,35797,36615,28354,18093,6723,2281,1683,929,1000,134,0,No
440000,Male,1,1,62,0,0,0,-1,2,0,14721,5049,649,1108,150,1075,4909,499,959,0,925,1392,No
330000,Male,2,1,34,0,0,0,0,0,0,17421,18769,17413,17769,18138,13788,1650,1200,510,524,668,300,No
60000,Male,1,2,26,0,0,0,0,0,0,29860,30576,31962,32444,32971,33721,1500,1900,1310,1200,1300,1500,No
120000,Female,2,2,23,0,0,0,0,0,0,38842,38973,37708,4293,4305,5128,2300,1200,1000,1000,888,60000,No
290000,Female,2,2,34,-1,-1,-1,-1,-1,-1,8690,-204,3268,302,3586,2345,0,3600,800,5228,2345,9139,No
20000,Male,2,2,26,1,2,2,2,2,2,14437,15509,15498,14952,15983,15576,1600,535,0,1272,0,1463,No
500000,Female,2,1,64,1,-1,-1,-1,-1,-1,493,1086,731,561,618,991,1086,731,561,618,991,933,Yes
20000,Male,2,2,25,2,2,2,2,2,2,150,150,150,1150,1000,0,0,0,1000,0,0,0,No
150000,Female,3,1,46,2,2,2,2,2,0,11164,11713,11759,12453,12147,12254,1000,500,850,0,400,400,Yes
490000,Female,2,1,42,-1,-1,-1,0,-1,-1,15838,11356,25409,15926,8604,8941,11404,25458,86,8711,5034,1345,No
170000,Male,2,2,24,0,0,0,0,0,0,108717,69632,56537,113576,138419,101452,8092,20121,100071,50122,6468,278311,No
50000,Female,1,2,27,1,2,2,0,-1,2,2238,3057,1879,889,2399,1225,2000,0,0,2500,0,1300,Yes
150000,Male,2,1,40,0,0,0,0,0,0,106396,105332,82191,77262,49851,6666,7041,3000,3116,2500,5000,0,No
390000,Male,1,2,41,-1,-1,-1,-1,-1,-1,6782,1466,3273,6965,4893,7777,1466,3273,6965,4893,7777,7271,No
380000,Male,1,2,33,0,0,0,0,0,0,79099,80828,82583,84687,84832,84576,3000,3100,3500,3500,3200,3000,No
170000,Female,2,1,34,1,-2,-1,-1,-2,-2,-270,-270,99730,-27,-27,-27,0,100000,0,0,0,0,No
170000,Female,2,1,26,0,0,0,0,0,0,55658,48292,23264,12346,28910,13837,5000,1000,375,18785,757,259,No
390000,Male,1,1,36,1,-1,-1,-1,-1,-1,0,250,79,79,290,106,250,79,0,290,106,66,Yes
30000,Female,2,2,28,2,2,2,2,2,2,20218,19607,21778,22124,22622,23002,0,2500,1000,1000,900,900,No
300000,Female,2,1,48,-1,-1,-1,-2,-1,-1,440,452,0,0,3427,1098,452,0,0,3427,1098,0,No
180000,Female,1,2,25,-1,-1,-1,0,0,-1,23890,2181,21073,12159,8418,6896,2181,21100,0,0,6896,0,No
360000,Female,2,1,27,0,0,0,0,0,0,241584,249687,250227,123146,101486,93700,124900,6850,4129,5000,2790,2000,No
230000,Female,2,1,42,0,0,0,0,2,0,5838,6369,6790,8171,7396,7757,1300,1200,2000,0,1000,2000,No
30000,Male,3,2,28,1,2,2,2,0,0,25554,28031,28345,27591,28218,29880,3204,1068,0,1068,2136,600,Yes
400000,Female,2,1,45,-1,-1,-1,-1,-1,-1,9083,12641,15377,14757,44843,6622,12658,15384,14757,44843,6622,6309,No
20000,Male,2,2,47,2,0,0,0,0,0,19401,19670,19839,20236,19807,19843,1331,2000,688,1000,1500,700,Yes
340000,Male,2,1,43,1,-2,-2,-2,-2,-2,-15,-15,-15,-15,-15,-15,0,0,0,0,0,0,Yes
30000,Female,2,2,22,0,0,0,0,0,0,27849,29094,29352,29766,19933,10921,2000,1200,614,520,335,0,No
440000,Male,3,1,38,2,-1,2,-1,-1,-1,775,1550,775,775,925,775,1551,1,776,926,776,776,Yes
30000,Female,3,2,28,0,0,0,0,-1,-1,25354,24826,25412,21658,980,55,1650,1200,1000,1000,55,0,No
20000,Male,2,2,43,1,2,0,0,0,0,20251,19637,19539,20080,18855,20130,0,2000,841,696,1600,0,Yes
200000,Male,2,1,40,1,2,2,0,-1,0,303719,268163,228720,234177,201490,190721,5133,0,5857,202076,6726,5346,No
180000,Male,2,2,34,0,0,0,0,0,0,167604,162774,148961,78024,72989,75454,6949,6502,3022,3000,3022,2000,No
50000,Female,2,2,34,-2,-1,-1,0,0,-2,23264,13573,13876,13789,725,0,13573,13876,276,725,0,0,No
210000,Female,2,2,27,0,0,0,0,0,0,115583,130020,133963,115989,101628,104809,25000,15103,5000,4000,5000,5000,No
210000,Female,2,2,24,0,0,0,0,0,0,94681,96920,98562,100329,103697,91408,3766,3507,3334,4723,3418,2682,No
220000,Female,1,1,36,0,0,2,0,0,0,190691,206000,194930,130938,134664,140238,20000,0,5000,6000,8000,5000,No
240000,Male,1,1,36,2,0,0,0,0,2,183360,187637,191846,194485,206747,203388,8600,8700,7200,15500,0,8000,No
200000,Male,2,2,33,0,0,0,0,0,0,6195,2645,3416,3916,4248,5068,1300,1000,500,500,1000,1000,Yes
20000,Male,2,2,46,0,0,0,-2,-2,-2,19401,20650,0,0,0,0,1650,0,0,0,0,0,Yes
180000,Female,1,1,33,-1,-1,2,-1,-1,2,13999,17829,6608,17087,17993,8662,4176,65,17087,2013,23,32852,No
90000,Female,1,2,26,2,0,0,0,0,0,89526,89149,85301,65463,65923,67269,3400,3325,2300,2400,2400,2400,Yes
130000,Male,3,1,56,-1,-1,-1,0,-1,-1,582,0,582,291,441,441,0,582,0,441,441,291,Yes
450000,Female,1,2,54,1,-2,-2,-1,-1,-1,-237,-2400,-2400,3990,30050,9993,0,0,6390,30050,9993,0,No
210000,Male,2,1,42,0,0,0,0,0,0,88498,168938,79989,69800,54256,48256,3555,2253,1404,1085,1652,5595,No
20000,Female,2,1,39,0,0,2,2,2,-1,20246,36350,18910,33500,-15306,20000,3000,3000,290,5000,35306,0,No
50000,Female,1,2,27,0,0,0,0,0,2,51076,50816,47977,34783,20570,20047,2223,1572,1700,1739,0,225,No
160000,Male,3,2,42,0,0,2,2,2,2,43753,46869,45856,48818,49640,48737,4100,0,4000,1700,0,2000,No
450000,Female,1,1,27,1,-1,-1,-1,-1,-1,-4,969,2226,1878,-25,5029,973,2243,2236,0,5054,392,No
30000,Male,3,1,47,2,2,2,2,2,2,19150,19149,23888,24337,23725,0,600,5229,1000,0,0,0,No
310000,Female,3,1,31,0,0,0,0,0,0,214190,178194,140681,104855,77242,74165,9000,6005,5017,3000,4000,3000,No
50000,Male,3,2,26,2,0,0,2,2,2,41827,42650,45930,44891,47654,48721,1800,4000,0,3500,2000,0,Yes
160000,Male,3,2,35,0,0,0,0,0,0,38486,39217,40537,41030,41891,43196,1652,1972,1465,1519,2000,1592,No
170000,Male,1,2,31,-1,-1,-1,-1,0,-1,959,1898,850,6390,1958,1346,1911,850,6390,5,1358,202,No
230000,Female,1,2,28,0,-1,0,0,-1,0,15714,13171,24589,31111,60562,9968,13171,20015,11000,60562,8000,6059,No
20000,Male,3,2,25,0,0,-1,-1,-1,-1,3556,3271,798,798,798,408,1481,798,798,798,408,1188,No
50000,Female,2,2,22,-2,-2,-2,-2,-1,0,64498,58261,401,43091,29842,30601,349,595,54061,32384,1234,1500,No
140000,Female,3,1,25,-2,-2,-2,-2,-2,-2,76910,22972,28336,30281,38339,80792,1994,18002,3001,9004,45117,40158,No
50000,Female,2,2,43,1,2,0,0,0,0,48777,47331,48010,24331,25553,26733,0,2000,1000,2000,2000,2000,No
280000,Female,2,2,31,-2,-2,-2,-2,-2,-2,2419,10499,16243,0,0,0,10517,16494,0,0,0,0,No
360000,Female,1,2,31,-2,-2,-2,-2,-2,-2,211,70,0,1600,0,1101,70,0,1600,0,1101,0,No
50000,Male,3,2,22,0,0,0,0,0,0,45803,46696,15287,7694,7921,8041,2400,1123,500,500,400,500,No
20000,Male,2,2,21,0,0,-1,0,0,0,19739,17875,19174,19158,18762,19223,1000,26299,673,680,772,851,No
310000,Female,2,1,34,0,0,0,0,0,0,87842,42594,26198,26766,27341,28891,3021,1600,1000,1000,2000,3000,No
260000,Female,3,2,33,0,0,-2,-2,-2,-1,7571,3563,2786,-14,-14,12074,1000,2786,14,0,12088,2021,No
80000,Male,1,1,41,3,2,2,2,2,0,7866,8788,8498,9155,8864,9215,1200,0,800,0,500,900,Yes
30000,Male,3,2,42,1,2,0,0,0,0,13347,12843,13850,14125,14423,14516,0,1227,502,522,521,521,Yes
340000,Female,2,2,29,0,0,0,0,0,0,135538,113464,88629,71435,69725,69714,4093,3000,11115,2052,2500,1100,No
260000,Female,1,2,27,-1,-1,-1,0,0,0,37003,1105,2490,17445,1795,278,1305,2690,15650,0,278,2500,No
420000,Female,2,1,40,0,0,0,2,0,0,33561,38901,38710,38022,20256,22743,5900,900,101,3000,3000,5000,No
80000,Female,1,1,54,2,2,2,0,0,0,12894,15449,14909,14915,15382,16374,3084,0,550,707,1400,200,Yes
400000,Male,1,1,36,0,0,0,0,0,-1,44765,35776,67887,20356,12780,11625,10006,3072,72,62,11681,31071,No
460000,Male,1,1,50,-1,-1,-1,-1,-1,-1,30765,13883,19146,27639,38586,-260,13953,19441,27778,38780,0,0,No
200000,Male,2,2,39,0,0,0,0,0,0,31236,31996,32704,33351,34050,36184,1838,1546,1193,1236,2700,1022,No
160000,Male,2,1,52,-1,-1,2,-1,2,-1,390,780,390,1080,540,390,780,0,1080,0,390,390,No
70000,Male,1,2,26,0,0,0,0,0,0,6121,7064,8143,8507,8869,9220,1200,1200,500,500,500,500,Yes
290000,Male,3,2,43,-2,-2,-1,0,0,0,170823,174650,123514,125973,128608,127976,8050,123514,4274,4426,4859,5407,No
120000,Female,1,2,29,0,0,0,0,-2,-1,50150,44742,33231,-1320,-660,956,5069,2805,0,0,1616,0,No
100000,Female,1,2,26,0,0,0,-1,-1,2,24459,26726,25669,881,57540,55038,3000,1016,2007,57500,2000,0,No
30000,Female,3,1,55,0,0,0,0,0,0,27381,27803,28170,9515,780,0,1633,1000,1190,0,0,0,No
50000,Female,1,2,23,0,0,0,0,0,0,33959,35409,36120,36991,37744,39115,2000,1601,1472,1500,2000,5000,No
210000,Female,1,1,39,-1,-1,-1,-1,-1,-1,4443,3569,1737,2433,3115,3899,3569,1737,2433,3115,3899,2460,Yes
10000,Male,3,2,24,1,3,2,3,2,0,5530,5792,6050,5808,5569,5876,500,500,0,0,400,364,Yes
250000,Female,1,1,50,-2,-2,-1,-1,-1,-2,18381,2749,5285,9138,1187,1235,2749,5674,9527,1187,1235,2678,No
230000,Female,2,1,31,1,-1,0,0,0,0,0,2716,3648,6648,7982,9203,2716,1000,3000,4000,2000,1000,No
150000,Male,1,2,26,-2,-2,-2,-2,-2,-2,0,0,0,0,0,0,0,0,0,0,0,0,No
20000,Female,1,2,22,1,2,2,0,0,-2,21672,22031,21247,7475,0,0,1000,18,300,0,0,0,Yes
150000,Female,2,1,41,0,0,0,0,0,0,80435,74826,74485,71935,71757,71844,3349,3200,2700,2711,2800,1561,No
20000,Male,3,2,48,0,0,0,0,2,0,5861,6728,7739,8339,8061,8221,1119,1130,730,0,294,305,No
400000,Female,1,2,30,-1,-1,-1,-1,-1,-1,1919,7381,2691,1781,7123,1470,7389,2691,1781,7123,1470,37546,No
440000,Female,2,1,45,-1,-1,-1,3,2,2,600,-420,417,2217,1321,8879,0,1937,1800,0,8480,0,Yes
20000,Male,2,2,26,-1,-1,-1,-1,-1,-1,1439,1261,390,540,540,540,1261,390,540,540,540,780,No
320000,Male,1,2,26,-1,-1,-1,-1,-1,-1,316,316,316,316,316,316,316,316,316,316,316,316,No
300000,Male,1,1,37,0,0,-2,-2,-2,-2,41000,0,0,0,0,0,0,0,0,0,0,0,No
50000,Female,3,1,24,-1,-1,2,0,-1,-1,18965,21647,20731,13555,2338,41191,3000,15,587,2338,41191,18957,No
210000,Male,1,2,27,0,0,0,2,2,0,110757,113139,119812,120763,118722,121249,5650,10100,4400,0,4500,4500,No
350000,Female,1,2,33,-1,-1,-1,-1,0,-1,2383,9911,12149,14774,2154,67081,9911,12149,16928,0,67081,103202,No
300000,Female,1,2,28,-2,-2,-2,-2,-2,-2,0,0,0,0,0,0,0,0,0,0,0,0,No
30000,Male,2,2,25,2,2,3,3,3,3,1050,1050,1050,1050,1050,1050,0,0,0,0,0,0,Yes
30000,Female,1,1,37,0,0,0,0,0,0,8301,9156,8983,8141,6422,5187,1191,1079,239,209,206,160,No
200000,Female,2,2,27,0,0,0,0,0,0,127843,131352,130884,132142,118084,114281,6579,4734,4368,4183,4227,4066,No
140000,Male,2,1,41,0,0,0,0,0,0,82309,92682,103265,117188,113368,119194,12682,13265,17188,10000,15000,0,No
50000,Female,1,2,26,0,0,0,0,0,0,45431,45187,34250,30276,30894,0,1811,1400,606,618,0,0,No
10000,Male,2,2,32,1,2,0,0,0,0,9001,8322,8630,8630,7850,8150,0,1400,0,0,1600,0,Yes
390000,Female,2,2,28,0,0,0,0,0,0,116720,121588,121854,90634,84353,57677,7000,5000,4000,5000,10000,20000,No
50000,Female,3,1,50,0,0,0,0,0,0,48173,28233,28610,28808,29403,20260,2235,1612,1200,1057,871,897,No
50000,Female,2,1,25,0,0,0,0,0,0,16221,18965,19602,22156,22732,11378,3000,1500,4600,1000,600,258,Yes
30000,Female,3,2,31,-1,-1,-1,-1,-1,-2,5477,7314,2970,2587,0,0,8011,2970,2587,0,0,0,No
50000,Female,1,2,31,3,3,4,3,2,5,27166,30190,29421,28652,34032,32913,3769,0,0,6000,0,0,Yes
50000,Female,1,2,33,1,-2,-1,0,0,-1,0,0,12493,28365,6300,999,0,12493,16000,0,999,0,No
260000,Male,1,3,41,0,0,0,0,0,0,253795,253126,253218,249770,243277,240576,9269,9090,9034,8521,10067,8100,No
50000,Female,1,2,34,1,-2,-2,-2,-2,-2,0,0,0,0,300,150,0,0,0,300,0,980,No
140000,Male,1,2,28,-1,-1,-1,-1,-1,-1,639,8358,2620,2073,4732,1131,8358,2620,2077,4732,1131,2114,No
490000,Male,1,2,28,0,0,0,0,0,0,422483,430538,392670,390031,396687,404885,15358,15049,14500,14000,15021,10664,No
60000,Female,2,2,24,1,2,0,0,0,0,60425,57786,55272,55925,57063,48228,28,2500,2000,2030,2100,3500,Yes
80000,Male,1,2,39,2,0,0,2,2,0,62281,63774,68204,69484,68247,71110,2500,5500,3000,0,4000,2500,Yes
80000,Male,1,2,26,0,0,0,0,0,0,51533,45147,45921,46629,47655,48496,1800,1800,1690,1750,1887,1800,No
290000,Male,1,2,28,0,0,0,0,0,0,162118,150366,148949,141711,122755,216138,6000,6000,5000,10000,100000,7681,No
280000,Male,2,2,28,0,0,0,0,0,0,104451,105960,100542,103087,103983,105638,4470,4188,5000,3679,3703,3652,No
130000,Male,2,2,29,0,0,0,0,0,2,111731,108635,108842,110236,114763,118884,6000,6000,5000,6800,6500,0,No
20000,Male,3,1,52,-1,-1,-1,-1,-1,-1,2912,390,780,780,780,390,390,780,780,780,390,780,No
50000,Male,2,2,31,0,0,0,0,2,0,48548,49579,27496,20414,19978,18547,2032,1304,1500,0,868,1000,Yes
330000,Female,1,2,28,1,-1,2,2,2,2,963,11,11,11,11,11,504,0,0,0,0,0,No
150000,Female,3,2,40,0,-1,-1,0,-1,0,95943,1473,1863,390,772,382,32153,1863,0,772,0,398,Yes
150000,Female,2,2,26,0,0,0,0,0,0,96739,98351,100369,101035,101982,103970,4000,4500,4000,4000,5000,5000,No
210000,Male,2,3,27,0,0,0,0,0,0,81387,82679,84014,84365,86517,87296,3883,4000,3008,3500,3139,3373,No
10000,Male,2,3,28,0,0,0,0,0,0,5757,6805,7662,8034,8256,8957,1300,1128,500,500,1000,500,Yes
300000,Female,3,1,32,0,0,0,0,0,-2,15003,14469,15200,18000,0,0,1469,1200,3000,0,0,0,No
140000,Female,2,2,35,0,0,0,0,0,0,140387,129846,87849,84455,87287,81423,5509,7124,2866,4033,5954,3120,No
50000,Female,2,2,26,1,-2,-2,-2,-2,-2,0,0,0,0,0,0,0,0,0,0,0,9033,No
140000,Male,1,2,30,-1,-1,-1,-1,-1,-1,1750,1003,0,440,1367,890,1003,0,440,1367,890,0,No
50000,Female,2,1,32,0,0,0,0,0,0,46610,45005,43448,15075,16534,16809,2021,1500,700,1700,700,623,No
500000,Male,1,2,35,-1,0,0,0,0,-1,1369,6138,20424,7840,846,790,4769,19629,157,0,790,860,No
500000,Female,3,1,36,0,0,0,0,0,0,70016,70837,63488,32050,46393,35207,2568,2000,1285,15000,1520,6994,No
20000,Male,2,2,38,2,-1,-1,-1,-1,-1,1442,1261,390,390,390,930,1261,390,390,390,930,0,No
420000,Male,1,1,47,-1,-1,-1,-1,-1,-1,10517,15571,9090,9622,10223,3942,15585,9100,9628,10223,3942,3754,No
60000,Male,2,1,37,1,2,3,4,4,3,22007,24360,26647,27912,26889,29140,3000,3000,2000,0,3000,3000,Yes
60000,Male,2,1,37,0,0,0,0,0,2,30010,34169,38551,42922,47245,44208,5000,5000,5000,5000,0,10000,No
190000,Female,2,2,35,0,0,0,0,0,0,158360,113702,95214,95713,97079,97659,4800,4300,3600,3700,4000,3600,No
220000,Male,1,1,48,3,2,2,-2,-2,-2,2500,2500,0,0,0,0,0,0,0,0,0,0,Yes
110000,Female,2,2,28,2,2,2,2,2,2,86774,88702,89655,90593,89025,94509,4200,3300,3300,0,7000,2300,Yes
290000,Male,2,1,33,-1,-1,-1,-1,-1,-1,1300,0,500,1000,3441,2415,0,500,1000,3441,2415,1643,No
50000,Female,2,1,25,2,0,0,0,0,0,50105,50802,49988,19287,19698,20228,2300,1305,1000,855,1000,1000,No
110000,Female,2,2,39,0,0,0,0,0,0,210804,107572,100475,48409,47693,49018,5426,4244,1837,1713,2100,2020,No
230000,Female,2,1,35,-2,-2,-2,-2,-2,-2,2132,1520,3543,3351,-4,3267,1531,3553,3351,4,3271,4649,No
250000,Female,1,1,42,-1,-1,-2,-2,-2,-2,16240,0,0,0,0,0,0,0,0,0,0,0,No
100000,Male,1,2,26,0,0,0,0,0,0,7136,8515,9749,14188,16602,19575,1500,1500,4500,5000,5000,5000,No
30000,Female,1,2,23,0,0,0,2,2,2,29064,27368,30475,27808,31208,30582,2000,5026,0,4000,0,1500,No
230000,Male,1,1,47,1,-2,-2,-2,-2,-2,0,0,0,0,0,0,0,0,0,0,0,0,No
50000,Male,2,1,29,0,0,0,0,0,0,49660,47359,45517,29699,28877,29531,2000,1500,2000,1100,2000,12000,Yes
420000,Male,1,2,33,1,-1,-1,-2,-2,-2,-190,6509,0,0,0,0,6699,0,0,0,0,0,No
20000,Male,1,2,34,1,2,0,0,0,0,8834,7499,8147,7247,4617,0,1000,1000,1300,1500,1680,0,Yes
200000,Female,1,1,43,0,0,0,0,0,0,200898,197438,200912,145658,146351,149667,10000,9000,6000,6000,6000,6000,No
60000,Female,2,2,26,0,0,0,0,0,2,58452,52445,52974,54589,59518,60491,2500,2000,2500,6000,2100,0,No
80000,Male,1,2,35,0,0,0,0,-1,-1,37642,39947,43773,31830,7848,390,4000,5000,5500,7848,390,780,No
150000,Female,1,1,33,0,0,0,0,0,0,50286,110884,113152,116097,118500,120896,61101,3210,3911,3354,3400,3500,No
120000,Female,2,2,30,0,0,0,0,0,0,104801,100502,86478,81902,78616,80307,4000,2960,3833,2855,3000,3000,No
150000,Male,1,2,40,0,0,0,0,0,0,152175,148872,145978,139791,142745,146872,5800,5245,5200,5200,6500,7200,No
360000,Female,3,1,42,-1,-1,-1,-1,-1,-1,9152,6329,21830,5469,9057,312,6361,22236,5682,9147,313,6548,No
60000,Male,2,1,56,0,0,0,0,0,0,26344,26382,27046,27187,27372,27549,1446,1500,960,1000,1027,860,Yes
480000,Male,2,1,40,0,0,0,0,0,0,69011,69842,71857,66673,65200,65511,3000,3000,2096,2115,2089,2207,No
60000,Female,2,2,24,1,2,3,3,2,2,44238,47076,48871,47669,48135,50056,4000,3000,0,1500,3000,2750,No
240000,Female,2,1,29,0,0,2,2,2,0,198128,211417,206386,219111,211373,211215,16500,0,16007,7,8229,7621,Yes
30000,Female,1,2,27,0,0,0,-2,-2,-2,3415,4330,0,0,0,0,1000,1000,0,0,0,0,No
240000,Female,1,2,38,0,0,0,0,0,-1,138151,111189,75880,46407,12697,215281,6021,3004,4006,5000,215281,8000,No
50000,Female,2,2,23,0,0,0,2,0,0,16370,15373,12065,10199,9261,6816,1524,2588,0,284,1000,1000,Yes
130000,Female,1,2,27,0,0,0,0,0,0,91467,68747,66372,64854,66432,46919,3247,3372,2354,2432,2919,1926,No
30000,Female,2,1,49,2,0,0,0,2,2,23778,24507,25892,27366,26798,28321,1415,1800,2200,0,2500,0,No
10000,Male,2,1,35,0,0,0,0,0,0,9159,10004,9722,10044,9856,10285,1160,1139,1241,345,580,180,No
180000,Male,2,2,27,0,0,0,0,0,0,51826,6699,6529,104327,105867,106806,1500,2000,100000,4500,5041,2000,No
230000,Female,3,2,26,0,0,0,0,0,0,14361,15491,16190,11849,11826,6248,1369,1068,306,457,348,500,No
30000,Female,1,2,27,1,2,0,0,2,0,28686,27620,28164,30444,29887,29153,0,2000,3000,0,1000,1000,No
50000,Male,3,1,52,1,2,2,0,0,2,7839,8761,8472,8641,9298,9000,1200,0,310,797,0,333,No
500000,Male,1,2,30,-1,-1,-1,0,0,-1,1089,58665,168052,254571,59587,13398,58665,170119,156000,2000,13398,527143,No
460000,Female,1,1,43,-2,-2,-1,0,0,0,323408,261444,309622,297039,258056,188083,5229,580464,80017,31017,27,38700,No
10000,Female,2,2,32,0,0,0,0,0,0,8509,9228,9821,9495,9469,10191,1400,1300,350,500,1650,0,No
270000,Female,1,2,32,0,0,0,0,0,0,48114,42573,55350,92141,57961,45282,20091,30128,60183,2071,2045,2791,No
80000,Male,2,1,43,0,0,0,0,0,0,43749,46330,43134,38010,38510,38427,3356,3204,2017,3515,2506,2015,No
100000,Male,1,2,32,0,0,0,0,0,0,87580,84140,86400,87275,89082,91030,3300,3881,2500,2519,2700,3004,No
20000,Male,3,1,42,2,2,2,-2,-2,-2,13053,4078,0,0,0,0,16,0,0,0,0,0,Yes
300000,Male,2,1,38,-1,-1,-1,0,0,-1,374,1685,1485,990,495,495,2000,1485,0,0,495,495,Yes
30000,Female,2,2,44,-1,-1,0,0,0,-1,2436,11376,21354,28308,23346,10784,11378,11004,9003,3349,10785,8984,No
160000,Male,1,2,33,1,-1,2,0,0,-1,-77,1598,1097,772,447,797,2000,0,0,0,1000,0,Yes
160000,Female,1,2,31,-1,-1,-1,-1,-1,-1,4203,9739,15628,3666,4098,4237,9739,17751,3666,4098,4237,3007,No
380000,Female,1,2,31,-2,-2,-2,-1,0,0,276,276,0,196050,202129,295891,276,0,202129,9500,98500,17000,No
180000,Male,2,2,43,0,0,0,0,0,0,164222,169073,171820,160018,164717,151235,7500,5900,6000,7000,7000,5000,No
100000,Male,1,1,45,0,0,0,0,0,0,99626,101446,21300,20091,19299,9346,4600,1429,600,600,1000,1000,No
260000,Male,1,1,38,-1,-1,2,2,-1,2,263,511,248,-15,3526,263,512,1,1,3805,1,527,No
180000,Female,3,2,25,0,0,0,0,0,0,120583,97341,87773,89547,91639,93991,3507,3201,3200,3500,4000,3704,No
240000,Male,3,1,38,0,0,0,0,0,0,230131,216824,219487,151295,228276,233079,8500,6900,6000,80000,8600,9000,No
30000,Male,2,3,44,0,0,0,0,0,0,6289,9331,12380,15158,15760,18985,3173,3222,3000,1000,3500,2000,Yes
50000,Male,2,2,26,0,0,0,0,0,0,20329,14244,30580,15365,15587,15940,1600,1600,1000,1000,1000,1000,No
180000,Female,2,1,43,-1,-1,-1,-1,-1,0,7823,9549,1968,1800,8198,511,9549,1968,1800,8198,0,844,No
130000,Male,2,2,31,0,0,2,0,-1,-1,48628,52379,31247,40047,12450,2294,5207,0,9000,12450,2294,0,Yes
160000,Female,5,1,35,1,-2,-2,-2,-2,-2,0,0,0,0,0,0,0,0,0,0,0,0,No
60000,Male,3,2,29,0,0,0,0,0,0,4511,5529,6544,7093,7973,9038,1096,1111,660,1000,1200,0,Yes
100000,Male,3,1,35,0,0,0,0,0,0,96521,98728,74239,75704,55704,56810,3938,2515,2516,4022,2032,2112,No
320000,Female,2,2,28,1,-2,-1,-1,0,-1,0,0,2428,990,495,854,0,2428,990,0,854,495,No
110000,Female,2,1,62,0,0,0,0,0,0,33536,30155,26054,22918,23216,14371,3000,2000,3000,6000,2340,111,No
50000,Female,1,2,31,2,2,3,2,0,0,48903,53997,52298,50778,48055,45704,6500,0,0,3130,2532,1700,Yes
50000,Male,2,1,38,2,0,0,2,2,2,27686,28436,31051,31542,32185,32900,1500,3100,1300,1300,1400,1300,Yes
140000,Male,2,2,39,0,0,0,0,0,0,139079,143816,134472,130129,133031,136919,7000,4800,4659,5000,6100,6000,No
80000,Male,2,1,46,0,0,0,0,0,0,81283,80390,79080,77850,80330,80000,2892,3000,5390,4106,3000,0,Yes
140000,Female,2,1,35,1,2,0,0,2,2,130215,126720,128116,136956,134665,142199,0,5000,11000,0,10000,0,Yes
210000,Female,2,1,52,0,0,-1,0,-1,-1,5723,3386,8964,2241,2241,2241,1237,4482,0,2241,2241,2241,No
130000,Male,2,1,35,0,0,0,0,-2,-2,8010,5932,4950,-2490,-37594,-21295,1500,1012,0,0,0,80000,No
200000,Female,1,2,31,-1,-1,-1,-1,-1,-1,4138,790,1230,390,390,390,790,1230,390,390,390,390,Yes
140000,Female,2,2,27,2,2,0,0,0,2,107257,104122,104742,107626,114633,116904,0,3842,4626,8933,4300,0,No
20000,Male,2,2,43,-1,-1,-1,-1,-1,-1,390,390,390,390,540,930,390,390,390,540,780,0,No
450000,Male,2,2,30,0,0,0,0,0,0,610723,555086,497132,514249,462666,472480,20200,18000,25135,432130,17000,20000,Yes
170000,Male,2,1,36,0,0,0,0,0,0,87076,77902,54592,56128,57469,59669,3781,2104,3208,2998,3000,2208,No
200000,Male,1,1,39,0,0,0,0,2,2,303347,171592,176615,185049,188375,183069,6500,8051,13000,6500,0,6700,No
80000,Female,2,1,27,0,0,0,0,0,0,25424,24499,25181,5187,5524,5529,2000,2150,1000,2500,1000,1000,No
150000,Female,2,2,41,0,0,0,0,0,0,15938,16128,17051,15109,13895,14236,1317,2008,1004,505,573,1003,No
160000,Male,1,2,31,0,0,0,0,0,0,157303,161498,153226,78511,9808,8358,8055,5045,2280,305,2000,2000,Yes
60000,Male,3,2,38,0,-1,-1,-1,-1,-1,3059,291,1131,441,443,732,291,1131,441,443,580,0,No
240000,Female,2,1,39,4,3,2,2,2,2,47739,46712,45660,48905,47993,52015,0,0,4000,0,5000,2000,Yes
20000,Male,2,2,24,0,0,2,0,0,-1,12549,11552,6622,6232,390,930,2319,0,0,0,930,0,Yes
500000,Male,1,2,30,0,0,0,0,0,0,449733,425268,489942,437809,409337,406573,20120,120063,40000,12389,12000,10000,No
280000,Female,2,2,50,-1,-1,-1,-1,-1,-1,9173,11564,6781,5725,3989,2599,11574,7104,5857,3989,2599,27192,No
200000,Male,1,3,50,3,2,2,2,0,0,176077,179769,178358,177340,181281,191644,8000,3000,3400,6800,13600,5900,Yes
290000,Female,1,2,29,-1,-1,-1,-1,-1,-1,6649,15819,10986,8184,14936,19573,15837,11584,8184,14936,19573,6309,No
80000,Female,1,2,34,0,0,2,2,0,0,75517,77078,73783,68909,66308,60687,6000,2000,0,5065,6235,3000,Yes
20000,Female,3,1,61,2,2,2,2,0,0,2730,5461,6218,5970,8945,9896,2800,1000,0,3100,1100,0,Yes
400000,Female,1,2,41,-1,-1,-1,0,-1,-1,48938,27703,43775,10644,42195,12246,27703,43947,10183,42195,12246,13663,No
130000,Male,1,1,34,0,0,0,0,0,0,128846,130525,74745,68597,54774,53728,5170,2584,4000,2006,2000,2004,Yes
60000,Male,2,1,33,-1,0,0,0,0,0,4843,8790,12420,14731,21508,7695,5000,5000,4000,4000,3500,3000,No
20000,Male,3,1,37,0,-1,-1,-1,-1,-1,1439,1251,390,390,370,-20,1251,400,390,370,0,800,No
160000,Male,2,1,43,1,-2,-2,-1,0,0,-3,-3,997,1798,800,0,0,1003,1804,202,0,50000,No
110000,Female,2,2,25,1,2,2,0,0,0,104871,107422,101930,102111,101521,100240,8000,0,4000,4000,3600,3500,No
230000,Male,1,1,40,0,0,0,0,0,0,87162,88801,87972,57846,57798,52071,4293,3000,1928,2000,2500,2000,No
20000,Female,1,2,22,-1,-1,-2,-2,-2,-2,18356,0,0,0,0,0,0,0,0,0,0,0,No
140000,Female,2,1,34,0,0,0,0,0,0,15550,17780,18226,19915,20891,21542,2500,1500,2000,1300,1000,1500,No
130000,Female,3,1,48,0,0,0,0,0,0,46206,46396,43812,42132,44190,44636,3000,3000,3000,4000,4000,3000,No
130000,Female,1,2,47,2,2,2,2,2,2,18454,21121,20484,22145,21652,23138,2976,0,2000,0,2000,0,Yes
200000,Male,2,1,30,0,0,0,0,0,0,113676,116355,117802,116296,60792,30808,6000,5000,6000,3000,1611,55000,No
60000,Female,3,1,43,2,2,-2,-2,-2,-1,4703,0,0,0,0,992,0,0,0,0,992,14000,Yes
20000,Male,1,2,25,1,-1,-1,0,0,0,-431,569,1769,2582,3184,3974,1000,1769,1000,800,1000,4000,No
320000,Female,1,2,27,1,-1,2,2,-2,-2,0,638,500,0,0,0,638,0,0,0,0,0,Yes
130000,Male,3,3,40,2,0,0,0,0,0,88222,88288,84822,85970,86644,87576,3515,3107,5003,3203,3456,4000,No
280000,Male,1,1,50,3,5,4,3,2,0,327918,321476,314931,176439,154010,134334,0,0,500,0,6267,2257,No
290000,Male,1,2,34,-1,-1,-2,-1,-1,-1,1597,-2002,-1001,3999,0,4483,0,0,5000,0,4483,1209,No
30000,Female,3,1,28,0,0,0,0,0,0,17897,18944,19698,17855,13784,6616,1342,1096,514,1021,151,1077,No
80000,Male,2,2,28,0,-1,-1,-1,-1,-2,54475,3075,0,6150,0,0,6150,0,6150,0,0,0,No
70000,Female,1,2,24,0,0,0,0,0,0,10916,12386,9864,5201,6950,7256,2000,2063,2000,2000,421,2000,No
80000,Female,3,1,44,0,0,2,0,0,0,80808,81615,79075,79604,78567,79810,6926,0,3000,3000,3300,3200,No
200000,Female,1,1,33,-1,-1,0,0,-2,-2,1853,5928,8789,0,0,0,5928,3000,0,0,0,0,No
50000,Male,2,1,28,0,0,2,0,0,0,96393,100459,96051,18051,18767,19462,5800,300,18000,1000,1000,1000,No
120000,Male,2,2,28,0,0,2,0,0,0,59946,49595,35786,32651,29972,27425,4000,0,1210,1000,1035,2000,No
80000,Male,1,2,29,0,0,0,0,0,0,51630,54183,55685,58642,60533,61823,4000,3000,4500,3000,2300,6500,No
200000,Female,2,1,35,2,0,0,0,0,0,51609,53165,55285,57370,59454,63461,3000,3000,3000,3000,5000,0,Yes
90000,Female,2,1,34,-2,-2,-2,-2,-2,-2,1905,1924,11855,665,0,665,1924,11855,10655,0,665,0,No
30000,Female,2,1,38,1,2,2,0,0,0,29803,30766,29918,29071,29527,30480,1734,0,1148,1034,2667,0,No
30000,Female,3,1,29,-1,-1,-1,0,0,0,3489,14926,9937,8027,14709,7483,14969,9942,10,10022,384,0,No
50000,Female,3,2,23,0,0,0,0,0,0,47486,47963,33499,19227,19334,19735,1703,1304,680,696,717,677,No
150000,Male,2,2,31,0,0,0,0,0,0,148815,148090,133619,127043,112067,39901,5147,4900,4677,4707,1700,1000,No
280000,Female,2,1,42,-1,0,0,0,0,0,256675,253682,260274,153516,156830,152045,13000,11000,8000,5866,8000,5616,No
10000,Male,3,2,25,0,0,0,0,0,0,6892,7915,10086,18714,9781,9979,1294,2465,500,1000,500,0,No
160000,Female,2,1,35,0,0,0,0,0,0,96515,139439,141416,112497,119511,119763,50439,6000,5000,9000,4000,4000,No
160000,Female,2,1,30,0,0,-2,-2,-2,-2,51400,0,0,0,0,0,0,0,0,0,0,0,No
390000,Male,1,1,46,-1,-1,-1,-1,-1,-1,6346,94921,53796,6009,9096,3267,94921,53796,6009,9096,3267,2901,No
50000,Male,2,2,22,0,0,0,0,0,0,34033,34622,19993,18852,18020,18537,1342,1500,700,651,1000,1000,Yes
50000,Male,2,2,26,0,0,-1,-1,-1,-1,18838,385,11500,2756,7000,12025,0,11615,2756,7000,12025,1880,No
150000,Male,2,2,28,0,0,0,0,0,0,95322,96903,94682,89207,46259,50504,3216,2338,2653,2001,5012,2058,No
50000,Male,3,2,23,0,0,0,0,0,0,47104,25555,16097,16337,16330,16708,2000,1500,800,700,650,700,No
190000,Female,1,2,39,0,0,0,0,0,0,83369,81617,83351,82989,83760,85707,3853,4000,3000,3200,3500,3500,No
10000,Male,3,2,29,2,2,6,6,6,6,142,142,142,142,142,142,0,0,0,0,0,0,Yes
210000,Female,1,2,37,1,-2,-1,0,0,0,-200,-200,199672,199272,199272,0,0,199872,0,0,0,0,No
230000,Male,1,2,32,-2,-2,-2,-2,-2,-2,1470,0,1470,735,419,316,0,1470,735,419,316,735,No
150000,Female,1,1,52,-1,-1,0,-1,0,0,5094,29137,25772,48635,25907,7513,29148,25000,48635,13907,1513,46798,No
230000,Female,1,1,34,-1,0,0,0,-1,0,4358,6020,9938,9865,6981,12157,3000,5000,5828,6981,6157,6342,No
80000,Female,1,2,28,1,2,0,0,0,2,4885,3482,4251,4047,3547,221,0,1000,500,1000,0,1000,No
160000,Female,5,2,31,-1,-1,-1,0,-1,-1,1790,0,31568,17638,1285,2705,0,31568,353,1285,2705,0,No
500000,Female,1,2,27,-1,-1,-1,-2,-2,-1,33299,60857,26324,26091,9558,4242,60957,27056,26096,9605,4242,930,No
130000,Female,1,1,47,0,0,0,0,0,0,113470,110794,65715,67523,68131,68140,4000,3000,5500,3000,3000,1700,No
10000,Female,3,1,46,0,0,-2,-2,-1,0,10400,0,0,0,1864,1720,0,0,0,1864,50,1500,No
20000,Female,2,1,45,-1,-1,-1,-1,-1,-1,650,264,264,264,654,654,264,264,264,1044,654,264,No
30000,Male,3,2,27,0,0,0,0,-1,-1,18556,20252,22419,22075,29466,28911,2000,3008,5066,29572,1911,1000,No
320000,Female,1,1,39,0,0,0,0,0,0,206461,117168,128832,133329,53870,13185,5000,15000,5000,5000,3000,5000,No
10000,Male,2,2,23,3,2,2,2,2,2,10034,9239,10025,10227,9933,9884,0,1600,500,0,1000,0,Yes
20000,Male,3,2,35,0,0,0,0,0,0,17365,19001,20269,18654,18914,20200,2618,2276,791,686,1600,0,No
50000,Male,2,2,25,1,4,3,2,2,0,53086,51981,50805,51518,50713,51309,0,0,1800,108,2400,1926,No
310000,Male,1,2,28,0,0,0,0,0,0,153620,147023,127390,129886,130676,127738,6603,4600,4507,4027,4025,4018,No
80000,Male,2,2,34,0,0,0,0,0,0,66122,92131,47655,43182,44332,45440,2600,4300,2000,2000,2000,2000,No
170000,Male,1,2,43,-1,-1,-1,-1,-1,-1,1866,5750,200,41467,1028,2643,5750,200,41467,1328,2643,126,No
10000,Female,3,3,52,2,0,0,2,0,0,9970,9625,9622,7773,5968,5380,2001,1801,0,700,1300,3200,Yes
30000,Male,3,2,41,1,-2,-2,-2,-2,-2,0,0,0,0,0,0,0,0,0,0,0,0,No
170000,Female,3,2,46,-1,-1,-1,-1,-1,-1,1986,1050,170,2785,3128,505,1050,170,2785,3128,505,190,No
230000,Female,1,1,32,-2,-2,-2,-2,-2,-2,700,1428,600,0,0,0,1428,600,0,0,0,0,No
50000,Female,2,2,23,0,0,0,0,-1,2,16139,17261,14354,8713,1781,1615,1400,1000,500,1781,0,0,No
300000,Female,1,1,52,1,-2,-2,-2,-2,-2,0,0,0,0,0,0,0,0,0,0,0,0,No
210000,Male,2,1,37,1,-2,-2,-1,-1,-1,0,0,0,150,150,150,0,0,150,150,150,100,No
20000,Female,3,1,36,0,0,2,0,0,0,21309,22693,20899,20014,19331,17176,3150,0,800,850,660,650,No
20000,Female,2,1,32,0,0,0,-2,-2,-2,16434,17191,0,0,0,0,1500,0,0,0,0,8000,No
20000,Female,2,2,25,2,2,2,0,0,0,16923,20319,19543,19534,19320,12442,4000,0,391,386,249,0,No
80000,Male,1,2,29,0,0,0,0,0,0,31637,27137,25986,23496,23601,24650,1734,2000,2000,2000,2000,2000,No
30000,Female,2,3,22,0,-1,0,0,0,0,7928,2318,22430,20457,13964,14872,2318,22000,1000,1000,1000,1000,No
200000,Male,1,2,33,2,2,2,2,2,2,156558,167453,170010,172226,175918,179441,15000,6800,6500,6600,6600,5200,Yes
210000,Male,1,2,31,2,-1,-1,0,-1,-1,1172,380,1552,776,776,1359,380,1552,0,776,1359,20302,No
330000,Female,1,1,42,-1,-1,-1,-1,-1,-1,899,7445,0,3899,2707,8000,7448,0,3899,2707,8000,0,No
30000,Male,2,2,25,2,2,2,2,2,2,14420,15390,14846,16098,15700,16784,1500,0,1500,0,1500,0,Yes
280000,Male,1,1,39,-1,-1,-1,-2,-2,-1,17489,7542,2219,3008,849,1763,7614,2226,3008,1255,152446,0,No
300000,Male,1,1,37,-1,-1,-2,-2,-2,-2,1943,0,0,0,0,0,0,0,0,0,0,0,No
10000,Male,3,1,42,1,2,0,-1,0,0,6091,6837,7666,9270,7897,8763,1000,1000,9501,500,1000,1000,No
50000,Female,2,2,24,0,0,0,0,0,0,27788,19742,20672,16336,16921,17489,2000,1600,1000,1000,1000,500,No
280000,Male,2,1,49,-1,-1,-1,-1,-1,-1,390,390,390,390,390,150,390,390,390,390,150,780,No
20000,Male,2,1,51,0,0,0,0,0,0,14681,14777,15025,16504,17950,19558,1562,1200,2000,2000,2000,3000,No
130000,Male,2,2,32,-1,-1,-1,-1,-1,-1,1496,1496,1496,1496,1496,1496,1496,1496,1496,1496,1496,1496,No
20000,Male,2,2,25,0,0,0,0,0,0,18193,18804,19324,18692,16035,12262,1800,1200,559,532,424,620,No
120000,Female,2,2,26,-1,-1,-1,-1,-1,-1,5820,216,3858,6849,2616,2805,216,3858,6849,2616,2805,3926,No
400000,Female,1,2,33,-1,-1,-1,-1,-1,-1,7768,31313,8744,11640,41432,20075,31330,8853,11816,41432,20974,44135,No
300000,Female,2,2,39,-1,-1,-1,-1,-1,-1,6293,5483,990,990,990,990,5490,990,990,990,990,990,No
30000,Female,2,2,23,0,0,0,0,0,0,12775,13864,14927,15378,15978,16560,1600,1600,1000,1000,1000,1000,No
20000,Male,2,1,47,0,0,0,0,0,0,14835,16605,19160,14506,12839,8495,3000,3000,5000,5000,3000,511,Yes
320000,Female,2,1,43,-1,-1,-1,-1,-1,-1,24685,27002,82271,5315,33059,908,30161,82271,5315,33059,908,6382,No
80000,Male,2,1,57,0,0,0,0,0,0,54211,55348,56477,57601,58807,60300,2007,2047,2060,2133,2469,2493,No
160000,Male,3,1,59,-2,-2,-2,-2,-2,-2,-220,390,170,-220,390,390,1000,170,0,1000,390,390,No
80000,Female,3,2,50,0,0,0,0,0,0,46914,47918,47620,48571,48525,43987,2210,1700,1614,1600,1600,1600,No
280000,Female,3,2,47,-1,-1,-1,-1,-1,-1,27572,38918,27000,27000,0,30460,39787,29000,27000,0,30460,5983,No
210000,Female,1,2,28,1,-2,-2,-2,-2,-2,0,0,0,0,0,0,0,0,0,0,0,0,Yes
250000,Female,1,2,27,0,-1,-1,-2,-2,-2,8769,990,0,0,955,8175,990,0,0,955,8200,2434,No
120000,Female,1,2,27,-1,-1,-1,-1,-1,2,3215,700,700,10673,9671,9332,700,700,10673,2550,0,10000,No
20000,Female,2,2,27,0,0,0,0,0,0,15685,16731,18048,18102,18491,19173,1300,1600,650,681,1000,1000,No
200000,Female,2,2,35,0,0,0,0,0,0,72450,52795,41861,34531,1794,-345,5556,1000,2000,1000,0,0,No
100000,Male,1,1,45,0,0,0,0,0,0,42049,43570,44601,45598,46752,48008,2200,2100,2000,2000,2010,2006,No
80000,Female,2,1,53,0,0,0,0,0,0,48688,101878,20475,20325,20276,20662,2530,3990,850,800,1100,1100,No
200000,Female,1,1,38,-1,-1,-1,-1,-1,-1,5221,6875,5129,14997,2996,5525,6877,5129,17653,2996,6143,3538,No
50000,Female,2,2,28,0,0,0,0,0,-2,47813,33463,29628,31230,0,0,1900,2000,2000,0,0,0,No
500000,Female,2,2,31,0,0,0,0,0,0,43818,45021,49283,66144,75191,80619,5000,5040,17604,10000,10000,10200,No
50000,Male,1,2,25,0,0,2,2,2,2,44663,48045,47306,49296,47220,49584,4100,400,3000,2,4005,6,No
450000,Female,1,1,29,0,0,0,0,0,0,72622,6920,7700,9700,11700,0,2000,1000,2000,2000,0,0,No
130000,Female,1,2,30,-1,-1,-1,-1,-1,-1,780,0,390,540,540,636,0,390,540,540,636,3636,No
220000,Female,1,2,29,-2,-2,-2,-2,-2,-2,-37,5645,11731,-729,-5960,-5960,5682,11742,0,5231,0,0,No
210000,Female,2,1,38,-2,-2,-2,-2,-2,-2,390,780,0,0,4853,5190,780,0,0,4853,5190,0,No
50000,Male,1,2,57,0,0,0,0,0,0,50698,51030,49984,20155,19959,20194,2100,1320,704,716,733,702,No
260000,Male,2,2,31,0,0,-1,-1,-1,0,260783,54254,24119,16887,149104,127342,1743,24145,16900,150241,5285,942,No
50000,Male,2,1,37,0,0,0,0,0,0,49045,50174,43647,19305,20025,18584,2000,2000,1000,1000,1000,1000,Yes
20000,Male,2,2,28,2,2,2,2,2,2,12762,12272,14255,13729,14706,14320,0,2500,0,1200,0,1500,Yes
170000,Male,2,1,34,1,2,2,2,2,0,91450,90486,86004,64363,55912,54500,3400,0,3957,0,2200,1300,Yes
100000,Female,2,2,34,0,0,0,0,0,0,104660,104108,102066,99186,97140,95123,4589,4516,3645,3649,3724,3236,No
200000,Female,2,2,30,-1,0,0,-1,-1,-1,11916,23694,26397,12674,14068,6468,12366,11000,12674,14445,6867,399,Yes
300000,Female,1,2,39,0,0,0,0,2,0,89792,91558,93741,99802,97711,99538,4500,5000,8000,0,4000,4200,No
360000,Female,2,2,28,3,2,2,-2,-2,-2,2500,2500,0,0,0,0,0,0,0,0,0,0,Yes
140000,Male,1,2,33,0,0,0,0,0,0,128891,103523,86543,68972,47268,2299,4637,2083,1503,1083,1121,67243,No
360000,Female,2,2,28,-1,-1,-1,-1,-1,-1,220,2755,1380,0,1999,-1,2755,1380,0,1999,0,500,No
150000,Female,2,1,43,0,-1,0,-1,-1,0,32283,18361,9160,13596,11457,29550,18361,1000,13596,11457,18550,0,No
280000,Male,2,1,37,0,0,0,0,0,-1,149227,152331,153080,156000,160000,40485,5505,3258,3120,4000,100045,10000,No
230000,Female,2,1,46,-1,-1,-1,0,-1,-1,1443,1443,2886,1443,1443,1443,1443,2886,0,1443,1443,1443,No
80000,Female,3,1,46,0,0,0,0,0,0,70324,66864,32990,30059,28786,29371,3000,2003,1500,1200,1200,1500,No
50000,Male,1,2,32,0,0,0,-1,0,0,20542,10858,0,777,793,26793,1411,0,777,16,26000,1000,No
180000,Male,1,2,30,1,-1,-1,-2,-2,-2,0,1186,0,0,0,0,1186,0,0,0,0,0,Yes
100000,Male,2,2,34,2,2,2,2,2,2,32685,36546,37152,36258,38512,37741,4400,1500,0,3000,0,4000,Yes
30000,Male,1,2,30,1,2,2,2,0,0,21996,21356,23496,22820,23352,23963,0,2500,0,900,1000,1200,Yes
80000,Male,1,1,37,2,2,2,2,2,2,57844,59038,57501,60424,61811,63142,2700,0,4500,2500,2500,2400,No
500000,Female,1,1,39,-1,0,-1,-1,-1,-1,28852,112344,26834,33120,21771,52277,90668,26834,33452,21881,52539,57159,No
150000,Female,2,2,33,-2,-2,-2,-2,-2,-2,6806,2774,0,500,399,0,2779,0,500,399,0,0,No
50000,Female,2,2,22,1,2,0,0,2,0,8566,8287,9288,9990,9694,9879,0,1300,1000,0,500,500,No
260000,Female,1,1,42,-2,-2,-2,-2,-2,-1,6000,4856,4328,15711,0,127395,4570,4353,17767,23209,127395,0,No
410000,Female,2,1,35,0,-1,-1,0,-1,-1,11193,1831,13745,6033,8326,8926,1831,13745,121,8326,8926,26392,No
100000,Female,2,1,39,0,0,0,0,0,0,100549,94471,57529,58070,58615,58760,3711,3155,1696,1889,1764,1714,No
90000,Female,3,1,37,0,0,0,0,0,0,62460,63354,64528,65815,67350,68605,2500,2300,2281,2519,2451,2300,No
50000,Male,1,2,32,2,0,0,2,0,0,16434,17550,21414,20774,21177,21612,1688,4476,0,888,788,1088,No
200000,Female,2,1,51,1,2,2,0,0,2,93215,95336,93114,94239,99428,101843,4300,0,3365,6700,4000,3500,No
240000,Male,1,2,33,-1,-1,-1,-1,-1,-1,6785,57953,20367,6997,15607,44412,58243,20469,7032,15685,44513,20159,No
360000,Male,1,2,29,-1,2,-1,0,0,-1,6167,3506,10845,8336,5878,12903,17,10859,380,187,12966,1038,Yes
80000,Female,3,1,30,2,2,2,2,2,2,41687,42719,43018,44013,45058,46068,2000,1300,2000,1900,1900,0,Yes
260000,Male,3,1,49,-2,-2,-2,-1,-1,-2,8654,15260,6790,10070,585,435,15328,6914,10098,585,435,427,No
70000,Female,2,2,55,0,0,0,0,0,0,53214,54571,42413,42946,43843,44714,2230,2004,1537,1589,1598,1654,No
30000,Female,3,2,43,0,0,0,0,0,0,26828,25352,26553,26554,18869,12359,1588,1789,790,471,352,121,No
290000,Female,2,1,35,0,0,0,2,0,0,260698,267453,278924,235368,232117,230763,11019,20326,44,10035,10034,10062,No
110000,Female,2,1,46,0,0,0,0,0,0,110950,111750,111227,110849,110575,110394,4088,3912,3888,3975,4162,3945,Yes
110000,Male,2,1,30,0,0,3,2,2,2,57503,66128,64477,65413,66520,68270,9600,0,2600,2300,3000,5200,Yes
200000,Male,2,1,40,0,0,0,0,0,0,93700,95991,15040,14074,14758,15442,4512,2010,1000,1000,1000,0,No
70000,Female,3,2,22,0,0,0,0,0,0,52899,45758,37858,29660,29519,29457,1726,3028,1026,1195,1060,1031,No
150000,Female,2,2,29,0,0,0,0,0,0,84357,86398,64763,66093,62568,63828,2841,3000,1839,1773,1792,1846,No
340000,Female,2,2,43,0,0,2,0,0,0,106867,117152,113312,114379,113627,112193,12002,0,4387,4634,4519,2402,No
30000,Female,2,2,25,2,0,0,0,0,0,10343,11069,12082,12473,12623,27460,1200,1201,592,500,1500,0,Yes
200000,Male,1,1,40,-1,-1,-1,-1,-1,-1,390,394,388,822,386,540,400,390,830,400,550,310,No
400000,Female,2,2,44,-1,-1,-1,-1,-1,-1,4988,2986,96868,33745,5143,1601,3003,97353,33913,5168,1611,0,No
110000,Female,2,1,41,0,0,0,0,0,0,52388,41742,43852,39840,32801,33174,1780,3306,1108,1126,1269,679,No
420000,Male,2,1,36,0,0,0,0,0,0,56068,55115,19304,22304,28465,38182,15005,10013,10000,10000,20000,20000,No
150000,Female,5,1,45,0,0,0,0,0,0,232587,259740,241615,139741,144692,124197,30032,25099,80000,120000,95000,30000,No
290000,Female,1,1,36,0,0,0,0,0,0,97733,91270,79396,69925,71794,73597,3500,3000,3000,3000,3000,3000,No
160000,Male,1,1,58,1,-2,-2,-2,-1,-1,0,0,0,0,4816,0,0,0,0,4816,0,0,No
50000,Male,3,2,31,-1,-1,-1,-2,-2,-2,44461,8635,-2550,-3300,-3300,-3300,1000,0,0,0,0,0,Yes
150000,Male,1,2,25,0,0,0,0,0,0,132684,128111,120509,74837,74391,66932,5713,12137,9005,2528,3119,2548,No
500000,Female,1,2,29,0,0,-1,0,0,-1,82715,29004,104650,75583,26728,78226,7057,134011,8000,10000,78226,50000,No
140000,Female,2,2,26,0,0,0,0,0,0,54868,56983,59152,67288,71674,31374,3000,4000,9500,5000,2000,1400,No
230000,Male,1,1,46,-1,-1,-1,0,0,0,519,518,2784,2360,1908,97,518,2784,32,0,0,0,Yes
60000,Female,2,2,26,0,0,0,0,0,0,53986,47413,36527,28170,28963,29456,2050,2011,1200,1400,1200,800,No
150000,Male,2,1,38,-1,-1,-1,-1,-1,-1,509,14310,980,1000,1132,8774,14310,980,1000,1132,8774,10867,No
340000,Female,1,2,29,-1,-1,-1,2,0,0,2688,11432,12411,9119,29280,23093,11486,12824,10,29047,6153,3523,No
140000,Male,1,2,30,0,0,-2,-2,-1,-1,5600,0,0,0,5302,10251,0,0,0,5302,5251,0,No
20000,Female,1,1,41,1,3,2,0,0,-1,6249,5965,2417,1616,1616,3067,0,0,0,0,3067,0,No
20000,Male,3,1,44,-1,-1,-1,-1,0,0,2522,169,1261,1170,780,390,169,1261,1170,0,0,0,No
300000,Female,1,1,29,0,0,0,0,0,0,64437,65905,67344,69268,70647,73044,2000,2000,2500,2100,3000,2000,No
200000,Female,1,1,64,-1,-1,-1,0,0,-1,2035,1261,69048,3352,1992,1176,1261,69054,2000,0,1176,11099,Yes
180000,Male,1,2,28,0,0,0,0,0,0,180387,182361,184097,177870,169767,175867,9000,8500,8500,8000,14250,8000,No
350000,Male,1,1,62,-1,-1,-1,-1,-1,-1,83393,10237,14580,61024,86809,177816,10237,14580,61024,86809,177816,82610,No
160000,Male,1,2,28,-1,-1,-1,0,0,-1,3236,-524,3003,737,0,894,0,3740,0,0,894,0,No
20000,Female,3,1,42,2,0,0,0,2,2,20205,16882,18094,19592,19930,20353,1500,1500,1800,800,900,36,Yes
130000,Male,1,2,28,1,-1,-1,-2,-2,-2,0,3000,0,0,0,0,3000,0,0,0,0,1000,No
180000,Female,1,1,43,0,0,0,0,0,0,166569,144637,137261,135904,127905,129465,6000,6382,5000,4649,5084,4564,No
220000,Female,2,1,36,2,2,2,0,0,0,195725,197466,189149,187531,187856,186532,8200,0,7000,7000,7200,23700,Yes
120000,Female,2,2,25,0,0,0,0,0,0,54628,55235,45025,43834,43449,44675,2200,2000,1700,2000,2100,1500,No
150000,Female,1,2,29,-2,-2,-2,-2,-2,-2,2889,3469,1791,570,0,0,3469,1791,570,0,0,399,Yes
180000,Male,1,2,29,-1,-1,-1,-1,-1,-2,18213,4390,1016,4745,0,0,4390,1016,4745,0,0,1400,No
440000,Male,1,2,30,-2,-2,-2,-2,-2,-2,390512,200426,170209,136020,101744,78482,10063,7784,4632,3458,2671,2027,No
190000,Female,2,1,35,0,0,0,0,0,0,189420,192058,185995,188649,190700,185912,8900,6700,6699,7400,6900,7400,No
160000,Female,2,1,40,-2,-2,-2,-2,-2,-2,766,766,766,766,0,27547,766,766,766,0,27547,20238,Yes
20000,Male,2,1,37,0,0,0,0,-1,-1,6372,2818,3734,3826,2110,2054,1100,1000,500,2110,2054,2505,No
30000,Male,3,1,44,0,0,0,0,0,0,10056,11387,12192,12986,13775,14393,1500,1300,1000,1000,1000,1000,No
420000,Male,1,1,32,1,-2,-2,-2,-1,-1,8120,2205,-94,6300,1047,67631,1011,0,6394,1047,67643,2005,No
370000,Female,1,2,28,0,0,0,0,0,0,68452,71014,72547,74501,76058,77572,3513,3046,3000,2589,2603,2695,No
60000,Male,2,2,35,1,2,0,-1,-1,0,62522,60932,113580,673,28976,29719,0,1680,2752,59358,1231,1200,No
180000,Male,2,2,43,0,0,0,0,0,0,106765,99297,69691,71234,72930,75734,10000,5000,2703,3000,4013,10000,No
90000,Female,3,2,25,0,0,0,0,0,0,16977,19612,5613,5613,10113,10113,3000,3000,0,4500,0,3440,No
250000,Female,2,2,24,2,0,0,0,0,0,69770,70954,70681,69497,41367,17004,3562,1914,1517,2000,8001,295,Yes
30000,Female,1,2,25,0,0,0,0,0,-2,25115,26287,26602,21000,0,0,1886,1620,0,0,0,0,Yes
140000,Male,1,1,41,-1,-1,-1,-2,-2,-1,4523,12171,0,0,0,10832,12171,0,0,0,10832,0,No
180000,Female,1,2,26,0,0,0,0,0,0,51699,48469,49553,49772,50829,51234,2200,2200,2000,2000,2100,1600,No
70000,Female,1,2,30,0,0,0,0,0,2,12196,13291,14563,14625,15589,15189,1300,1500,600,1200,0,600,No
320000,Female,2,2,36,-2,-2,-2,-2,-2,-2,29862,33785,4900,15813,0,0,5000,4905,15873,0,0,21657,Yes
20000,Male,2,2,29,0,0,0,0,0,-2,3785,4871,7817,7977,0,0,1154,3100,160,0,0,0,Yes
30000,Male,1,2,25,0,0,0,0,0,0,19041,20232,21293,22040,22786,23410,1500,1400,1100,1100,1003,2000,Yes
500000,Male,1,2,31,0,0,-1,0,0,0,239824,226716,115610,89359,63609,123128,5614,118640,5841,6000,100000,5000,No
50000,Male,2,3,41,-1,-1,0,0,0,0,780,12667,6713,6452,6188,4048,12667,1055,184,182,153,100,No
20000,Male,3,1,44,0,0,0,0,0,0,5855,6874,8037,8253,8427,9468,1122,1285,500,307,1182,0,No
10000,Female,3,1,51,2,2,-2,-2,-2,-1,103,-677,-677,-1067,-747,71,0,0,0,1100,818,1418,Yes
500000,Female,3,1,45,-2,-2,-2,-2,-2,-2,338,338,98,522,285,950,338,98,522,285,950,285,No
20000,Male,1,2,25,2,2,4,4,3,2,2902,6888,7638,7388,6991,33327,4200,1000,0,0,27150,900,Yes
200000,Female,1,1,28,0,0,0,0,0,0,40559,44565,46815,52978,53970,56064,5000,3000,7000,2000,3000,3000,No
10000,Male,2,1,31,0,0,0,2,0,0,6106,7199,10215,9943,9758,9335,1200,4442,0,1200,1200,0,No
50000,Female,3,1,43,2,2,2,2,2,2,44865,46760,47390,44520,45310,44430,2923,1700,0,3500,0,2000,Yes
320000,Female,2,1,35,-1,0,0,0,0,0,177391,182132,101849,92474,95279,77536,8200,4364,18000,4000,2576,5000,No
50000,Male,2,1,41,0,0,0,-2,-2,-1,48729,19598,0,0,0,402,1000,402,0,0,402,19603,No
30000,Female,1,1,41,0,0,0,0,0,-2,15636,4542,4075,3668,0,0,2000,1000,1000,1000,1800,0,No
110000,Male,3,2,36,-1,-1,-1,-2,-2,-2,2509,1260,0,0,0,0,1260,0,0,0,0,0,Yes
50000,Female,1,1,35,1,-1,-1,0,0,-2,0,354,134,134,0,0,354,134,0,0,0,190,No
140000,Female,1,2,29,1,2,0,0,0,0,112592,108669,110174,111079,113439,114983,0,5500,4900,5000,4112,4500,No
90000,Female,1,1,44,-1,-1,-2,-2,-2,-2,539,0,0,0,0,0,0,0,0,0,0,0,No
60000,Male,2,1,49,0,0,0,0,0,0,59578,66781,65508,17677,19481,19205,22000,2188,2501,2512,4005,2604,Yes
20000,Male,2,2,24,2,2,2,2,2,2,16276,16715,18327,17735,19446,18988,1000,2200,0,2000,0,1200,No
340000,Female,1,1,62,0,0,0,0,0,0,509365,522309,534137,466565,466774,471573,20309,20137,16565,16774,21573,21000,No
30000,Male,2,2,29,1,3,2,0,0,0,31986,31189,29634,28174,27307,24449,0,4,1020,1110,989,982,No
170000,Male,1,1,35,-1,-1,-1,-1,-1,-1,481,326,526,526,635,760,326,526,526,635,760,526,Yes
130000,Male,1,1,45,2,0,0,2,2,2,53709,55244,58716,57174,61240,61284,3000,5000,0,5000,1200,3000,Yes
250000,Female,2,1,44,0,0,2,2,2,0,6107,8837,8535,10647,10352,12788,3000,0,3000,0,3000,3000,No
200000,Female,2,1,36,-1,-1,-1,-1,-1,-1,390,1308,1662,14490,34902,390,1308,1662,14987,34902,390,7500,No
10000,Female,2,1,49,0,0,0,0,0,0,3100,4116,5280,5543,5605,5717,1073,1237,500,300,205,300,Yes
180000,Female,2,2,29,-1,-1,-2,-2,-1,2,13936,0,0,0,1030,440,0,0,0,1030,0,0,No
230000,Female,1,2,29,-1,-1,-1,-1,-1,-1,8916,318,725,2586,3198,4260,318,725,2592,3198,4260,4944,No
200000,Female,3,1,45,-1,-1,-1,-1,-1,-1,11025,6959,887,1462,15195,17933,6959,887,1462,15195,17933,887,No
130000,Male,3,2,28,-1,-1,-1,-1,-1,-1,3964,600,0,631,0,427,600,0,631,0,427,1747,No
230000,Male,1,2,26,-1,-1,-1,-1,-1,-1,1099,19686,3036,4806,-1,1699,19686,4000,4806,0,1700,3658,No
80000,Female,2,2,25,0,0,2,-1,-1,-1,57994,17695,7987,2622,2449,-331,3327,44,2629,2457,0,0,No
80000,Female,1,1,35,-1,-1,-2,-2,-1,-1,1000,0,0,0,490,707,0,0,0,490,707,450,Yes
260000,Female,2,1,45,-1,-1,-1,-1,-1,-1,7893,5923,5601,5480,5911,5963,5923,5601,5482,5911,5963,5757,No
20000,Male,3,2,26,2,0,0,0,0,0,14081,15835,16985,19985,9421,9764,2000,2000,3000,1000,500,1000,Yes
200000,Female,2,1,34,-1,0,-1,-1,-1,-1,795,1795,3618,0,1496,0,1000,3618,0,1496,0,0,Yes
80000,Female,2,2,23,0,0,2,0,0,0,54658,45978,32431,27674,23304,6586,5573,5,2000,1000,132,1998,No
100000,Female,1,2,42,0,-1,-1,0,0,0,60380,58567,79527,18950,19667,18531,2200,22004,656,1000,396,300,No
80000,Female,1,2,27,0,0,0,0,0,0,76306,75970,77468,60167,57474,58815,3600,3574,2300,2300,2300,2200,No
20000,Female,2,2,48,0,0,0,0,2,-1,7684,8565,4519,3520,1680,5285,1200,2008,1680,0,5285,0,No
200000,Female,2,1,26,0,0,0,-1,-1,-1,15150,16311,16900,5000,0,282,1411,1000,5000,0,282,8423,No
120000,Female,2,1,41,2,0,0,0,0,2,36850,40232,41256,44063,46686,48768,4000,2000,3500,3500,3000,0,Yes
30000,Male,3,2,50,2,0,0,0,0,0,46868,42397,38569,33570,19895,30125,1800,2200,1400,2000,30000,997,Yes
200000,Male,1,2,37,0,0,0,0,0,0,118134,126591,134110,139209,135902,138997,15034,20038,20019,5014,10047,10238,No
80000,Female,3,2,38,0,0,0,0,0,0,77929,77711,74525,61360,49359,48253,3006,2747,2344,1756,1758,1717,No
500000,Male,1,2,40,0,0,0,0,0,0,353356,320704,321094,317546,279250,239172,17000,11684,15000,8995,9457,10000,No
120000,Female,1,1,37,-1,-1,-1,-1,-1,-1,696,-4,1878,407,247,1817,0,1882,407,247,2000,0,No
220000,Female,2,1,41,-1,0,0,-1,-1,-1,4016,3962,2908,3054,3054,0,3000,2000,3200,3054,0,0,No
360000,Male,2,1,34,0,0,2,0,0,-1,6287,3580,2224,1206,-11,2216,2505,5,12,0,2227,0,No
210000,Female,1,1,35,0,0,0,-2,-2,-2,142422,143650,0,0,0,0,6500,0,0,0,0,0,No
160000,Female,1,1,28,1,3,2,0,0,0,4529,4269,1170,780,780,0,0,0,0,0,0,0,Yes
100000,Female,1,2,29,-2,-2,-2,-2,-2,-2,0,0,0,0,0,0,0,0,0,0,0,0,Yes
400000,Female,1,2,31,-1,-1,-1,-1,0,0,4209,14858,28082,20188,68992,27613,14894,28222,20214,57060,16017,115710,No
110000,Female,2,1,46,0,0,0,0,0,0,111301,69352,58442,55485,53539,41193,3075,3000,2000,2941,1512,2040,No
500000,Female,2,1,48,0,0,0,0,0,0,39734,149570,137549,130893,108030,144938,117243,4500,4500,5000,50000,4578,No
130000,Male,2,2,27,0,0,0,0,0,0,116646,113851,110317,108099,106028,104253,5578,4000,3863,3831,4136,5385,No
240000,Male,1,1,39,-1,-1,-1,-1,-1,-1,33984,2300,6904,15980,0,9060,3000,7104,15980,0,9060,3935,No
100000,Female,2,1,40,-2,-2,-2,-2,-2,-2,-14,1452,4091,3011,5955,0,1466,4091,3020,5955,0,2835,No
150000,Female,2,1,38,-1,-1,-1,-1,-1,-1,5195,4177,7444,19997,4095,52207,4185,7447,20013,4095,25869,0,No
30000,Female,2,2,46,1,-1,0,0,0,0,8891,24501,24886,25014,29356,25515,28001,1245,763,5000,1164,9114,No
210000,Female,2,1,35,-1,-1,-1,-1,-1,-1,1338,1508,1409,1549,2454,946,1508,1409,1549,2454,946,1525,No
100000,Female,1,2,30,-1,2,0,0,-1,-1,14729,5691,11440,7470,44097,56328,0,6000,0,44097,15000,0,No
30000,Female,3,2,40,-1,2,-1,0,-1,-1,780,390,650,260,370,-20,0,650,0,500,0,800,No
30000,Female,3,2,34,-1,-1,-1,-1,-1,-2,9318,10621,15685,5476,0,0,10621,15685,5827,0,0,0,No
80000,Female,3,1,34,2,3,2,2,2,0,78489,76697,74847,79620,78257,79953,0,0,6000,0,3200,3000,No
30000,Female,2,2,24,2,2,7,7,7,7,2550,2550,2550,2550,2550,2550,0,0,0,0,0,0,Yes
70000,Female,3,2,41,0,0,0,0,0,0,32581,32888,33481,33683,34227,34327,2000,1500,1138,1806,1383,1250,No
470000,Female,1,2,27,-1,-1,-1,-1,-1,-1,2981,3182,1512,3657,6556,3772,3182,1512,3657,6556,3772,957,No
180000,Female,1,1,39,1,-2,-2,-2,-2,-2,0,0,0,0,0,0,0,0,0,0,0,0,Yes
20000,Male,2,1,32,0,0,0,0,0,0,17106,18282,19424,19208,19600,20000,1458,1600,384,392,400,0,Yes
420000,Male,1,1,60,0,0,0,0,0,0,195379,198147,200431,200252,202789,205082,8003,7529,10005,8015,10018,7715,No
100000,Female,2,2,29,0,0,2,0,0,2,95205,102039,99504,94453,99711,97944,9300,0,3400,6800,0,3500,Yes
130000,Female,3,1,53,0,0,0,0,0,0,18614,20343,22386,24296,25436,27451,2343,2386,2296,1536,2451,2659,No
200000,Male,1,1,34,-1,-1,-1,-1,-1,-1,780,0,390,3672,390,390,0,390,3672,390,390,390,No
150000,Male,1,2,44,1,2,-1,-1,0,0,10710,4982,800,56800,54588,-7,137,15800,56800,0,7,79447,No
410000,Female,1,2,30,0,-1,-1,0,0,-1,6972,3188,15106,15313,10959,8341,3188,15106,6000,0,8341,17331,No
30000,Male,1,1,40,-1,-1,-1,-1,-1,-1,1047,447,318,258,0,318,447,318,258,0,318,1991,Yes
20000,Male,2,2,23,1,2,0,0,0,-2,9352,9059,9823,10023,0,0,0,1000,200,0,0,0,Yes
130000,Female,2,2,30,0,0,0,0,-2,-2,126834,128882,15621,0,0,0,5802,1000,0,0,0,0,No
180000,Female,1,2,28,-2,-2,-2,-2,-2,-2,0,0,0,1430,0,0,0,0,1430,0,0,0,No
190000,Female,3,1,27,0,0,2,-1,-1,0,43903,53382,21811,2921,107441,108642,10882,0,2921,107441,4000,3700,No
30000,Female,2,1,53,0,0,0,0,0,0,26891,28151,28827,29412,26199,27116,2000,1500,1000,1000,1351,1000,No
170000,Male,1,2,28,0,0,0,0,0,0,73254,68005,63311,57304,51663,45795,2500,3000,2200,2000,1700,1500,No
120000,Male,3,1,32,1,2,2,2,2,2,110826,113572,114719,115736,117729,120601,6000,4500,4400,4000,5000,4700,No
50000,Male,2,2,34,1,2,2,2,0,0,35548,31713,50319,42805,39207,50155,0,21220,13,1510,15018,21,No
100000,Male,2,2,50,1,-1,-1,0,0,-2,0,2976,44591,8910,0,0,2976,44591,0,0,0,0,No
40000,Male,1,2,25,-1,-1,-1,0,0,-1,511,513,1531,1017,506,499,513,1531,0,0,499,0,Yes
300000,Male,1,1,45,-1,-1,-1,-1,-1,-2,1095,2930,2228,452,0,0,2941,2228,452,0,0,0,No
280000,Female,1,1,38,-1,-1,2,0,0,-1,5165,8559,6455,544,0,4694,6455,11,5,0,4694,5292,Yes
450000,Female,1,3,37,1,-2,-2,-2,-2,-2,0,0,0,0,0,0,0,0,0,0,0,0,No
260000,Male,2,2,30,0,0,0,0,0,0,7426,6887,7757,8172,8407,8681,2000,1757,2000,2000,2000,2000,No
50000,Female,3,1,39,0,0,0,0,-2,-2,43994,33508,37600,0,0,-5000,5000,5000,0,0,0,5000,No
50000,Female,2,1,29,2,2,7,7,7,6,2550,2550,2550,2550,2550,1950,0,0,0,0,0,0,Yes
240000,Female,2,1,36,0,0,0,0,0,0,227797,192920,185654,181350,186501,187457,10011,7722,9000,8000,7000,7000,No
70000,Female,2,1,32,1,2,2,2,2,2,22914,23953,23275,24584,24051,26654,1700,0,2000,0,3000,600,No
60000,Female,2,2,30,0,0,0,0,0,0,60922,59205,60850,40548,40580,40416,3205,2850,1578,1580,1416,2512,No
230000,Female,2,1,31,0,0,0,0,0,0,160413,149267,126107,105831,82694,65983,6011,5012,2000,2300,2400,1500,No
30000,Male,1,2,27,0,0,0,0,0,0,27159,27577,28838,28085,28428,29430,1500,1749,1200,1100,1465,1386,No
80000,Female,3,1,29,1,2,0,0,0,0,80867,75615,77343,78883,79915,80296,0,3000,2744,3022,6000,2800,Yes
360000,Female,2,1,40,-2,-2,-2,-2,-2,-2,0,0,0,0,0,0,0,0,0,0,0,0,No
200000,Female,1,1,49,0,0,0,0,0,0,51024,27254,36052,38440,40555,49699,10000,10021,5000,6000,10000,10000,No
150000,Female,1,2,37,-1,2,2,-1,-1,-2,180,1582,1402,3244,-13,-13,1402,0,3244,0,0,0,No
260000,Female,1,1,42,-2,-2,-2,-2,-2,-2,387,616,450,773,268,402,616,450,773,268,402,334,No
180000,Female,2,2,24,0,0,0,0,0,0,126420,130905,136925,56669,24610,20476,6519,10000,3000,2000,2000,1000,No
220000,Female,3,1,32,-1,0,0,0,0,0,8178,9509,9110,6401,7084,5625,9140,9046,6007,5030,5019,5018,No
180000,Female,1,2,40,0,0,0,0,0,0,42790,43899,45172,46121,95432,50984,1800,2000,2000,2332,5000,1000,No
90000,Female,6,3,46,0,0,0,0,0,0,77263,26691,21066,20422,20327,13619,8333,1494,600,1000,1000,257,No
20000,Male,2,2,24,0,0,2,0,0,0,14558,17212,16635,16678,17268,17563,3200,0,600,1840,800,626,No
290000,Female,2,2,31,0,0,0,0,0,0,172758,176718,181392,173856,172835,176710,8100,9000,6500,7000,6800,7000,No
210000,Male,2,1,35,-1,-1,2,0,-1,-1,396,1188,792,396,396,396,1188,0,0,396,396,396,No
20000,Male,1,2,31,0,0,0,0,0,0,18551,19595,20546,20250,19754,19833,1647,1598,692,697,777,797,No
310000,Female,1,2,27,0,0,0,0,0,0,115126,105687,102306,93929,87681,73479,5222,5197,4000,5000,3980,3271,No
240000,Male,2,1,42,0,0,-1,-1,-1,-1,66394,63650,7117,2898,5530,67010,1273,7117,2905,5530,46275,17446,No
310000,Female,2,2,29,0,-1,-1,0,0,-1,1469,1340,9794,15792,8944,88643,1340,9794,7004,1000,89137,4150,Yes
30000,Male,2,2,26,2,2,2,2,2,2,200,200,200,200,200,200,0,0,0,0,0,0,Yes
470000,Male,1,1,37,0,0,0,0,0,0,134561,226498,165474,120644,119006,110780,150055,7046,10000,15029,15017,10023,No
280000,Female,1,1,56,0,0,0,0,0,0,89739,73565,77944,81926,79277,78723,4000,6000,6000,7000,5000,5000,No
120000,Female,1,1,34,1,-2,-2,-2,-2,-2,0,0,0,0,0,0,0,0,0,0,0,0,No
240000,Male,2,2,28,-1,-1,-1,-1,-1,-1,4882,5205,2747,4594,4092,4361,5220,2773,4614,4104,4374,2443,Yes
800000,Male,2,1,53,-1,-1,-1,0,0,-1,7639,5552,64535,40814,12590,9339,11145,64657,131,247,9366,63482,No
320000,Female,1,2,30,-1,-1,-1,-2,-2,-1,1663,7025,1189,0,2701,2043,7025,1189,0,2701,2043,0,Yes
140000,Female,1,1,34,0,0,0,0,0,0,103288,98632,93615,91282,88128,87812,4500,4126,3509,3500,4000,3500,No
160000,Female,2,2,43,1,-2,-2,-2,-2,-1,0,0,0,0,0,695,0,0,0,0,695,0,No
330000,Female,2,2,33,0,0,0,0,0,0,166917,159118,149325,143242,138627,139977,7400,6600,4800,5000,5400,5100,No
230000,Female,1,1,24,-1,-1,-1,0,0,-1,35000,35000,44884,10086,6905,237,35000,44884,202,405,237,3566,No
50000,Male,2,2,25,-1,2,2,-2,-2,-2,1170,780,0,0,0,0,0,0,0,0,0,0,Yes
220000,Male,1,2,47,0,0,0,0,0,0,159351,162791,167631,169593,172967,183598,6000,7536,6231,6271,13500,0,No
90000,Male,1,2,30,-1,-1,-1,-1,-1,-1,1166,1918,930,930,2250,930,1918,1194,930,2250,930,930,No
20000,Male,2,1,26,1,2,2,2,2,2,11338,10870,12380,11884,12894,12540,0,2000,0,1203,0,1700,No
480000,Female,2,1,31,0,0,0,0,0,0,20824,21960,20885,19949,23031,27176,5004,5000,795,5000,5000,10000,No
140000,Male,1,1,36,0,0,0,0,0,0,40836,41878,42977,43960,45093,46342,2001,2100,2000,2000,2000,5000,No
160000,Male,1,1,41,0,0,0,0,-2,-2,97266,99466,102650,0,0,0,3769,5000,0,0,0,0,No
80000,Female,2,1,41,0,0,0,0,0,0,78337,77959,78206,72040,73733,75309,3500,3700,3000,3000,2793,3000,Yes
100000,Female,1,2,22,2,0,0,0,0,0,72222,73859,75427,76587,78711,80510,3400,3400,3000,3500,3200,2000,No
310000,Female,2,2,35,0,0,0,0,0,0,184404,180576,175348,139525,139156,115785,6225,5808,4312,4427,4524,4263,No
200000,Female,2,1,36,-1,-1,-1,-1,-1,-1,371,37647,371,2977,3784,10579,37647,371,2977,3784,10579,10546,No
100000,Female,2,1,39,2,2,0,0,0,0,78353,77726,79151,80249,82405,77011,1200,3400,2900,3500,3000,6100,Yes
240000,Female,1,2,26,1,-1,-1,-1,-1,-1,0,189,651,0,127,0,189,651,0,127,0,0,No
30000,Male,2,1,53,0,0,0,0,0,0,18112,18456,19004,19030,24541,26305,1329,1267,683,8000,2731,0,No
180000,Male,3,1,43,-1,-1,-1,-1,-1,-1,3690,15618,4685,238,218,6690,15682,4699,238,218,6710,11949,No
40000,Female,1,2,24,0,0,0,0,2,0,38272,39159,40007,41973,40689,40640,2000,2000,3100,0,1500,1500,Yes
70000,Female,2,1,31,0,0,0,0,0,0,71065,69311,70882,68678,69030,66791,2566,2775,2381,3000,2452,2608,No
50000,Female,2,2,22,0,0,2,0,0,0,30631,30479,28301,26829,27173,26424,4809,0,1200,1500,943,1142,No
500000,Male,2,2,30,1,0,0,0,0,0,2817,7682,47403,36067,46054,34290,5037,47221,5026,16005,2000,1000,No
200000,Female,1,2,33,-1,-1,-1,-1,-2,-2,390,0,780,0,0,0,0,780,0,0,0,0,No
250000,Male,1,1,51,2,2,2,2,2,2,2487,2487,2487,2487,2487,2487,0,0,0,0,0,0,Yes
50000,Male,1,1,49,1,2,2,0,0,0,48518,49244,45385,17912,31278,14818,1800,82,1500,10000,1062,549,No
180000,Male,2,1,33,1,-2,-2,-2,-2,-2,0,0,0,0,0,0,0,0,0,0,0,0,No
160000,Female,1,1,42,-1,-1,-1,-1,-1,-1,3607,4417,1058,2146,2534,2242,4417,1058,2146,2534,2242,2254,No
20000,Male,2,2,40,1,2,2,2,3,2,15476,16533,15975,17903,17336,16910,1600,0,2500,0,0,2000,No
50000,Female,2,1,44,0,0,0,0,0,0,27321,24726,22581,20192,18813,17328,1415,1500,700,700,629,488,No
20000,Female,1,2,23,0,0,0,0,0,0,17165,18387,19573,19504,19642,20128,1500,1600,700,1000,1000,1000,No
150000,Female,1,2,24,-1,-1,-1,-1,-1,-1,291,291,291,658,441,1197,291,291,658,441,1197,8007,No
360000,Male,2,2,48,0,0,0,0,0,0,29269,26763,23202,24979,26734,17956,1500,2000,2000,2000,2000,3000,No
20000,Male,2,2,28,0,0,0,0,0,0,8814,10167,21774,10707,10539,10757,1500,1200,378,389,400,600,No
170000,Female,2,2,32,0,0,0,0,0,0,71752,73282,74707,75626,75845,25140,2687,2671,3100,3286,1100,1000,No
30000,Male,3,2,42,0,0,2,0,0,-1,27742,31130,29105,58840,28840,1319,4600,0,1060,1091,1319,565,No
80000,Female,2,1,29,0,0,0,0,0,0,49528,44639,39720,34465,29488,32912,1730,1644,1222,1400,10000,1200,No
110000,Female,2,2,25,0,0,0,0,0,0,111115,113515,111815,79375,78541,79731,6000,5000,3000,3100,3000,3000,No
50000,Male,2,2,34,0,0,0,0,-2,-2,50713,49402,44415,0,0,0,3000,1000,0,0,0,0,No
120000,Female,2,1,34,0,0,0,0,0,0,88210,86473,86353,84327,82469,82491,3300,3022,3100,3000,3100,3000,No
10000,Male,3,2,22,0,0,0,0,0,0,18289,9217,10203,9634,9857,9704,1317,1303,334,373,326,1359,No
20000,Female,1,1,43,-1,-1,-1,0,0,-2,1716,4019,2500,1000,0,0,4027,2500,0,0,0,0,No
180000,Female,1,2,31,-1,-1,-1,-1,0,0,4582,1359,316,3072,2756,2440,1359,316,3072,0,0,316,Yes
240000,Female,2,2,24,0,0,0,0,0,-1,50787,51524,31783,33993,36783,37102,1601,1400,3000,3180,37102,904,No
120000,Male,2,1,30,1,2,0,0,0,0,6305,7052,8786,8863,10763,7140,1000,2000,177,2000,1000,0,Yes
150000,Female,1,2,28,0,0,-1,4,3,2,8982,0,1187,1182,882,441,0,1187,0,0,0,583,No
30000,Male,3,1,55,2,2,7,7,7,7,2395,2395,2395,2395,2395,2395,0,0,0,0,0,0,Yes
50000,Male,1,1,28,0,0,-2,-2,-2,-2,4545,0,0,0,0,0,0,0,0,0,0,0,Yes
30000,Female,3,1,58,2,2,2,2,2,2,26580,27652,27905,27158,29239,29791,1800,1000,0,2518,1185,1200,Yes
200000,Male,1,1,29,-1,-1,-1,-1,-1,-1,9585,1686,820,1889,6617,3986,1735,824,1889,6617,3986,2460,No
480000,Female,2,2,31,-1,-1,-1,-1,-1,-1,1759,1759,1759,1759,1759,1759,1759,1759,1759,1759,1759,1759,Yes
50000,Male,2,2,55,2,0,0,0,0,0,21133,21793,19641,15848,16026,16359,1325,1506,713,582,600,607,Yes
30000,Male,2,1,23,2,2,2,2,2,2,28224,29276,28635,30127,30525,29793,1800,150,2250,1000,0,700,Yes
300000,Female,1,2,31,-1,-1,-1,-1,-1,-1,7834,1086,316,316,316,316,1093,316,316,316,316,316,Yes
500000,Female,2,1,36,0,0,0,0,0,-1,4952,6607,8544,15351,5839,9192,3008,4005,8048,131,9213,111,No
350000,Male,1,2,30,-1,0,-1,-1,-1,-1,18265,31619,2071,2915,1011,23620,16158,2081,2929,1016,23738,919,No
150000,Male,1,1,41,-2,-2,-2,-2,-2,-1,6780,10633,3260,0,0,1081,10638,3260,0,0,1081,0,No
30000,Male,2,1,46,0,0,0,0,-2,-2,20328,18944,3395,0,0,0,1582,1033,0,0,0,0,No
20000,Female,1,2,25,1,2,0,0,0,0,20420,16592,14400,17000,17000,20000,2,2000,3000,0,3000,0,No
380000,Female,2,2,41,0,0,0,0,0,0,302130,266160,236316,224029,224022,225978,10018,10000,15000,30000,30251,20000,No
70000,Female,1,1,42,0,0,0,0,0,2,40466,41805,42520,43378,46664,47341,1994,1709,1567,4000,1600,2000,Yes
300000,Female,2,1,40,-1,-1,-1,-1,-1,-1,2991,1278,4043,683,172,402,1278,4045,685,172,402,4080,No
160000,Male,3,2,27,1,2,-1,0,0,0,80166,34775,34073,15676,99436,90927,0,142848,1800,90000,3300,3400,Yes
230000,Female,2,2,32,1,-1,-1,0,-1,-1,328,1593,2015,1077,1479,3104,1621,2015,10,1479,3104,1152,No
260000,Male,1,1,51,-1,-1,2,-1,-1,-1,229,674,476,2856,814,605,674,0,2880,814,605,1776,No
360000,Male,2,1,37,-2,-2,-2,-2,-2,-1,194836,134296,128307,61650,0,87754,5180,5564,2850,0,87754,3159,No
50000,Female,2,2,26,0,0,-1,0,-1,0,49028,49740,780,390,850,18460,2400,780,0,850,18000,1000,No
140000,Female,2,2,29,0,0,0,0,0,0,116597,55208,47397,45860,46264,41870,3018,3000,1356,2000,2000,1500,No
50000,Male,2,2,24,0,0,-1,0,0,0,44687,39137,39877,28471,29309,28409,2138,44447,2202,2004,1202,1051,No
50000,Male,3,2,27,0,0,0,0,0,0,45002,46053,45120,45870,46975,49284,2100,2100,1800,2000,3100,1300,No
50000,Male,2,2,28,0,0,0,0,0,0,39103,40142,41462,42130,43011,43863,1667,1987,1655,1710,1719,1616,No
50000,Female,1,2,22,0,0,0,-1,-1,-2,24763,33542,30455,2000,0,0,10000,1175,2000,0,0,0,Yes
80000,Female,1,2,24,-1,0,0,0,0,0,75356,78236,77700,58025,59527,60778,5000,4176,4000,3000,2141,3000,No
90000,Female,2,1,28,0,0,0,0,0,0,24657,25743,26406,24364,19726,19166,1500,1500,1508,1000,1000,800,No
50000,Female,2,1,27,-1,-1,-1,-1,-1,-1,492,492,492,492,492,470,493,493,493,493,471,7739,No
270000,Female,2,1,32,0,0,0,0,0,0,116315,119103,122249,123905,105064,105600,6500,6843,6284,3617,3716,4035,No
60000,Female,2,2,34,1,2,0,0,0,0,64684,63036,60031,27725,28282,30268,0,2459,1433,990,2419,0,No
240000,Male,1,2,36,0,0,0,0,0,0,131477,126941,62378,20156,157391,158991,6009,3017,1048,150004,5613,5809,No
30000,Male,3,1,43,1,3,2,2,2,2,22494,21845,21207,23491,22818,24321,0,0,2645,0,2029,1027,Yes
50000,Male,2,2,42,1,2,0,0,0,0,51047,47924,49053,50106,17756,18072,0,2200,2180,1000,1000,800,No
370000,Male,2,2,33,0,0,0,2,0,0,72322,74758,78423,81017,81698,83562,4252,5500,4500,2926,3182,3043,No
50000,Male,2,1,34,1,2,0,0,0,0,49372,47420,47992,49278,28086,30196,0,2500,3500,1000,3397,0,No
20000,Male,2,2,40,1,4,3,2,2,2,17361,16803,16253,15695,16832,16420,0,0,0,1400,0,603,No
410000,Male,2,2,39,0,0,0,0,0,0,335938,328323,321091,274957,268891,262570,14000,13014,30000,12000,10000,9040,No
50000,Male,1,1,47,0,0,0,0,0,0,47695,49550,51636,53561,53283,53057,2657,2743,2668,1712,1762,1894,No
30000,Male,1,2,42,1,2,2,2,0,0,31217,30406,31380,30277,30028,30198,0,3600,0,1100,1050,1000,No
20000,Male,2,1,44,0,0,2,0,0,0,16401,9620,9264,11693,11826,13242,3000,1000,3000,1000,2000,1000,No
50000,Male,1,1,41,0,0,0,2,2,2,34384,35503,38931,38006,44357,43516,2000,4000,0,7000,0,2000,No
70000,Male,2,2,45,1,2,2,2,2,0,9728,9423,12251,12358,11865,11975,0,3000,600,0,450,500,No
160000,Male,3,2,38,0,0,0,0,0,0,47268,47269,45688,47690,48712,49525,2725,2767,2769,1791,1928,1960,No
20000,Male,2,2,38,0,0,0,0,0,0,19817,19751,20242,20098,20059,20513,2000,1700,1300,1008,1700,1000,No
110000,Male,2,1,39,0,0,0,0,0,0,64494,49464,40359,34533,36819,32467,4000,3007,3000,3000,3000,4000,No
50000,Male,2,1,45,1,2,0,0,0,0,20530,15843,18256,19896,19874,19248,0,3000,2000,1000,2000,0,No
150000,Male,1,1,31,-1,-1,-1,-2,-2,-1,1600,1815,0,0,0,16877,1815,0,0,0,16877,25069,No
290000,Male,2,2,42,0,0,0,0,0,0,76063,72418,65814,60861,60901,53023,4434,3814,2861,1901,2023,3719,No
340000,Male,3,1,48,0,0,0,0,0,0,4726,5178,65826,63877,53845,51983,1379,61883,2147,1855,1774,1541,No
110000,Male,3,1,43,0,0,0,0,0,0,103225,106004,108831,79455,54971,57257,4500,5000,3043,2000,3000,5000,No
280000,Male,2,1,38,-2,-2,-2,-2,-2,-2,3596,959,1067,3405,1805,2153,963,1072,3422,1814,2162,1757,No
20000,Male,2,1,46,0,0,3,2,0,0,8168,12309,11834,11180,780,1170,4600,0,0,0,0,930,Yes
180000,Male,2,1,36,2,2,2,2,2,2,114140,115764,117426,119000,120528,123451,5000,5000,5000,5000,5000,0,Yes
200000,Male,1,1,38,-2,-2,-2,-2,-2,-2,0,0,0,0,0,0,0,0,0,0,0,0,Yes
280000,Male,2,2,35,-2,-2,-2,-2,-2,-2,117,1368,14027,-2,475,5038,1375,14111,0,477,5063,415,No
100000,Male,1,1,35,0,0,0,2,2,0,65451,72277,78115,79244,77373,78973,8000,7000,3000,0,3000,6000,No
50000,Male,2,2,33,0,0,0,0,0,0,8406,8418,8347,12321,6294,3333,3000,3000,7508,1000,1000,1500,No
210000,Male,1,1,38,0,0,0,-2,-2,-2,81582,82768,654,628,302,476,4000,1584,300,0,500,476,No
280000,Male,2,1,33,0,0,0,0,0,-1,22331,22341,23359,23647,-1353,93696,1371,1389,1175,0,95049,3308,No
350000,Male,1,1,39,-2,-2,-2,-2,-2,-2,3948,4368,5339,0,0,0,2184,10678,0,0,0,0,No
230000,Male,3,2,39,-1,-1,-1,2,-1,0,948,1156,1728,1156,1172,396,1156,1728,0,1172,0,776,No
100000,Male,1,2,40,0,0,0,0,2,0,97582,99964,96270,97440,94518,24180,5000,5000,6000,0,484,0,No
390000,Male,1,1,35,0,0,0,0,0,0,24297,28804,43996,47532,49414,51380,5000,20000,5006,5006,5008,3004,No
210000,Male,2,1,40,-1,-1,-2,-2,-2,-2,3180,0,0,0,0,0,0,0,0,0,0,0,No
50000,Male,3,1,44,0,0,0,0,0,0,15109,16117,17217,18005,18369,18888,1263,1363,1151,515,670,780,No
340000,Male,1,1,42,0,-1,-1,-1,2,-1,13454,14544,-2429,10300,3630,3577,15074,528,15303,13,3615,6765,No
300000,Male,2,2,38,1,-1,0,0,0,0,5256,2491,3523,6355,5055,-445,4000,2000,3000,0,0,0,No
150000,Male,3,1,37,-1,-1,-1,-1,-1,-1,8027,7121,10292,3141,7522,3929,7129,11000,3141,7531,3929,0,No
200000,Male,1,3,45,0,0,0,0,0,0,74416,75891,77516,79088,80141,81833,3061,3200,3196,2700,2714,8918,No
350000,Male,1,2,34,1,2,0,0,2,0,334427,322808,254410,11423,8415,10230,332,81256,8441,6,8013,1006,Yes
20000,Male,2,2,34,0,0,0,0,0,0,17809,15650,16691,17903,18318,19033,1300,1300,1500,1000,1000,1000,No
470000,Male,2,1,35,0,0,0,0,0,0,170812,172332,177566,182074,183417,185608,6500,8000,9000,7000,8000,8000,Yes
200000,Male,1,1,39,0,0,0,0,0,2,132589,135286,139725,142605,149894,153054,4900,6600,6700,11200,5700,5900,Yes
20000,Male,3,2,40,1,3,2,0,0,0,9080,8790,8505,9557,10395,11227,0,0,1200,1000,1000,1000,No
230000,Male,1,1,37,-2,-2,-2,-2,-2,-2,211,162,155,155,75,635,162,155,155,75,635,2336,No
200000,Male,2,2,33,0,0,0,0,0,0,154000,155392,76667,151434,49407,51636,5000,5000,88300,5000,3000,2000,Yes
20000,Male,3,1,38,2,0,0,-1,-1,-1,19868,19805,19900,390,390,0,1515,1000,390,390,0,780,Yes
10000,Male,2,2,34,0,0,0,0,0,0,9178,7692,9484,10004,10084,9936,1500,2257,1200,500,500,600,No
100000,Male,3,2,35,2,2,2,2,2,2,67646,69237,70638,71680,72705,74195,3300,3100,2800,2800,2800,2800,Yes
130000,Male,3,1,39,-2,-1,-1,-1,-1,-1,957,6214,1625,728,2464,1139,6220,1628,730,2466,1145,650,No
240000,Male,1,1,46,-2,-2,-2,-2,-2,-2,7278,800,437,11624,9411,-3316,804,437,11705,9473,1405,164705,No
590000,Male,1,2,33,0,0,-1,0,0,0,42337,90090,68573,61065,30510,25887,60092,68753,10000,15033,25965,20377,No
420000,Male,1,2,39,0,0,0,0,0,0,403552,390237,368259,344875,338552,345971,13703,15581,13000,12000,13000,12013,No
360000,Male,2,1,34,-1,-1,-1,-1,-1,-1,5375,0,7799,8506,0,4186,0,7799,8528,0,4186,0,No
400000,Male,1,1,35,-2,-2,-2,-2,-2,-2,0,2720,98,44321,1699,0,2720,98,45869,1699,0,2024,No
10000,Male,2,1,35,0,0,0,0,0,0,5828,7717,8830,9687,10025,10400,2000,1400,1162,500,600,0,No
110000,Male,2,1,35,1,2,0,0,0,0,112829,108073,110313,108986,48641,46982,0,6307,5093,2008,2010,3000,Yes
220000,Male,1,2,47,-1,2,-1,-1,-1,-1,628,314,290,5134,346,427,1,291,5159,347,428,14473,No
50000,Male,2,2,33,0,0,0,0,0,0,45853,44206,34713,19474,19508,19837,5435,2109,1576,1000,2000,1000,No
520000,Male,1,2,34,0,0,0,0,0,0,203647,185853,178531,170915,162864,155297,6501,7001,5989,5701,6001,6001,No
30000,Male,2,2,47,1,3,2,0,0,0,15783,15237,15693,16928,18299,20129,0,1000,1500,1659,2129,0,Yes
260000,Male,2,1,32,0,0,-1,-1,-1,0,29389,2981,12001,20325,43849,22820,2796,12173,20619,43968,3014,2021,No
210000,Male,2,1,44,-2,-2,-2,-2,-2,-2,245,245,141,-104,-104,-104,245,141,88,0,0,0,No
500000,Male,1,2,38,0,-1,-1,0,0,0,130700,15785,154653,450497,425957,298509,15785,154653,338394,16000,500,19999,No
120000,Male,1,1,33,0,0,0,0,0,0,119684,121113,113997,117085,117945,109855,5000,4200,5000,5000,4200,4100,No
420000,Male,1,2,32,-2,-2,-2,-2,-2,-1,11728,8860,4829,12181,7597,17772,8904,4866,12241,7635,17858,10057,No
80000,Male,3,1,41,0,0,0,0,0,-1,76015,77582,60311,62471,21071,2099,3008,3000,5000,10000,2099,0,Yes
300000,Male,2,1,41,0,0,0,0,-1,0,39260,29318,16703,16000,10154,10154,2052,3012,2048,10154,0,4589,No
260000,Male,1,2,35,2,2,2,0,0,2,139582,149124,145333,148332,160810,155683,13400,0,6910,16502,0,5847,Yes
500000,Male,1,1,42,1,-2,-2,-2,-2,-2,0,0,0,0,0,0,0,0,0,0,0,0,No
20000,Male,2,1,37,3,2,0,0,0,0,20334,18555,3455,4359,4448,4704,0,1096,1000,89,256,0,No
160000,Male,1,2,36,0,0,0,0,0,0,156775,157941,146063,128318,96654,98694,5145,5187,5014,3000,3251,3104,No
290000,Male,1,2,34,-2,-2,-2,-2,-2,-2,0,0,0,0,0,0,0,0,0,0,0,0,No
360000,Male,1,1,32,0,0,0,0,0,0,120533,124530,128518,134368,135626,134864,6000,6000,8000,4918,5000,3300,No
200000,Male,4,1,35,-2,-2,-2,-1,0,0,3000,5752,5028,13784,14482,11836,5752,5028,13800,2900,3100,305,No
180000,Male,1,2,41,0,0,0,0,0,0,105347,66897,49287,4130,238,0,6241,2324,1019,1,0,1452,No
100000,Male,1,2,35,-1,2,0,0,-1,0,1818,1644,2449,-571,40342,41113,0,1020,0,41113,1000,1400,Yes
500000,Male,1,3,38,-2,-2,-2,-2,-2,-2,1523,0,0,0,0,0,0,0,0,0,0,0,Yes
50000,Male,2,1,38,0,0,0,0,0,0,13921,14800,16394,6198,7717,7722,1500,2000,1091,2000,500,500,No
290000,Male,1,2,36,0,0,0,0,0,0,215472,222699,213253,126952,103575,56564,11000,9500,4000,3003,2000,2000,No
250000,Male,1,2,33,-2,-2,-2,-2,-2,-2,5017,22469,-29,-29,-29,-29,22581,0,0,0,0,5821,No
80000,Male,3,1,45,2,0,0,0,0,0,75222,131966,68466,68547,59339,32500,2379,6036,1763,1187,650,0,Yes
360000,Male,1,1,35,-1,-1,-1,-1,-1,-1,1540,1099,6342,5077,1274,-6,1102,6353,5105,1277,0,2058,No
50000,Male,1,2,40,1,2,0,0,0,0,25667,26441,27213,28521,28458,29053,1500,1500,1771,1500,1053,1093,No
420000,Male,1,2,35,0,0,0,0,0,0,168182,163177,149406,136292,128344,120582,15000,6000,5000,10000,10000,10000,No
180000,Male,1,1,39,0,0,0,-1,0,0,257579,274731,281713,242063,122295,-1005,20000,11000,145000,26000,0,101005,No
180000,Male,1,2,36,-2,-2,-2,-2,-1,-1,0,0,0,0,680,34704,0,0,0,680,34704,700,No
220000,Male,1,1,45,-1,-1,-1,-1,-1,-1,3455,11997,5874,416,416,416,12001,5874,416,416,416,416,No
210000,Male,0,2,45,-2,-2,-2,-2,-2,-2,2563,5854,1032,788,3499,3372,5854,1032,788,3565,3372,15381,No
180000,Male,2,1,47,0,0,0,0,0,0,179253,95170,97338,99694,65977,67415,3700,3700,4100,2360,2500,2618,No
20000,Male,2,1,50,1,2,2,2,0,0,18206,18217,19930,780,780,0,1000,3000,0,0,0,0,No
50000,Male,2,1,50,2,2,2,2,2,2,19786,19170,21864,21215,23494,22978,0,3008,0,2638,0,845,Yes
250000,Male,3,1,51,-2,-2,-2,-2,-2,-2,-18,2482,-18,-18,-18,-18,2518,0,0,0,0,0,No
50000,Male,1,2,51,1,-2,-2,-2,-2,-2,0,0,0,0,0,0,0,0,0,0,0,0,No
50000,Male,2,1,56,0,0,0,0,0,0,46794,46836,48062,49242,18713,19456,1756,1982,2162,633,1007,627,No
50000,Male,3,1,51,0,0,0,0,0,0,44147,45063,36421,18759,19131,19531,1785,1973,1311,683,707,735,Yes
50000,Male,1,3,51,0,0,0,0,0,0,48600,49387,49259,30864,16016,13913,1986,1638,1130,449,418,416,No
50000,Male,1,1,48,2,2,2,2,0,0,47009,49942,50382,49162,40973,39671,4000,1500,0,1275,1377,1882,No
370000,Male,2,1,55,0,0,0,0,0,0,360546,369909,370605,366054,310869,311284,15901,13603,13500,11014,12024,16027,No
20000,Male,3,1,56,1,2,2,2,2,0,9453,10143,10730,12241,11748,12456,1000,900,2000,0,900,3200,Yes
300000,Male,3,1,61,0,0,0,0,0,0,269781,275773,282818,289012,123239,123812,10001,11001,12001,10001,5001,5001,No
50000,Male,2,1,53,0,0,0,0,0,0,48120,47824,48954,46716,18685,19076,1818,1948,1835,669,692,707,No
490000,Male,2,1,50,0,0,0,0,0,0,208353,205873,210880,215628,217883,223541,10000,10000,10000,10000,10000,8000,No
330000,Male,1,2,65,0,0,0,0,0,0,20727,197441,184973,172124,158958,144889,194000,6710,6223,5671,5274,4657,No
160000,Male,2,1,50,1,2,2,2,0,0,142779,146635,148953,144119,48552,49770,7700,6100,0,2000,2000,2000,Yes
80000,Male,2,2,48,0,0,0,0,0,0,74040,74658,72885,47663,48350,47208,3500,2500,2000,2000,2000,2000,No
30000,Male,3,2,52,1,2,0,0,0,0,18034,16604,16635,15413,14296,9090,6,1335,2000,0,0,939,No
150000,Male,2,2,52,-2,-2,-2,-1,0,0,4966,-1390,-4661,129847,131969,134515,1406,133122,136320,5001,5000,5001,No
50000,Male,1,2,50,0,0,0,0,0,0,22551,18975,18830,19425,19414,19427,1296,1318,1303,682,703,696,No
50000,Male,2,1,52,0,0,2,0,0,0,43286,47744,46706,48066,49026,49755,5500,0,2500,2000,2000,2058,No
200000,Male,3,1,50,-2,-2,-2,-2,-1,-1,17306,17380,20341,16223,17466,16613,17380,20341,16223,17466,16613,17935,No
240000,Male,2,1,54,0,0,0,2,0,0,14332,16135,249258,243589,204754,201426,2000,234000,30,7046,7023,10005,No
50000,Male,2,2,51,0,0,0,0,0,0,41700,42858,44131,14242,14525,14830,1853,2126,1237,520,539,542,No
150000,Male,1,2,53,0,0,0,0,-2,-2,103720,103662,105000,0,0,0,5000,3000,0,0,0,0,No
190000,Male,2,1,58,1,2,0,0,0,0,147335,135184,139664,142293,113086,115433,0,6586,5881,3292,3399,3469,No
450000,Male,2,1,66,-2,-2,-2,-2,-2,-2,-81,15029,-1318,-9157,-20753,-22680,15110,40,258,9,23,27,No
30000,Male,3,1,55,3,2,2,7,7,7,2395,2395,2395,2395,2395,2395,0,0,0,0,0,0,Yes
410000,Male,2,1,63,0,0,0,0,0,0,429392,425895,411492,371539,308888,240970,15120,16284,16524,10320,8525,6739,Yes
50000,Male,3,1,55,0,0,0,2,2,-2,50805,50690,51393,49949,21942,19826,1750,5600,34,10600,712,729,Yes
240000,Male,2,2,57,-1,-1,-1,-1,0,0,1115,1211,2206,62507,63226,63517,1211,2455,64395,1917,4160,1710,No
20000,Female,3,2,26,0,0,0,0,0,0,19026,19495,19417,19159,15574,0,2302,2004,1200,1000,0,0,No
290000,Female,1,2,42,-2,-2,-2,-2,-2,-2,768,42863,2632,11767,4684,3685,42863,2632,11780,4684,3685,4352,No
330000,Female,1,2,28,0,0,0,0,0,0,32316,33705,28743,28217,25432,19938,2000,2000,2000,800,687,812,No
170000,Female,2,2,23,0,0,0,0,0,0,139172,140837,139639,146931,98827,100833,4970,5300,10000,3500,3500,4000,No
70000,Female,1,2,23,2,2,0,0,0,0,72593,70828,74271,70467,50700,49329,0,7463,2200,2840,1781,1812,Yes
120000,Female,1,2,24,-2,-2,-1,-1,0,0,14709,8158,3529,11050,15811,14774,9326,3538,11050,5313,516,6202,No
250000,Male,1,1,53,-2,-2,-2,-2,-2,-2,0,0,0,0,0,0,0,0,0,0,0,0,Yes
290000,Female,3,2,29,0,0,0,0,0,0,279804,279377,283202,283401,285291,287510,10000,11000,10000,10000,11000,11000,No
20000,Female,2,2,26,0,0,0,0,0,0,25451,24025,21148,17767,2692,-956,3000,1500,1035,54,24056,21000,No
80000,Female,1,2,23,2,2,2,0,0,2,74860,80461,78259,66068,50748,51490,6865,37,2122,3600,1600,18,Yes
30000,Female,2,2,22,1,2,0,0,0,0,27332,26600,27832,26897,27278,27851,0,2006,2000,1100,1137,1300,No
50000,Female,2,2,23,2,0,0,-2,-1,-1,8730,4388,0,0,5412,6414,1000,0,0,5412,2000,0,Yes
30000,Female,2,2,21,2,0,0,2,-1,-1,23243,24394,25693,25760,165,0,1704,2168,1000,165,0,0,Yes
200000,Female,2,2,22,0,0,0,0,0,2,205736,199379,132963,145115,153040,155636,7758,5001,15000,10800,5600,0,Yes
70000,Female,2,2,23,0,0,0,0,0,0,32244,33549,34308,35638,36046,36958,1841,1600,1900,1300,1489,1800,No
50000,Female,2,1,26,0,0,0,0,0,0,50905,49796,50783,49776,50937,49956,2200,2100,2000,2000,2000,2300,No
30000,Female,2,2,22,0,0,0,0,-1,0,14617,17363,20430,25130,7746,10583,3000,3376,5076,8009,6017,3023,No
70000,Female,2,2,22,2,2,2,2,0,0,64838,69136,69422,65107,28736,29221,6000,2000,55,1170,1100,1170,No
80000,Female,2,2,22,2,0,0,0,0,0,73954,77526,99205,74016,48043,48545,5400,3451,3577,2000,1800,1800,Yes
50000,Female,2,2,25,0,0,0,0,0,0,33703,30857,28481,27634,26691,26329,1800,1800,1400,915,1500,1500,No
300000,Female,2,2,26,0,0,0,-1,0,0,29300,18988,6893,49379,49161,50646,1214,2000,49379,1500,2000,15000,No
30000,Female,2,2,22,-1,0,0,0,0,0,2006,3116,28844,25317,25885,25165,1157,25885,1500,2170,1000,1000,No
50000,Female,2,2,30,0,0,0,0,0,0,49129,49102,49049,41876,29158,29493,1833,1804,1494,1031,1062,1092,No
50000,Female,3,1,31,0,0,0,0,0,0,50734,43406,44333,44577,44501,11614,1700,2016,1600,2100,1000,47000,No
80000,Female,2,2,22,-1,-1,-1,0,0,-1,3436,3473,10007,3584,2961,3831,3473,10020,2986,22,3835,5683,No
50000,Female,2,2,23,0,0,0,0,0,0,40760,39660,23203,18983,13466,18878,1500,1500,1100,1466,5556,598,No
50000,Female,2,1,23,0,0,0,0,0,0,50859,49808,49993,50025,29562,29786,1965,2150,2118,1045,1077,1070,No
40000,Female,2,2,23,2,2,2,0,0,0,8160,9197,9895,11420,12723,14360,1327,1000,2000,1500,2000,0,Yes
160000,Female,2,2,23,0,0,0,0,-1,-1,17920,17195,17164,7175,1942,100025,2000,3181,3012,1942,100025,3000,No
30000,Female,2,2,23,0,0,0,2,0,0,27186,27585,30398,29305,29408,28699,1451,3564,0,1174,1207,4302,Yes
30000,Female,1,2,23,0,0,2,0,0,2,12936,15904,15364,16798,19203,18757,3200,0,2000,3000,0,2000,No
30000,Female,2,2,23,0,0,0,0,0,0,34084,33476,32006,31672,31247,30673,1521,1573,1500,1300,1300,1329,No
90000,Female,1,2,23,-1,-1,-1,0,0,0,5802,4657,10967,14644,12467,4155,4657,10967,10000,249,0,0,No
100000,Female,2,2,24,0,0,0,0,0,0,85343,83855,78703,76544,75360,76507,2916,3000,3000,3000,3000,2700,No
50000,Female,1,2,23,0,0,0,0,0,2,8400,9412,10433,11443,12268,11928,1160,1181,1191,1016,0,1499,No
90000,Female,2,2,25,0,0,0,0,-1,-1,28276,29305,30336,28800,9852,2160,1505,1536,1000,9852,2160,400,No
90000,Female,2,2,28,2,2,0,0,0,2,65521,63869,65212,66627,70652,69397,0,2368,2500,5140,0,2600,Yes
50000,Female,2,2,23,2,0,0,0,0,0,48668,48554,45445,38551,28056,28310,4034,2000,5008,1000,2000,1000,Yes
80000,Female,2,1,25,0,0,0,0,0,0,76117,76660,46137,48218,48286,48207,2300,2200,3207,2000,2000,2000,No
80000,Female,2,2,25,0,0,0,0,0,0,4418,7327,10190,13768,17748,10577,3000,3000,4000,5000,1000,1310,No
20000,Female,2,2,25,2,2,2,2,2,2,14549,17144,16580,18366,18766,18324,2845,0,2067,1000,0,1664,No
30000,Female,1,2,25,2,2,2,2,2,2,7593,9634,4476,8830,8153,6422,2379,7,7002,13,155,1,No
80000,Female,2,2,24,0,0,0,0,0,-1,60423,55120,20407,18839,3810,23836,2007,2000,1014,0,23836,3000,No
160000,Female,2,2,24,-1,2,-1,2,-1,-1,2227,316,632,316,316,632,0,632,0,316,632,0,No
460000,Female,1,1,34,-1,0,0,0,0,0,11689,12911,15418,22465,25546,36452,2000,3000,8000,4000,16000,6000,No
90000,Female,2,2,24,1,2,0,0,0,0,88550,78892,75808,63362,65300,67248,3000,3500,3000,3000,3000,5000,Yes
30000,Female,2,2,24,3,2,2,7,7,7,300,300,300,300,300,300,0,0,0,0,0,0,No
220000,Female,2,2,28,0,0,0,0,0,0,224166,219085,213888,215125,216543,217390,8200,7729,9207,7917,7911,8203,No
110000,Female,2,2,24,2,2,2,2,2,2,107378,109604,111661,112299,113035,109678,5500,5300,4000,4000,0,4540,Yes
50000,Female,2,1,25,0,0,0,-1,-1,0,16092,12352,-1618,-809,46976,47618,2352,809,928,48659,1400,2000,No
120000,Female,1,2,26,-2,-2,-2,-2,-2,-2,316,316,316,316,316,316,316,316,316,316,316,1844,No
150000,Female,2,2,26,0,0,0,0,0,0,127487,120586,118785,117406,106323,102179,6000,4500,5400,3900,4500,4000,No
140000,Female,2,2,26,0,0,0,0,0,0,182424,115115,120176,101065,64570,51521,10207,9120,3000,2117,2000,2000,No
120000,Female,1,2,26,0,0,0,0,0,0,102157,103182,91442,88476,72666,74561,5367,20000,3500,2512,7500,4000,No
40000,Female,2,2,26,0,0,0,0,-1,-1,36835,37528,35964,34258,516,38432,2000,2000,5000,516,39235,2000,No
50000,Female,2,2,23,3,2,2,2,0,0,22613,21957,24482,24693,25283,27367,0,3200,910,1000,2500,0,Yes
130000,Female,2,2,26,-2,-2,-1,2,-1,2,90833,2774,740,740,73758,72800,2788,740,0,73758,0,2342,No
180000,Female,1,2,26,-2,-2,-2,-2,-2,-2,100,100,100,100,100,100,100,100,100,100,100,100,No
220000,Female,1,2,26,0,0,-1,-1,-1,-1,4750,4909,3791,7982,5850,11304,2012,3791,8493,5850,11304,2067,No
160000,Female,2,1,29,0,0,0,2,0,0,6252,5073,6854,3759,3164,3000,4000,2230,0,16,16,81,No
70000,Female,3,2,29,0,-1,-1,2,0,0,20064,24336,25510,24726,25377,24818,24336,3010,0,875,600,1000,No
60000,Female,1,2,27,0,0,2,2,0,0,4262,7169,8396,8113,8971,10824,3000,1500,0,1000,2000,1000,Yes
140000,Female,2,2,27,0,0,0,0,2,2,120072,78166,72631,65517,59275,58208,2824,2508,4973,2300,0,3000,No
320000,Female,2,2,28,-1,-1,-1,-1,-1,-1,4114,390,944,473,1747,1193,390,944,473,5000,1200,980,No
60000,Female,1,2,28,0,0,0,2,0,0,20217,8376,7139,4254,4855,5355,1116,2420,0,800,1000,0,No
360000,Female,1,2,27,1,-2,-2,-2,-2,-2,0,0,0,0,0,0,0,0,0,0,0,0,Yes
500000,Female,1,2,27,0,0,-1,-1,-2,-1,3715,2862,827,-4571,-4954,1566,2013,1044,163,5,8007,1282,No
200000,Female,1,2,28,1,-2,-2,-1,-1,0,0,0,0,1545,1156,6099,0,0,1545,1156,5000,3000,No
160000,Female,2,2,28,-1,-1,-1,0,0,0,1049,2058,2164,3975,3720,5668,2060,2164,2000,1500,2000,1737,No
80000,Female,2,2,44,0,-1,-1,-2,-2,-2,7491,2900,0,0,0,0,2900,0,0,0,0,0,No
20000,Female,2,2,39,0,0,0,0,0,0,19064,20356,18186,16524,19026,16309,2000,2000,2000,5000,1000,6000,No
110000,Female,3,2,41,1,2,0,0,0,0,105152,97804,100364,91061,65582,67002,0,5200,5000,2500,2600,2702,No
30000,Female,2,1,38,-1,-1,-2,-1,0,-1,2805,0,0,48514,49300,691,0,0,48514,986,691,4645,No
140000,Female,2,1,31,1,-2,-1,-1,-2,-2,-53,-53,1117,0,0,0,0,1170,0,0,0,278,No
150000,Female,2,1,32,0,0,0,0,0,-1,17594,14850,15919,10177,7954,8049,1609,2000,1000,0,8049,1000,No
140000,Female,2,2,33,0,0,0,0,0,0,54279,55991,59465,62855,63670,67464,2615,5000,5000,2455,5000,5000,No
460000,Female,2,2,35,0,0,0,0,0,0,442291,449790,450047,453770,396600,392879,16000,17610,17500,13810,14100,14520,Yes
60000,Female,2,2,28,0,0,0,0,0,0,58204,56930,56616,56749,57504,58296,2030,2083,1983,2200,2500,2200,No
90000,Female,3,1,40,1,2,2,3,2,2,78976,84566,89609,87282,88261,90029,7500,7300,0,3300,3300,0,Yes
130000,Female,6,1,44,2,2,2,2,0,0,112570,109131,118539,115029,115793,118335,0,11323,0,4294,4700,4260,Yes
300000,Female,2,2,28,0,0,0,0,0,0,25193,34242,35228,12512,12570,13022,10000,1377,1149,2000,615,9000,No
130000,Female,2,1,29,1,2,2,2,2,2,85342,88063,89895,87577,93136,91551,5000,4100,0,7000,0,7200,No
160000,Female,2,1,29,-1,-1,-1,-1,-1,-1,3617,2091,5816,5414,615,25072,2122,5822,5524,615,25139,2100,No
20000,Female,3,1,42,2,2,2,0,0,0,16478,19187,18592,19431,19993,-1000,2994,0,1238,800,0,1000,Yes
210000,Female,1,2,34,-1,-1,-1,-1,-1,-1,5081,4053,3853,3942,2338,1767,4055,3856,3945,2338,1767,0,No
100000,Female,2,1,38,0,0,0,2,2,2,89745,91659,96808,84528,67873,65503,3421,7728,0,5000,2600,0,No
120000,Female,1,1,43,0,0,0,0,0,2,24484,26751,28999,30064,33732,5992,3000,3000,2000,5000,0,10000,Yes
30000,Female,2,2,26,2,2,2,2,0,0,30028,26208,28804,22335,17448,17448,0,3400,0,0,0,0,Yes
290000,Female,1,1,30,0,0,0,0,0,0,53476,52089,49979,36439,33231,32131,2009,2569,1532,987,1002,1035,No
260000,Female,2,2,34,0,0,0,0,0,0,40066,38115,38730,37947,40122,34751,2000,3030,5039,7000,3000,10000,No
130000,Female,3,1,34,0,0,2,0,0,0,124777,133265,129713,129883,122349,101415,12000,0,5100,4820,3844,4500,No
180000,Female,2,1,42,1,-2,-2,-2,-2,-2,0,0,0,0,0,0,0,0,0,0,0,0,No
80000,Female,2,1,36,0,0,0,0,0,0,79407,66491,59040,49555,38185,32582,2491,2540,1566,1485,1258,3600,No
70000,Female,2,1,38,0,0,0,0,0,0,59195,37953,34689,35700,36252,37008,2195,1881,1892,1444,1490,1344,No
80000,Female,2,1,37,-1,0,0,2,2,2,28652,29869,33071,33531,34184,33503,2000,4000,1300,1500,0,1300,No
300000,Female,2,1,27,-2,-2,-2,-2,-2,-2,2200,1378,1109,0,474,337,1378,1422,0,474,337,1394,No
200000,Female,1,1,28,0,0,0,0,0,0,148880,151913,155170,159089,160950,164691,7000,7200,8000,6000,6500,7000,No
30000,Female,1,2,29,0,0,0,0,2,0,15982,12226,13565,15526,14979,15735,2226,1539,2500,0,1000,1000,No
240000,Female,1,2,35,0,0,0,0,0,0,86508,86596,87475,89253,91128,127950,3583,2768,2817,2928,37950,4303,No
500000,Female,1,1,35,-1,-1,-1,-1,0,0,416,258,1563,21557,14802,19552,258,1563,21557,1000,8000,23762,No
30000,Female,2,1,45,2,0,0,0,0,0,31548,30226,31237,13511,13781,14070,1665,1676,1223,493,511,514,No
180000,Female,1,2,28,2,2,2,2,0,0,2096,3775,5570,4722,8643,7783,1721,2005,31,5000,1000,5000,No
180000,Female,2,1,31,-2,-2,-2,-2,-2,-2,384,0,0,0,503,2156,0,0,0,503,2343,1988,Yes
180000,Female,1,2,37,0,0,0,0,0,0,34607,43623,46667,31931,33928,35235,10000,5000,15000,5000,2000,5000,No
260000,Female,2,2,26,0,0,0,0,0,0,217735,222109,220219,206666,185282,167161,9553,7893,9241,7106,6506,6240,No
80000,Female,2,2,33,-1,-1,-2,-1,0,0,1305,-789,-789,1042,1042,0,0,0,2000,0,0,193,No
400000,Female,2,2,38,-2,-2,-2,-2,-1,0,0,0,0,0,45374,46306,0,0,0,45374,1113,1129,No
360000,Female,3,2,27,-2,-2,-2,-2,-2,-1,0,750,-2,468,-8,2496,750,2,470,0,2504,1153,No
130000,Female,1,2,29,1,-2,-2,-2,-2,-2,0,0,0,0,0,0,0,0,0,0,0,1313,No
50000,Female,2,2,35,0,0,0,0,0,0,48848,49988,45434,34688,24124,21072,2000,2000,1900,1032,3000,907,No
290000,Female,2,2,29,-1,0,0,0,0,0,19315,30310,29312,31404,31004,29124,15000,2000,3000,0,0,4280,No
360000,Female,1,1,38,-1,-1,-1,-1,-1,0,1873,13532,5757,28974,8093,3250,13537,5762,29000,8093,1500,3513,No
240000,Female,2,2,29,0,0,0,0,0,0,238225,243044,239228,243318,195320,196664,9000,10500,10000,7000,7300,7439,No
80000,Female,3,1,41,0,0,0,0,0,0,76095,78197,64065,54764,55868,57288,3500,2600,2000,2000,2303,2300,No
230000,Female,1,1,39,0,0,0,0,0,0,219712,208532,229229,143168,145270,141874,30500,25000,10000,5000,5000,18000,No
330000,Female,2,1,37,-1,-1,-1,-1,0,0,2202,2900,2335,7278,6646,5324,2911,2579,7278,6,26,2089,No
120000,Female,2,1,33,0,0,0,0,0,0,42687,46640,50865,54401,57873,61917,5000,5000,5000,5000,5000,3000,No
230000,Female,2,1,42,-2,-2,-2,-2,-2,-2,430,430,430,430,430,430,430,430,430,430,430,430,Yes
330000,Female,2,1,43,1,-1,-1,-2,-2,-2,-58,22301,0,0,0,0,22359,5895,0,0,0,0,No
380000,Female,2,1,44,-1,-1,-2,-1,0,-1,1040,0,0,12500,37811,1500,0,0,12500,25311,1500,5680,No
150000,Female,1,2,27,-1,-1,-1,-1,0,-1,8404,4493,11848,7435,3685,3545,4493,11848,7435,0,3545,5718,No
170000,Female,3,2,29,0,0,0,0,0,0,116048,117485,119050,120225,122345,124302,4200,4300,4400,4518,4500,5000,Yes
200000,Female,2,1,30,-1,2,-1,-1,-1,-1,1626,730,3049,700,2423,2210,233,3049,700,2423,2210,1233,No
200000,Female,2,1,31,0,0,0,0,0,0,24605,25653,26750,24014,10885,7371,1462,1559,2000,390,328,180,No
260000,Female,2,1,32,0,0,0,0,0,0,104717,102159,102369,80488,82150,84818,5300,3500,3000,3000,4000,4000,No
430000,Female,2,1,47,-1,-1,-1,-1,-1,-1,1343,909,5271,757,157,157,909,5319,757,157,157,5989,No
20000,Female,2,1,46,1,2,2,2,0,0,10935,11456,13169,13656,14430,14200,1000,1900,1000,1000,0,8119,Yes
200000,Female,2,1,30,0,0,0,0,0,0,75014,77044,80096,82269,85093,86870,3190,4195,4300,5000,3196,3231,No
290000,Female,1,2,31,-2,-2,-2,-2,-2,-2,5307,4739,11495,11214,4084,6348,4739,11527,15537,4873,26348,2306,No
240000,Female,1,2,28,0,0,0,0,0,0,188956,189678,189471,191623,195624,199259,7200,7500,6300,6000,6100,6000,No
490000,Female,1,2,41,0,0,0,0,0,0,250970,255009,248203,101770,63192,64720,10000,11547,4600,2000,2000,2000,No
230000,Female,1,1,39,-2,-2,-2,-2,-2,-2,970,1475,1636,1149,334,459,1483,1640,1152,335,460,553,No
290000,Female,2,2,26,0,0,0,0,0,0,81022,59327,102180,58554,59358,45266,2121,48345,1689,1516,1240,1211,No
20000,Female,3,2,28,-1,2,2,2,-1,-1,5741,5155,5754,5150,858,0,0,2294,0,1056,0,935,No
300000,Female,1,2,28,0,0,0,-1,-1,-2,9582,6803,7198,6975,9356,3697,1818,7217,7023,9383,3714,6546,No
130000,Female,2,1,48,-1,-1,-1,2,0,-1,390,390,1170,780,390,390,390,1170,0,0,390,390,Yes
150000,Female,2,1,37,0,0,0,0,0,0,119398,97435,98481,98101,97178,97249,3459,4913,3929,2390,3052,6300,No
50000,Female,2,1,37,0,0,0,0,0,0,35874,32130,34602,35172,27568,28467,1600,3000,1477,2000,1500,2500,No
200000,Female,2,1,45,-2,-2,-2,-2,-2,-2,1182,0,198,3532,0,0,0,198,3532,0,0,0,No
180000,Female,2,1,47,-1,-1,-1,-1,-1,0,107,825,7609,825,1650,825,825,7609,825,1650,0,8214,No
300000,Female,1,1,43,-1,-1,-2,-1,-1,-1,21670,-5,-5,1578,1307,0,0,0,1583,1307,0,179,No
30000,Female,2,3,41,1,2,2,2,2,2,8055,9263,8973,10337,10022,10924,1500,0,1675,0,1065,0,Yes
320000,Female,2,2,42,-1,-1,-1,-1,-1,0,2920,2610,9433,2490,2655,1070,2610,9439,2493,2655,0,5682,No
380000,Female,1,2,31,0,0,2,0,0,0,66979,70289,69790,71506,74078,77088,5700,2500,3500,5000,5000,3400,No
270000,Female,3,1,43,0,0,0,0,0,0,46107,42151,40546,36822,31700,29133,1700,1700,1500,1100,1200,1200,No
150000,Female,2,1,40,0,0,0,0,0,0,213638,190709,168741,170544,146787,149759,7877,8069,6708,40502,5706,4860,No
180000,Female,2,1,46,0,0,0,0,0,0,171768,164274,165923,169038,172388,165165,7400,6100,6200,6543,6251,14614,No
180000,Female,2,2,29,-2,-2,-2,-2,-2,-2,2639,0,0,0,0,0,0,0,0,0,0,661,Yes
140000,Female,3,1,41,0,0,0,0,0,0,114133,122191,128069,103319,105702,108619,10000,8000,5000,4000,4520,6000,Yes
90000,Female,3,1,38,-1,0,0,0,0,0,85718,88476,90120,91124,65778,65866,4200,5000,4776,2400,3000,3000,No
60000,Female,2,1,34,-1,2,2,2,2,-1,2084,145,145,145,145,1195,0,0,0,0,1200,0,Yes
140000,Female,2,2,42,0,0,0,2,0,0,117460,110301,107289,63778,41334,42664,7000,16000,0,3000,2000,2000,No
50000,Female,3,1,43,1,2,2,2,2,0,15214,14673,17621,17839,17257,17826,0,3200,800,0,1000,3800,No
140000,Female,1,1,39,1,-1,-1,-1,-1,0,0,797,190,3260,32617,20506,797,190,3269,32617,5000,2774,No
240000,Female,3,2,37,1,-2,-1,-1,-1,-1,-3,-3,2486,2500,580,490,0,2489,2500,580,490,177,No
80000,Female,3,1,39,0,0,0,0,0,0,18787,19869,20897,21911,22545,23181,1400,1352,1366,1000,1000,1000,No
150000,Female,1,1,37,0,0,0,0,0,0,61137,62350,63653,64955,66249,67637,2230,2306,2356,2372,2456,2631,No
300000,Female,1,2,35,1,-2,-2,-2,-1,-1,0,0,0,0,150000,0,0,0,0,150000,0,267,No
420000,Female,1,1,45,2,0,0,0,0,0,412289,414634,409078,412057,402926,373095,16272,17029,15514,15056,13707,14128,Yes
60000,Female,1,2,31,-1,-1,-1,-1,-2,-2,7233,1596,1562,0,0,0,1596,1562,0,0,0,0,No
30000,Female,3,1,48,0,0,0,0,0,0,29757,29059,26386,9370,7290,0,1720,1450,1010,500,0,0,No
210000,Female,1,2,37,-1,-1,-1,-1,0,0,430,1570,17036,73158,46823,1427,1570,17036,73158,936,29,630,No
270000,Female,2,1,44,0,0,-1,0,0,0,24775,18018,15896,32396,50411,60957,10203,15908,20000,29000,22000,1821,No
150000,Female,1,2,37,-1,-1,-1,-1,-1,-1,7591,5538,18987,0,1399,150,5538,18987,0,1399,150,203,Yes
240000,Female,2,1,35,-2,-2,-2,-2,-2,-2,5391,7375,4908,5638,2582,4127,7375,4908,5638,2587,4127,4942,No
130000,Female,3,3,43,-1,0,-1,-1,0,-1,15923,82292,396,1552,776,776,70000,792,1552,0,776,3676,No
150000,Female,3,1,38,0,0,0,0,0,0,105911,109006,108761,79044,79350,80594,5530,4100,3150,2211,2270,2288,No
20000,Female,1,1,37,0,0,0,0,0,0,19921,18100,19146,20098,20191,18216,1594,1640,1592,685,662,827,No
390000,Female,1,2,33,-2,-2,-2,-2,-2,-2,2703,1017,0,0,1560,4386,1017,0,0,1560,4386,12000,No
270000,Female,2,1,39,0,0,0,0,0,0,161039,164354,167788,339599,174797,180313,6000,6079,6213,12840,8500,8205,No
180000,Female,1,1,45,-1,2,-1,-1,-1,-1,1560,316,316,316,316,316,0,316,316,316,316,316,Yes
200000,Female,1,2,30,0,0,0,0,0,0,78866,74961,69702,63210,57098,46455,20000,2513,1656,5000,20000,15000,No
180000,Female,2,2,37,-1,-1,-2,-2,-2,-2,491,0,0,0,0,0,0,0,0,0,0,3738,No
330000,Female,1,2,39,0,0,0,0,0,0,118467,110930,100498,95072,94164,94043,4000,4600,4000,4190,6680,3500,No
140000,Female,1,2,40,0,0,-1,0,0,-2,51270,54000,4117,6817,0,0,4500,4117,3000,0,0,0,No
220000,Female,2,1,34,-1,-1,-1,-1,-1,-1,387,1083,1969,389,389,389,1086,2099,390,390,390,391,No
400000,Female,1,1,40,-1,-1,-1,-1,-1,-1,6376,4925,4382,1240,167621,3284,5949,4403,1250,168459,3301,11168,No
150000,Female,2,1,36,0,0,0,0,0,0,339351,133681,100683,147127,79942,71976,7000,3500,3000,5242,3009,4000,No
200000,Female,2,1,36,2,2,-2,-2,-2,-2,2500,0,0,0,0,0,0,0,0,0,0,0,Yes
170000,Female,2,2,30,0,0,0,0,0,0,106667,103955,85601,82963,58547,57080,3458,3426,2711,1779,1940,2000,No
180000,Female,2,1,30,1,2,-1,0,0,0,18435,1563,3842,7146,10480,13886,0,3842,5000,5000,10000,5000,No
300000,Female,2,1,31,0,0,0,-1,-1,-1,5361,2700,3822,1103,1622,-1,1060,1182,1108,1630,0,0,No
100000,Female,2,2,32,0,0,0,2,0,0,76112,77494,96445,92742,92644,95497,4500,25445,0,3500,6790,0,No
500000,Female,1,1,38,-1,0,-1,0,0,0,5410,2760,36861,23200,34255,18554,2700,36861,10000,20055,1000,5622,No
80000,Female,3,1,40,0,0,0,0,0,0,34965,35660,37082,38464,38922,40791,1578,2000,2000,1397,2500,3000,No
60000,Female,2,2,40,0,0,0,0,0,0,61756,60800,55390,50221,22032,20710,2200,2100,8000,800,1000,1000,No
50000,Female,2,1,37,0,0,0,0,0,-1,24380,23325,21940,20718,24048,5017,1366,1400,1200,5000,5017,71,No
500000,Female,3,1,48,-1,-1,0,0,0,-1,485,6342,6390,5477,1060,23726,6342,1228,1000,1060,23726,1084,No
50000,Female,3,3,37,2,2,2,2,2,2,47676,48896,49325,48033,27019,26450,2300,1500,0,3400,0,1200,Yes
160000,Female,3,1,44,0,-1,-1,2,2,2,6061,1594,2904,2313,2753,2191,2000,3037,0,1000,0,5000,No
180000,Female,2,1,46,1,-2,-2,-2,-2,-2,0,0,0,0,0,0,0,0,0,0,0,0,No
520000,Female,1,1,46,1,2,2,0,0,2,133890,106928,37238,36293,55826,34989,5022,0,20000,40000,0,5000,No
160000,Female,1,1,33,-1,-1,-1,-1,-1,-1,5459,20415,2141,2144,5816,2144,20415,2141,2144,5816,2144,1456,No
380000,Female,1,1,35,-1,-1,-1,-1,-1,-1,472,14985,10472,39993,25356,39772,14985,10472,39993,25356,39772,54002,No
440000,Female,2,1,33,0,0,0,2,0,0,411970,420142,443407,431200,440000,-6948,15003,30000,0,9000,788,0,No
280000,Female,1,2,33,2,0,0,0,0,0,3192,4962,7860,10708,13516,16279,2000,3000,3000,3000,3000,3000,No
250000,Female,2,1,31,1,-2,-2,-1,-1,-1,0,0,0,1000,0,1013,0,0,1000,0,1013,0,No
360000,Female,2,1,39,1,-1,-1,-1,-1,-1,0,791,173,1640,287,2418,791,173,1640,287,2426,507,No
470000,Female,2,2,36,-1,-1,-1,-1,0,-1,9,89,0,157,157,205430,1960,0,157,0,205430,130,No
330000,Female,2,1,29,0,0,0,0,0,0,132702,135972,137289,141844,143470,146596,6972,4989,6844,5470,5596,5577,No
240000,Female,2,1,42,-1,-1,-1,-1,-1,-1,1986,1323,329,9228,7776,7500,1323,329,9228,7776,7500,635,No
360000,Female,1,1,48,-1,-1,-2,-1,-1,-1,485,-15,-15,12588,1243,-6,0,0,12603,1250,0,420,No
80000,Female,3,2,40,2,2,0,0,0,0,81428,78041,75945,61740,29089,28267,4,3716,2000,1000,1000,2000,Yes
280000,Female,1,2,29,0,0,0,0,0,0,15801,9982,9909,10420,10142,10329,1200,1200,1200,1000,350,300,No
60000,Female,1,1,38,1,-1,3,2,-1,-1,0,780,780,390,390,390,780,0,0,390,390,87,No
220000,Female,1,1,44,2,2,0,0,0,2,34510,33661,34913,36334,38729,39062,0,2100,2000,3000,1100,1700,Yes
140000,Female,2,1,45,0,0,0,0,2,2,53951,55444,57549,60971,61374,63243,3000,3000,5000,2000,3000,2500,No
230000,Female,1,2,29,0,0,-1,-1,0,0,23586,6633,2525,146959,150080,153186,5576,2525,146959,4452,4586,5497,No
360000,Female,1,1,30,1,-1,-1,-1,-1,-1,-6,1191,23812,3155,-140,27994,1197,23931,3171,0,28134,8402,No
280000,Female,2,1,32,0,0,0,0,0,0,11561,12662,13752,14815,15168,15523,1300,1300,1300,600,600,600,No
500000,Female,2,1,33,0,0,0,0,0,0,264479,275025,285034,290002,295756,302149,15000,14500,10370,11000,11000,13000,No
230000,Female,2,2,39,0,0,0,0,0,0,72288,69680,66081,64495,60511,57450,2429,2579,2100,2000,2000,2100,No
30000,Female,3,1,41,-2,-2,-2,-2,-2,-2,0,0,0,0,0,0,0,0,0,0,0,0,No
120000,Female,5,1,41,-2,-2,-2,-2,-2,-2,0,77,-1460,-1460,-1460,-1460,77,1460,0,0,0,0,No
200000,Female,2,2,43,-2,-2,-2,-2,-2,-2,10000,10000,10000,10301,10000,10000,10000,10000,10301,10000,10000,10000,No
390000,Female,1,2,30,0,0,0,0,0,0,60819,61300,59328,57852,55903,53516,5000,2506,3000,2500,2000,2000,No
200000,Female,1,2,30,0,0,0,0,0,0,59891,60537,61592,59786,58172,59175,3000,2800,3000,2100,2070,1800,No
600000,Female,2,1,38,1,2,0,0,0,0,485861,462675,464983,416550,416545,420232,33,15287,14069,15013,15003,15000,No
20000,Female,3,1,45,2,2,3,2,2,0,21646,24390,23719,23936,23253,25871,3400,0,900,0,3000,2000,Yes
140000,Female,2,1,48,0,0,0,0,0,0,41241,42548,44552,46503,48418,49277,1996,3000,3000,3000,1790,1965,No
90000,Female,2,1,34,-1,2,-1,-1,-2,-2,336,168,432,0,0,0,0,432,0,0,0,0,Yes
20000,Female,3,1,44,0,0,0,0,0,0,5636,6737,7832,8624,8800,9300,1200,1208,1000,176,500,0,No
30000,Female,6,1,45,0,0,0,0,0,0,26958,26716,26679,22972,20152,11688,4000,5022,1232,820,286,237,No
250000,Female,1,2,35,0,0,0,0,0,0,154878,152677,134445,136219,117625,107642,5200,5200,10000,4014,4057,4000,No
350000,Female,2,2,33,0,0,0,0,0,0,187649,141353,142923,145149,132948,85677,5100,5400,6100,6000,3200,3100,No
150000,Female,2,1,49,-1,-1,0,-1,-1,-1,4016,5115,3425,1334,2117,1098,5119,1002,1336,2119,1098,757,No
300000,Female,2,2,42,0,0,0,0,0,0,113308,109901,108659,110781,107833,104466,5400,5800,6000,7000,5000,5000,No
50000,Female,3,1,53,0,0,0,0,0,0,46778,47770,49009,50593,20218,20645,1770,2009,2593,1000,752,1017,Yes
390000,Female,3,1,58,-2,-2,-2,-2,-2,-2,1186,15523,0,609,0,0,15657,0,609,0,0,0,No
120000,Female,3,2,53,-1,2,-1,-1,0,-1,1743,316,316,632,316,316,0,316,632,0,316,816,No
140000,Female,3,2,53,0,0,0,0,0,0,142270,144418,143728,125158,93998,91229,5357,5829,6240,3500,3500,4000,No
80000,Female,3,1,51,0,0,0,0,0,0,80904,64144,54029,51497,28250,28073,2500,2200,1817,1200,1200,1100,No
140000,Female,2,2,49,-2,-2,-2,-2,-2,-2,1282,367,0,3794,0,865,367,0,3794,0,865,825,Yes
330000,Female,2,1,50,-2,-2,-2,-2,-2,-2,5600,0,98,0,0,318,0,98,0,0,318,452,No
100000,Female,5,1,54,0,0,0,0,0,0,95980,99056,100415,102666,63913,65246,4057,3232,3275,2290,2365,2382,No
160000,Female,3,1,53,0,0,0,0,0,0,123760,124218,124438,112113,96459,93449,6018,5810,4591,3524,3542,3426,No
320000,Female,3,1,51,-1,-1,-1,-1,-1,0,8391,2855,1021,953,868,872,2869,1026,957,868,4,954,No
130000,Female,3,1,49,0,0,-2,-2,-2,-2,132571,-829,-829,-829,-829,-829,0,0,0,0,0,0,No
50000,Female,3,1,53,2,2,2,2,0,0,41174,42196,43327,42335,43326,46256,2000,2100,0,2000,3800,5783,No
540000,Female,2,1,50,0,0,0,0,0,0,66637,66665,66513,67149,66880,67667,3100,3070,3100,2320,2796,3500,No
50000,Female,5,2,48,0,0,0,0,0,0,47937,33816,60320,36249,780,0,2000,2000,3293,0,0,0,No
140000,Female,2,1,48,0,0,0,0,0,0,248822,246595,249664,253418,258909,255232,10000,10200,9000,9000,10000,10000,No
360000,Female,2,1,69,-2,-2,-2,-2,-2,-2,0,0,0,0,0,0,0,0,0,0,0,0,No
420000,Female,1,1,45,1,-1,-1,-1,-1,0,0,23621,29042,35000,292962,247622,23621,29052,35000,292962,0,606,No
360000,Female,1,1,51,-2,-2,-2,-2,-2,-2,1495,1117,7062,-3,1178,-2,1120,7065,0,1181,0,1758,No
110000,Female,3,1,63,-1,-1,-1,-1,-1,-1,390,390,390,390,780,0,390,390,390,780,0,390,Yes
170000,Female,1,1,52,-2,-1,0,0,-1,-1,416,2939,5447,416,7509,6387,2939,3000,5,7509,6387,1666,No
350000,Female,1,3,53,1,-2,-2,-2,-2,-1,36138,7613,5875,4020,33127,6877,7619,5875,4020,33127,6877,0,No
240000,Female,2,2,51,-2,-2,-2,-2,-2,-2,489,4006,696,696,696,696,4006,696,696,696,696,1542,No
80000,Female,2,1,57,1,-1,-1,-2,-2,-1,0,2412,0,0,0,1650,2412,0,0,0,1650,2500,No
220000,Female,2,1,53,2,0,0,0,0,0,220389,223682,223193,215040,210884,210479,8490,8100,8000,7804,8254,6640,Yes
500000,Female,1,2,54,0,0,0,0,0,0,260356,253580,239479,200081,185130,168868,18609,9800,6610,6000,6000,5000,No
20000,Male,2,2,24,0,0,2,0,0,0,15886,16337,16470,10195,11195,11995,2500,800,1500,1000,800,6720,No
360000,Male,2,1,27,3,2,2,0,0,0,245135,244583,156843,63861,64437,8844,8000,0,2700,3000,1000,1072,Yes
300000,Female,2,1,53,0,0,0,0,0,-1,5551,6564,7954,8690,0,1420,1110,1500,1000,0,1420,0,No
60000,Male,2,2,38,0,0,0,0,-2,-2,57775,51280,16299,-41,-41,-41,2000,1043,0,0,0,17500,Yes
360000,Male,2,1,30,3,2,2,2,2,2,2500,2500,2500,2500,2500,0,0,0,0,0,0,0,Yes
130000,Male,2,1,24,0,0,2,0,0,0,46113,49520,47627,47262,46226,390,5000,0,1925,0,0,780,No
150000,Male,2,2,28,0,0,0,0,0,0,134218,118580,95916,82867,58995,59799,4465,10629,3500,1833,1886,1610,No
30000,Male,1,2,24,0,0,0,0,0,0,28327,27406,28400,28115,28826,27745,1464,1458,1443,1154,1008,1018,No
350000,Male,1,2,29,0,0,0,0,0,0,27916,24973,22752,21010,4470,6838,2001,2010,1082,10506,7034,4573,No
50000,Male,2,2,25,0,0,-1,-1,0,0,48517,37071,5181,8548,50678,48220,5204,5196,8557,48011,2040,2121,No
20000,Male,2,2,23,0,0,0,2,0,0,13284,13987,15958,16168,16268,16600,1229,2200,900,500,332,2000,No
20000,Male,2,2,23,1,-2,-2,-2,-1,0,0,0,0,0,17330,16066,0,0,0,17330,738,1000,No
180000,Male,1,2,26,-2,-2,-2,-2,-2,-1,-106,-200,-200,-200,0,4709,0,0,0,200,4709,0,No
50000,Male,3,2,26,1,-2,-2,-2,-2,-2,0,0,0,0,0,0,0,0,0,0,0,0,No
150000,Male,2,2,26,1,2,0,0,0,0,156387,148656,150963,152607,103113,96518,0,6000,10000,4000,4000,7000,Yes
120000,Male,1,2,27,0,0,0,0,0,0,117324,91457,94478,74807,76952,0,3500,5390,3200,3500,3000,77233,No
20000,Male,2,2,27,0,0,-1,-1,0,0,7320,7761,631,4481,6481,3465,2000,631,4481,2000,300,3332,Yes
80000,Male,3,2,28,1,2,2,0,0,0,38151,39227,38318,42614,86966,41950,2000,0,5000,1500,1500,7000,Yes
50000,Male,3,2,30,0,0,0,0,-2,-2,49631,49641,50355,0,0,0,3000,2000,0,0,0,0,No
50000,Male,1,2,25,0,0,2,2,2,0,44477,45425,48559,49065,48057,48942,2000,3134,1640,0,1968,1504,No
30000,Male,2,2,22,0,0,0,0,0,0,30465,27943,14588,30158,29562,29818,1630,2231,16310,1051,1103,1003,No
20000,Male,2,2,26,0,0,2,2,0,0,15481,18004,19121,18521,18615,19015,3100,1700,0,700,700,860,Yes
50000,Male,2,2,27,-2,-2,-2,-2,-2,-2,0,0,0,0,0,0,0,0,0,0,0,0,No
150000,Male,1,2,25,0,0,0,0,0,0,51568,52952,95134,31578,26089,16624,3000,60086,2000,2000,5000,6000,No
50000,Male,2,1,26,1,-2,-2,-1,-1,-1,0,0,0,2056,973,973,0,0,2056,973,973,27154,No
500000,Male,1,2,28,0,0,0,0,0,0,59646,49412,48060,51132,49348,40652,43018,3030,10022,3064,3022,2018,No
120000,Male,1,2,27,0,0,2,0,0,0,75896,77931,79384,81367,82321,84336,3900,3300,3900,3200,3500,3500,No
260000,Male,1,2,27,0,0,0,0,0,0,256324,250666,245741,240132,234520,227149,10000,9000,10340,11500,8042,14000,No
20000,Male,2,2,23,2,2,2,0,0,-2,7130,9455,9159,10000,0,0,2455,0,1000,0,0,0,Yes
20000,Male,2,2,24,1,2,0,0,0,0,20036,19322,17619,10688,11346,0,0,2000,4000,2033,0,0,No
200000,Male,1,2,29,-2,-2,-2,-2,-2,-2,33188,10293,55615,37643,47437,38640,11958,73912,37858,47675,38834,49403,No
80000,Male,3,1,31,1,-2,-2,-2,-2,-2,0,0,0,0,0,0,0,0,0,0,0,0,No
160000,Male,2,2,28,-2,-2,-2,-2,-2,-2,0,0,0,0,0,0,0,0,0,0,0,0,No
200000,Male,1,2,28,-1,2,2,-2,-2,-2,2006,1823,-2,-2,-90,-90,0,27,88,0,0,0,No
90000,Male,2,2,29,0,0,0,0,0,0,85769,87877,89766,63793,24265,25713,3535,3703,2085,1026,2000,2000,No
20000,Male,3,2,41,1,2,-1,-1,-1,-1,9913,3261,1491,390,390,390,50,1491,2500,390,390,0,No
120000,Male,2,2,36,-1,-1,-1,-1,-1,-1,396,396,396,392,396,396,396,396,392,400,396,942,No
490000,Male,1,2,35,0,0,0,0,0,0,156021,155635,156094,159376,158235,163963,8030,9071,18944,10000,8030,6059,No
290000,Male,2,1,38,-1,-1,-1,-1,-1,0,3137,7999,2948,-6097,11037,17834,8042,2980,2777,17941,10002,10000,No
160000,Male,3,2,30,0,0,0,0,-2,-2,275241,280903,272419,0,0,0,8365,9368,0,0,0,0,No
220000,Male,1,2,30,2,0,0,0,0,0,84630,87604,89687,90889,91892,93815,5000,5000,4200,4000,4000,5000,No
290000,Male,2,1,38,0,0,0,0,0,0,116625,118801,99370,84836,82168,80299,5000,3530,3019,2818,3000,3199,No
120000,Male,2,2,40,2,2,2,2,2,2,58908,53306,50104,43957,43401,37371,1000,3000,0,5000,0,31000,Yes
360000,Male,1,2,30,0,0,0,0,0,0,194001,197032,183154,143367,135751,138659,8000,10000,5500,5000,5100,7000,No
80000,Male,3,1,33,-1,-1,-1,-1,-1,-1,390,390,390,1936,390,390,390,390,1936,390,390,390,Yes
420000,Male,2,1,37,-1,-1,0,0,0,0,3823,149793,56611,77406,79316,73995,150298,10617,25000,3034,3012,5012,No
360000,Male,1,1,39,0,0,-2,-2,-2,-2,12768,0,0,0,0,0,0,0,0,0,0,0,No
230000,Male,2,1,45,0,0,0,0,0,0,41414,42420,44234,45684,46653,47779,2000,2500,2500,2000,2000,2000,No
50000,Male,3,1,46,1,2,2,2,-2,-2,51814,53077,51400,0,0,0,2400,0,0,0,0,0,Yes
60000,Male,2,1,48,0,0,0,0,0,-1,60924,60089,59828,58217,18527,40334,2400,2800,2000,1110,40621,1800,No
200000,Male,2,2,30,0,0,0,0,0,0,179273,182624,188541,179380,41060,41258,6657,10000,8000,2000,2000,2000,No
480000,Male,2,1,30,-1,-1,-1,-1,-1,-1,1309,662,645,32636,27552,1428,668,645,32641,27552,1428,11822,No
360000,Male,3,1,32,-2,-2,-2,-2,-2,-2,33597,-1,-1,-1,-1,-1,0,0,0,0,0,0,No
100000,Male,1,1,33,2,2,0,0,0,0,94257,78728,65747,67046,69938,74800,0,3100,3000,4000,6000,0,Yes
150000,Male,1,1,37,-2,-2,-2,-2,-2,-2,22109,10876,10268,5872,3068,2181,10943,10273,5978,3068,2181,3242,Yes
20000,Male,3,1,39,0,0,-1,0,0,0,19831,1391,19037,19939,15110,0,1300,20398,1300,694,0,0,No
500000,Male,1,1,45,-1,-1,-2,-2,-2,-2,2900,0,0,0,0,0,0,0,0,0,0,0,No
180000,Male,1,1,36,1,-2,-2,-2,-2,-2,0,0,0,0,0,0,0,0,0,0,0,0,No
230000,Male,2,1,29,0,0,0,0,0,0,50845,48170,46987,45669,44510,43084,1768,1769,1635,1660,1544,1445,No
180000,Male,2,2,43,-1,-1,-2,-2,-2,-2,5904,5715,2378,10396,2527,2173,5739,2385,10427,2534,2179,13903,No
60000,Male,2,2,29,1,-2,-2,-2,-2,-2,0,0,0,0,0,0,0,0,0,0,0,251,Yes
200000,Male,1,1,42,1,-1,-1,-1,-1,-1,0,581,581,581,581,581,581,581,581,581,581,581,Yes
30000,Male,3,1,28,-1,0,0,0,2,0,38390,20830,56262,59113,58016,30900,4200,36444,4360,4,2204,0,No
20000,Male,1,1,31,0,0,0,2,-1,-1,4596,5675,8231,2717,4733,1099,1161,2717,0,4733,1099,0,Yes
110000,Male,1,1,41,0,0,0,0,0,0,80959,80733,80984,80706,80580,77993,3486,2958,2803,2940,2821,2806,No
80000,Male,3,1,41,0,0,0,0,0,0,90894,93167,81146,80674,63110,40376,4000,3200,2606,2431,1779,1000,Yes
160000,Male,2,1,35,0,0,0,-2,-2,-2,160303,164150,0,0,0,0,8000,0,0,0,0,0,No
20000,Male,2,2,35,0,0,0,0,0,0,19600,19694,19945,20051,19472,19830,1312,1363,1249,1000,2000,1000,Yes
30000,Male,3,2,30,1,2,2,2,2,2,4318,5096,6353,7092,7972,7702,1000,1500,1000,1000,0,1000,No
30000,Male,2,1,48,0,0,0,-1,-1,-1,29428,19950,24514,4083,6234,0,1402,10096,4083,6255,0,0,No
150000,Male,2,1,34,1,2,2,2,2,2,52692,54229,55768,56266,54764,58862,3000,3000,2000,0,5000,3000,Yes
280000,Male,2,1,31,0,0,0,0,0,0,235937,178376,183488,188165,99133,101547,7000,8000,8000,5000,4003,5000,No
50000,Male,2,1,28,2,2,2,0,0,0,47237,50632,49546,49448,19887,38212,4500,0,1713,1003,699,800,Yes
280000,Male,1,1,34,1,-1,-1,2,-1,-1,-2159,5777,7936,2932,6493,4867,7936,2980,29,6493,4867,240,No
210000,Male,3,1,47,-2,-2,-2,-2,-2,-2,6460,3623,10325,8751,11920,8967,3623,10362,8751,11920,8967,7416,Yes
360000,Male,3,1,27,-2,-2,-2,-2,-2,-2,0,0,0,0,0,0,0,0,0,0,0,0,No
50000,Male,3,1,29,1,2,2,2,0,0,47479,46415,50351,49038,28661,30398,0,4690,0,1000,2159,0,No
90000,Male,2,2,33,0,0,0,0,0,0,60881,65215,66748,70101,80611,89870,5000,2200,4035,12200,10000,0,No
270000,Male,2,1,35,0,0,0,0,0,0,48465,45898,46765,55438,54285,54198,1737,2000,10000,1461,1492,899,No
50000,Male,3,1,44,-1,-1,-1,-1,-1,-1,1261,1261,0,1261,1261,1261,1261,0,2522,1261,1261,1432,No
80000,Male,2,2,43,0,0,0,-2,-2,-2,70479,71900,0,0,0,0,3300,0,0,0,0,390,No
160000,Male,3,1,38,0,0,0,0,0,0,25003,23621,24994,15778,9333,7083,2000,5060,5000,1500,0,0,No
200000,Male,2,1,36,-1,-1,-1,-1,-1,-1,75,3707,697,0,2769,1382,3707,697,0,2769,1438,2411,No
30000,Male,2,1,37,2,2,2,2,2,2,19177,20054,20930,21291,20651,22110,1500,1500,1000,0,1801,1000,Yes
260000,Male,2,2,32,0,0,0,0,0,0,170276,164617,150188,138975,134225,128321,6200,6000,6000,5006,5006,6006,Yes
520000,Male,2,1,34,-1,-1,-1,-1,-1,-1,10000,10000,10000,10317,10000,126247,10000,10000,10317,10000,126247,4666,No
20000,Male,2,2,34,0,0,0,0,0,0,18351,17706,18831,18334,17280,15582,1304,1429,1608,346,312,318,Yes
50000,Male,3,1,41,2,2,2,2,-2,-2,20186,15773,13555,0,0,0,2700,103,0,0,0,0,Yes
50000,Male,2,2,31,0,0,0,-1,0,0,8673,10957,17187,6377,6370,1910,5011,10000,10000,6000,0,3000,No
170000,Male,3,1,42,0,0,0,0,0,0,191865,186841,183151,170838,80934,80821,7080,8271,5159,2700,2619,3500,No
180000,Male,2,2,32,0,0,0,0,-1,0,45469,39368,9652,10775,1943,13243,5000,2000,3000,1943,13000,170000,No
360000,Male,2,1,35,-2,-2,-1,2,2,-2,0,0,1300,300,0,598,0,1300,0,0,598,1352,No
220000,Male,2,1,39,1,2,0,0,0,0,4949,4724,6478,7412,7886,8358,0,2000,1200,600,600,600,No
500000,Male,1,1,48,0,0,0,0,0,0,107595,109605,113409,114191,117285,120388,5000,5571,4152,5000,5000,5000,No
80000,Male,2,2,36,0,0,2,2,0,0,79673,79353,80107,78323,45985,45434,7100,2600,371,1904,1801,1801,No
150000,Male,2,1,40,0,0,0,0,0,0,154432,106396,105332,82191,77262,49851,4000,7041,3000,3116,2500,5000,No
140000,Male,3,1,47,-1,-1,-1,2,0,0,292,396,792,884,488,1092,500,792,488,0,1000,0,Yes
190000,Male,2,2,39,0,0,0,0,0,0,146224,149289,152886,156273,159800,162570,5500,6000,6000,6000,6000,6000,No
200000,Male,1,2,32,0,0,0,0,0,0,270160,275565,282023,286199,265201,271381,11000,12003,11010,15000,10004,11004,No
260000,Male,1,2,33,0,0,0,0,0,0,93767,80944,67691,53334,76056,64968,3014,3017,2016,43000,2000,2000,No
210000,Male,1,2,30,0,0,0,0,0,0,137825,140883,145675,149399,150796,88463,5346,7056,7656,5885,3345,3363,No
240000,Male,2,1,38,2,2,-1,-1,0,0,7123,6848,836,2508,1672,836,836,836,2508,0,0,563,Yes
140000,Male,1,1,39,1,-2,-2,-2,-2,-2,0,0,0,0,0,0,0,0,0,0,0,0,Yes
200000,Male,1,1,34,-2,-2,-2,-2,-2,-2,7468,5023,618,605,3098,805,5048,621,608,3114,1003,2164,No
200000,Male,2,2,35,0,0,0,0,0,0,27784,33877,35420,26609,25392,23367,10000,10000,2000,5000,5000,1000,No
500000,Male,1,2,41,-1,-1,-2,-2,-2,-2,1296,0,0,0,0,2300,0,0,0,0,2300,0,No
50000,Male,2,1,39,2,2,2,2,2,2,31476,30676,33261,32427,34579,35476,0,3400,0,2700,1600,1500,Yes
230000,Male,2,2,31,0,0,0,0,0,0,100074,107085,115039,117144,117429,117560,9000,10000,6000,3405,3000,1286,No
260000,Male,1,2,34,-2,-2,-1,-1,-2,-2,916,2615,1580,920,730,466,2615,1586,920,730,466,1455,No
260000,Male,2,1,46,0,0,0,0,0,0,57963,262696,247462,252073,195628,199646,247562,9000,8300,6576,7000,7000,No
160000,Male,2,2,30,-2,-2,-2,-2,-2,-2,750,370,-20,780,0,1470,400,0,800,0,1470,0,No
250000,Male,2,1,40,1,2,0,0,0,0,65087,62216,39814,34374,34768,38830,0,2000,1871,1265,4643,3214,Yes
20000,Male,1,1,32,2,0,0,0,0,2,12720,13451,14786,15532,16767,17104,1250,1554,1300,1500,750,0,Yes
270000,Male,1,1,37,2,0,0,0,0,0,160069,156346,159223,165480,76144,77944,6000,7000,9000,5000,3000,3000,Yes
280000,Male,1,1,47,-1,-1,-1,-1,-1,-1,3587,3187,3190,1982,3590,3590,3200,3203,1992,3608,3600,3602,No
30000,Male,2,2,30,0,0,0,0,0,0,7038,8052,10153,9761,9960,4010,1291,2392,1000,199,80,949,No
450000,Male,2,2,36,-2,-2,-2,-2,-2,-2,8012,4009,5226,4715,3275,6422,4021,5241,4729,3284,6441,4285,Yes
360000,Male,1,1,33,0,0,0,0,0,0,21936,35331,30580,34985,39585,49735,14000,5000,5000,5000,10150,60000,No
20000,Male,2,2,36,2,2,2,0,0,0,18458,17334,16768,17539,18775,18586,1450,0,1134,1370,1000,424,No
200000,Male,3,2,40,-1,-1,-1,-1,-1,-1,316,316,316,316,316,316,316,316,316,316,316,316,Yes
200000,Male,1,1,42,-2,-2,-2,-2,-2,-2,-6028,10177,10229,7899,4553,4252,20405,10426,8008,4575,4273,9652,No
450000,Male,3,1,39,0,0,0,-1,-1,0,28499,13119,9983,4904,45338,51646,1214,3109,4904,45338,7570,11729,No
500000,Male,1,1,42,0,-1,-1,0,0,0,9894,1500,14148,28190,7423,3588,1500,14148,20000,0,0,1715,No
260000,Male,1,2,31,0,0,0,0,0,0,102350,96133,90183,89846,101034,84152,4033,4000,4005,14066,3017,2736,No
10000,Male,2,1,37,0,0,0,-1,-1,-1,8487,9003,0,390,4555,5165,2008,0,390,4555,1000,6810,No
240000,Male,2,1,34,0,0,0,0,0,0,133272,133373,138006,136195,140860,138787,6000,9583,6000,10000,4974,4820,No
480000,Male,1,1,43,0,0,0,0,0,0,377420,389573,400693,393892,348733,331930,20000,20000,20005,15000,15000,12000,No
520000,Male,1,1,38,0,0,0,0,0,0,98615,102085,102762,104865,106947,109507,5102,3800,3803,3822,4277,4868,No
20000,Male,2,1,42,2,0,0,0,0,0,20745,21431,19745,19943,19235,19245,1373,1386,1189,570,589,600,Yes
180000,Male,1,2,33,0,0,0,2,0,0,3060,1854,3238,2106,1510,1746,1000,2500,0,1000,500,930,No
290000,Male,2,1,43,-1,-1,2,0,0,0,172,1930,1752,3710,3848,4285,1930,0,2000,200,500,0,No
500000,Male,1,2,39,0,0,0,0,0,0,297309,290425,286959,278420,291642,286666,10322,13500,10000,30000,12000,10000,No
100000,Male,2,2,40,0,0,0,0,0,0,95600,87442,60737,66077,68990,70724,15037,5003,8058,8000,3000,5000,No
300000,Male,1,1,39,-1,-1,-1,-1,-1,-1,20938,21064,26041,18158,18147,45199,21169,26171,18249,18238,45301,120,No
130000,Male,1,1,40,2,2,2,2,2,2,62177,60580,65489,66327,64665,68740,0,5900,2500,0,5300,2700,No
500000,Male,1,1,50,-1,-1,-1,-1,0,0,2112,6000,2079,2710,2040,-55,6031,2509,2713,2010,0,4642,No
220000,Male,2,1,55,-1,-1,-1,-1,-1,-1,757,757,3257,757,757,757,757,3257,757,757,757,907,No
260000,Male,3,1,63,0,0,0,0,0,2,261326,264126,244115,248831,263528,258973,9166,9001,9061,19155,1,9858,No
50000,Male,2,1,51,0,0,0,0,0,0,40197,41240,37093,32925,26640,22247,2044,2000,1547,2388,944,1000,Yes
110000,Male,2,2,55,0,0,0,0,2,0,51716,113395,111693,115073,111811,111719,65668,4267,9455,0,3991,8071,Yes
350000,Male,1,1,49,-2,-2,-2,-2,-2,-2,27506,4213,1518,4625,363,858,4213,1529,4713,363,858,566,No
180000,Male,2,1,48,-1,-1,-1,-1,-1,-1,1294,1294,1466,1294,2324,264,1294,1466,1294,2324,264,264,No
120000,Male,3,2,50,0,0,0,2,0,0,118506,118930,125089,122242,119996,122049,4500,9000,1609,5000,5000,5000,No
460000,Male,2,1,51,-1,-1,-1,-1,0,-1,326,827,289,44517,36065,6591,831,290,44558,101,6621,9584,Yes
250000,Male,2,1,52,2,2,2,2,0,0,29860,29086,33288,32459,34600,36539,0,5000,0,3000,2500,2500,Yes
50000,Male,2,1,58,-1,0,0,0,0,0,60524,61627,56937,51506,45058,37598,2200,2297,1751,1086,3307,1142,No
350000,Male,1,1,56,0,0,0,0,0,0,257463,256706,257944,149040,144639,139558,10023,7700,5162,5025,5041,5061,No
20000,Male,3,1,52,0,0,3,2,0,0,16049,19967,19368,18759,19131,19533,4519,0,0,683,709,1027,Yes
290000,Male,2,1,49,-2,-2,-2,-2,-2,-2,4040,5438,3116,13459,2685,2532,5457,3131,13526,2698,2544,1988,No
500000,Male,1,1,50,2,2,2,2,2,2,70144,74850,76463,77611,78735,80430,6500,3400,3000,3000,3100,3110,Yes
240000,Male,1,2,57,0,0,0,0,0,0,224041,238077,245387,248945,224776,11567,18800,12000,10000,20019,3000,9000,No
50000,Male,2,2,52,0,0,0,-1,0,0,45840,47595,28491,3642,12291,16674,8000,8080,15012,10000,8000,2000,No
180000,Male,1,1,50,0,0,0,0,0,0,62782,66114,69436,72560,76169,77988,5000,5000,5000,5000,3000,5000,No
500000,Male,3,1,52,-1,-1,-1,-1,-1,-1,30561,38207,18008,29158,11484,103340,38219,18008,29248,11484,103340,28524,No
110000,Male,2,2,51,0,0,0,0,0,0,110950,69564,51264,51584,49601,50485,2500,2500,1800,1800,2000,2000,No
500000,Male,2,1,53,-2,-2,-2,-1,-1,0,-12,1270,4338,1080,2576,6200,1282,4338,1100,2576,1024,1000,No
30000,Male,2,1,53,0,0,0,0,0,0,29557,30091,28247,28884,29523,30672,1427,2973,1500,1100,2000,1000,No
600000,Male,1,1,53,2,2,2,0,0,0,458652,467150,458862,469703,447130,440982,17000,0,18000,16000,16000,21000,Yes
80000,Male,1,1,60,0,0,0,0,0,-2,49246,53315,47740,50100,0,0,5000,3300,6267,0,0,0,No
270000,Male,1,1,61,0,0,0,0,0,0,15194,16934,18533,8855,3140,5140,2000,2000,2000,1000,2000,2000,No
30000,Male,3,2,56,0,0,0,0,0,0,32758,33720,32779,31557,30094,27223,1521,1580,1358,895,1217,1022,No
20000,Female,2,2,22,1,2,0,0,2,2,9498,9202,10741,12326,11888,9351,0,2000,1800,0,900,0,Yes
20000,Female,1,2,23,2,0,0,0,0,0,19175,19889,17703,18690,19065,19261,1575,1400,1300,643,862,2000,No
90000,Male,3,1,56,2,0,0,2,2,0,48900,37039,36334,34214,30789,28994,2000,4000,1100,0,1050,1034,Yes
160000,Male,2,1,59,-1,-1,-1,-1,-1,-1,1443,1443,1443,1443,1443,1443,1443,1443,1443,1443,1443,1443,No
90000,Female,2,2,23,0,0,0,0,0,0,87727,89402,88118,87852,49042,49251,3160,3688,4559,1665,1707,1807,No
60000,Female,2,2,24,1,-1,3,2,0,-1,0,948,948,632,316,316,948,0,0,0,316,782,Yes
20000,Female,3,2,24,-1,-1,-2,-2,-1,0,12509,0,0,0,13398,7224,0,0,0,13398,0,0,No
120000,Female,2,2,25,-1,-1,-1,-1,-1,0,827,827,827,827,1654,827,827,827,827,1654,0,0,No
20000,Female,2,1,27,0,0,0,0,-1,0,19667,15,15,41,10522,12340,0,0,26,19700,2000,2000,No
130000,Female,2,2,28,0,0,0,0,0,0,120208,111999,114413,116721,117795,120511,5500,5700,5692,4500,4850,3800,Yes
430000,Female,1,2,27,-2,-2,-2,-2,-2,-2,389,389,389,383,1462,389,390,390,384,1469,390,390,No
360000,Female,1,2,27,-2,-2,-2,-2,-2,-2,0,0,12063,6080,0,0,0,12063,6080,0,0,0,No
10000,Female,1,2,22,0,0,0,0,0,-2,9791,7052,6816,5210,0,0,1275,2500,1000,0,0,0,No
210000,Female,2,2,25,-1,-1,0,0,-1,-1,648,34601,30853,13774,3988,0,39637,1371,1000,11197,0,3223,No
100000,Female,1,2,30,2,2,2,2,0,0,92162,93769,95163,74656,65718,78474,3800,3420,80,1800,17000,2000,No
60000,Female,2,2,28,2,0,0,0,2,-1,5669,6328,8460,10146,9413,15997,2000,3000,2500,0,15997,3000,Yes
20000,Female,1,2,25,-2,-2,-2,-1,-1,-1,0,0,0,6000,16321,286,0,0,6000,16321,286,0,No
200000,Female,2,2,26,-2,-2,-2,-2,-2,-2,0,0,0,0,0,0,0,0,0,0,0,0,No
90000,Female,3,2,26,0,-1,0,0,0,-1,3268,6745,3402,8652,5381,7190,6745,1131,5381,4,7190,0,Yes
220000,Female,1,2,28,0,0,-1,-1,-1,0,53342,56022,5806,5637,23054,10730,5000,5806,5637,23054,0,2406,No
180000,Female,2,1,40,0,0,0,0,-2,-2,22523,20831,1537,-43,-43,-43,2045,1000,0,0,0,0,No
320000,Female,1,2,31,0,0,0,0,0,0,77052,65457,62680,62597,60080,55314,3000,3000,3017,2100,3000,3000,No
280000,Female,2,2,29,-1,-1,-1,-1,0,0,7545,2549,3266,10501,10131,8471,2709,3284,11001,8,6,666,No
130000,Female,2,2,30,-1,-1,2,-1,0,-1,396,792,396,792,396,396,792,0,792,0,396,396,No
50000,Female,2,1,30,0,0,0,0,-1,-1,86750,42968,43444,40616,2008,-1500,4000,4013,5000,5000,5000,5000,No
200000,Female,2,2,33,-1,2,2,-2,-2,-1,10111,2900,0,0,0,4549,0,0,0,0,4549,0,No
320000,Female,1,2,33,-2,-2,-2,-2,-2,-2,2722,11040,9422,0,1200,1150,11040,9422,0,1200,1150,0,No
90000,Female,2,1,37,-1,2,-1,2,-1,-1,2330,1073,2323,1073,1073,9699,0,2323,0,1073,9699,10289,No
180000,Female,2,1,34,2,-1,-1,-2,-2,-1,314,8000,0,0,0,600,8000,0,0,0,600,0,No
140000,Female,2,1,35,0,0,0,0,0,0,62244,55125,48943,42337,35446,29383,2000,2200,2000,1300,2000,0,No
330000,Female,1,2,36,0,0,0,0,0,0,43943,41738,37766,37117,30555,13420,5019,1952,2000,814,475,697,No
90000,Female,2,2,25,1,-1,-1,-1,-1,2,0,840,420,0,1140,150,840,420,0,1140,0,570,Yes
270000,Female,2,1,38,-1,0,0,0,-1,0,2974,3562,5061,5500,116681,119553,1071,2000,1000,116681,5000,4000,No
80000,Female,2,2,26,0,0,-1,-1,-2,-2,24986,23000,1000,0,0,0,2000,1000,0,0,0,0,No
250000,Female,1,2,29,2,-1,-1,-1,-1,0,1381,1381,7014,1581,36022,34011,1381,7014,1581,36022,10000,10961,Yes
270000,Female,2,1,32,2,0,0,0,0,0,276339,264141,270573,275560,243792,251098,11000,12000,11000,8700,11077,34000,No
170000,Female,1,2,40,0,0,0,0,0,0,15442,16869,21014,18517,9058,5035,2000,5020,2000,3000,1000,464,No
250000,Female,2,1,36,0,0,0,0,-1,0,253627,239250,245611,33017,182078,184036,10153,11000,4701,190071,8000,10014,No
310000,Female,2,1,34,0,0,0,0,0,0,86769,87842,42594,26198,26766,27341,2800,3021,1600,1000,1000,2000,No
200000,Female,2,1,39,1,-1,0,0,-1,-1,0,21801,62433,-82,16550,5239,21801,42745,0,16632,5265,0,No
130000,Female,3,1,42,1,-2,-2,-2,-2,-2,0,0,0,0,0,0,0,0,0,0,0,5000,No
200000,Female,2,2,34,0,0,0,-2,-2,-2,19252,10000,0,0,0,0,1000,0,0,0,0,0,No
190000,Female,2,1,35,0,0,0,0,0,0,187777,189420,192058,185995,188649,190700,8300,8900,6700,6699,7400,6900,No
210000,Female,2,1,36,-1,-1,-1,-2,-2,-2,26656,2641,0,0,0,0,2641,0,0,0,0,0,No
90000,Female,2,1,39,1,2,2,2,0,0,90880,87502,91442,89804,87213,90441,0,7300,1144,3265,6788,0,No
290000,Female,2,2,41,0,0,0,0,0,0,268498,272517,275748,277300,209747,212027,10000,12000,8000,7000,7000,5000,No
200000,Female,2,1,42,-1,-1,-1,-1,-2,-2,8050,0,1560,0,0,0,0,1560,0,0,0,0,No
120000,Female,1,2,40,-1,-1,-1,-1,0,0,326,326,326,12055,11968,12968,326,326,12055,239,1000,652,No
130000,Female,2,1,37,0,0,0,2,0,0,41200,42532,46413,45000,45800,0,2019,4900,0,1000,0,0,Yes
150000,Female,3,1,46,0,0,0,0,0,0,38985,36466,31907,33300,34681,36060,10107,20000,10000,10000,10000,10000,No
220000,Female,1,1,37,-2,-2,-2,-2,-2,-2,14298,100606,11202,21683,10860,12534,101405,11202,21778,10860,12534,7923,No
200000,Female,2,2,37,1,-1,-1,-2,-2,-2,-1,297,-2,-2,-2,-2,298,0,0,0,0,544,No
100000,Female,2,1,41,-1,-1,-1,-1,-1,-1,1594,4612,2098,3494,2086,2379,4612,2099,3494,2086,2379,3219,No
130000,Female,2,2,43,0,0,0,0,0,0,109464,106613,107700,103736,101414,100157,3835,5433,4431,6938,3467,3593,No
10000,Female,2,2,55,1,2,0,0,0,0,9193,7653,8337,8356,8527,4694,0,1201,1000,171,94,80,Yes
150000,Female,2,1,45,0,0,0,0,0,0,135260,144927,148990,70303,64749,66206,12000,7007,3000,3000,2500,5000,No
60000,Female,3,1,42,0,0,0,0,-2,-1,29243,31093,26401,326,324,1126,3032,1454,326,324,1130,199,No
130000,Male,3,2,27,1,2,0,0,0,0,133019,133178,132355,131797,131457,132202,6000,6000,5000,5000,5000,5200,No
50000,Male,1,2,22,0,0,-1,0,0,0,45192,9920,16991,17727,18391,18490,5000,31991,1500,1200,10000,1000,No
410000,Male,1,2,27,0,-1,-1,0,-1,-1,7189,15646,15678,40512,17884,34251,16090,16076,40203,17974,34518,369,No
210000,Male,1,2,29,-2,-2,-2,-2,-2,-2,0,0,1865,-3,-3,3677,0,1865,0,0,3680,0,No
140000,Male,2,2,30,-1,-1,-1,0,0,0,1288,-4925,136239,137748,81195,47338,0,143200,5200,2352,2000,2000,No
80000,Male,3,1,31,2,0,0,2,0,0,28175,57433,61513,59769,61937,66088,30000,5000,0,3000,5000,5000,Yes
30000,Male,2,2,31,1,2,2,2,2,2,10916,11940,11462,13263,12758,13545,1500,0,2300,0,1300,800,Yes
200000,Male,1,1,32,-1,2,-1,2,-1,-1,760,380,760,380,380,0,0,760,0,380,0,154350,No
550000,Male,1,2,31,1,2,2,-2,-1,-1,17516,1600,94,100,704,7480,0,94,112,704,7491,7000,No
30000,Male,1,2,26,1,2,2,0,0,0,24599,23397,22721,22403,21972,22512,1700,0,1700,900,1000,900,No
100000,Male,1,2,26,-1,0,0,0,0,0,2724,46286,46435,4398,3437,3476,45000,2300,1000,0,1000,100,No
70000,Male,1,2,27,0,0,-2,-2,-2,-1,2219,0,0,0,0,1453,0,0,0,0,1453,0,No
220000,Male,1,2,32,-1,-1,0,-1,-1,-1,13596,34661,29084,31770,3322,32528,34661,11000,31770,3322,32528,139961,No
30000,Male,2,2,25,1,-1,2,2,-1,0,0,1170,390,0,9494,11473,1170,0,0,9494,3000,378,Yes
250000,Male,2,2,28,-2,-2,-2,-2,-2,-2,22303,51749,186394,9458,6620,10040,51762,186398,9467,6620,10040,8960,No
20000,Male,3,2,28,1,2,0,0,0,2,18953,14043,13266,14340,15301,14916,18,1600,1600,1500,0,1000,No
210000,Male,2,2,29,0,0,0,0,0,0,118905,118620,78297,36137,33264,29493,5000,4000,2000,2000,2000,2000,No
360000,Male,1,2,29,1,-2,-2,-2,-2,-2,0,0,0,0,0,0,0,0,0,0,0,0,No
170000,Male,2,2,29,0,0,0,0,-1,0,23070,186183,164405,93983,2806,1732,164000,7000,5215,3500,2000,300,No
10000,Male,2,2,29,0,0,0,-1,0,0,9363,9990,-10,6390,6682,7271,1000,0,6400,400,700,500,No
280000,Male,2,2,30,0,0,0,0,0,0,31272,40688,139417,144087,147694,155284,10000,100000,7000,6000,10000,8000,Yes
20000,Male,2,2,24,0,0,0,0,0,2,15110,16548,17443,16216,18027,12364,2000,1500,1500,2000,0,1000,No
10000,Male,1,2,26,0,0,0,0,0,0,6376,7386,8581,9765,10066,10151,1121,1316,1500,450,500,800,Yes
80000,Male,2,2,26,0,0,-1,-1,-1,-1,350,-40,70,180,-210,220,0,500,500,0,820,500,No
360000,Male,1,2,29,0,0,0,0,0,0,109997,205119,209680,213527,174907,126309,100000,8270,8423,6753,5139,5000,No
250000,Male,1,2,31,1,-2,-1,-1,-1,-1,-160,-550,450,330,-60,1540,0,1390,660,0,1600,3000,No
170000,Male,2,2,33,-1,-1,-1,-1,-1,-1,2754,2754,2754,2754,2754,2754,2754,2754,2754,2754,2754,2754,No
80000,Male,1,2,33,0,0,0,0,0,0,73983,75454,77738,77235,76835,34751,3300,4100,2000,0,0,0,Yes
130000,Male,2,1,33,0,0,0,0,0,0,39251,40772,40437,9919,10295,7964,2500,3200,1200,500,447,1000,No
260000,Male,2,2,34,0,0,0,0,0,0,32324,24103,20158,12619,176498,172274,1503,2260,3030,170039,6227,6052,No
20000,Male,2,1,31,1,4,3,2,0,0,21676,21054,20442,19773,20238,18062,0,0,0,1000,1000,1000,No
400000,Male,1,1,32,2,2,0,0,-2,-2,187698,190103,195498,0,0,0,7000,10000,0,0,0,4290,Yes
220000,Male,1,1,33,-1,-1,-1,-1,-1,-1,586,-64,942,5378,126,3419,0,1006,6031,1003,4003,16,No
180000,Male,3,2,27,0,0,0,0,0,0,172511,177587,175867,159053,126688,122947,8008,6528,6500,5000,5000,5000,No
500000,Male,3,2,53,-1,-1,-1,-1,-1,2,17362,16666,16666,16666,33923,16666,16666,16666,16666,33923,0,16666,No
50000,Male,2,2,35,0,0,0,0,0,0,47816,49694,48543,46366,9076,9812,3000,3000,3019,3000,1000,2000,No
180000,Male,2,1,36,-2,-2,-2,-2,-2,-2,15315,0,0,0,500,2240,0,0,0,500,2240,1800,No
370000,Male,2,1,39,1,2,-1,2,-1,-1,3633,1746,3677,1746,1746,1746,0,3677,0,1746,1746,1746,No
360000,Male,1,1,37,0,0,0,0,0,0,68438,71287,73406,74397,75467,79841,4000,3009,3509,3500,5000,5019,No
230000,Male,2,1,41,0,0,0,0,0,0,33842,35273,36693,37006,36519,31204,2000,2000,2000,2500,2000,2000,No
270000,Male,1,1,45,1,-1,-1,-1,-1,-1,0,278,608,494,315,0,278,608,494,315,0,181,No
150000,Male,1,1,35,-2,-2,-2,-2,-2,-2,5819,805,-48,8029,2188,9157,809,0,8077,2199,9202,2112,No
170000,Male,2,1,37,-2,-2,-2,-2,-2,-2,0,0,0,0,0,0,0,0,0,0,0,0,No
10000,Male,2,1,41,-2,-2,-2,-2,-2,-2,3311,7244,3980,0,9263,3693,7244,4000,0,9263,3693,0,No
210000,Male,1,1,47,-1,-1,-1,-1,-1,-1,8417,15271,12803,13984,9958,13066,15271,12831,13996,9958,13066,6151,No
270000,Male,1,1,39,-2,-2,-2,-2,-1,-1,10648,0,15332,9094,225604,7443,0,3119,9124,225616,7443,69550,No
50000,Male,2,2,44,0,0,0,0,0,0,15735,15681,35492,7988,8986,10463,1500,3100,3000,1500,2000,1500,No
250000,Male,2,1,34,-1,-1,-1,-1,-1,0,6461,8117,2200,3772,8650,17650,8117,2200,3772,8650,10000,4646,No
50000,Male,1,2,35,2,0,0,0,0,0,50481,48264,19142,18188,18397,18161,3183,1565,7240,795,1000,673,Yes
280000,Male,2,1,35,0,0,0,0,0,0,202260,102097,104596,106950,87706,88396,4000,4000,4000,3000,3600,3100,No
210000,Male,2,1,35,-1,-1,-2,-2,-1,-1,5811,0,0,0,1243,0,0,0,0,1243,0,0,No
250000,Male,2,1,44,0,0,0,0,0,0,254933,244433,249882,248013,99071,98928,8754,10866,5592,2212,2565,2156,No
170000,Male,5,1,40,0,0,0,0,0,-2,69072,153837,144225,111983,0,0,100467,50269,3567,0,0,0,No
140000,Male,2,2,38,0,0,0,2,0,0,137611,135905,142477,140617,139353,140953,6010,12500,4009,5000,6000,5300,No
30000,Female,2,2,21,0,0,0,0,0,0,28409,28530,29435,30841,29434,16565,2000,2000,2000,1765,331,0,No
50000,Female,2,2,22,0,0,0,0,-1,0,50784,50670,50222,20013,39721,30526,2300,2000,1682,41803,1261,1200,No
50000,Female,1,2,21,0,0,0,0,0,0,36809,33121,29672,22365,12702,4134,5143,5000,1021,0,3000,0,No
60000,Female,2,2,22,0,0,0,0,0,0,60330,60382,60264,46149,28990,30067,2500,2501,1506,1000,1500,2000,Yes
170000,Male,1,1,51,-1,-1,-1,-1,-1,-1,316,316,316,316,316,316,316,316,316,316,316,316,No
220000,Male,1,1,42,-1,-1,-1,-1,0,-1,2358,156,0,50510,2202,4533,156,0,50510,0,5131,0,No
50000,Female,2,1,30,1,2,0,0,-2,-2,27369,6425,4580,0,0,0,0,1050,0,0,0,0,No
20000,Female,2,2,23,0,0,0,0,0,0,19242,15014,13484,7612,8612,5007,1500,1535,1000,1000,1000,0,No
20000,Female,2,1,38,0,0,0,0,0,0,19520,16247,6687,5165,5060,2180,1623,1262,1101,2180,0,0,No
50000,Female,2,2,30,1,2,0,0,0,0,49310,48210,48673,33270,7689,15529,0,2310,1900,400,8000,1000,Yes
160000,Female,1,1,27,0,0,0,0,0,0,146643,151342,152714,141957,140605,143519,6645,4844,6368,3961,4086,4280,No
400000,Female,2,2,27,-1,-1,-1,0,-1,-1,20030,3497,6725,6016,8985,14705,3513,6742,1435,9030,14778,25730,No
140000,Female,2,2,27,0,0,0,0,0,0,134936,137328,138767,137231,128228,110803,6700,6704,5000,4155,4100,3600,No
80000,Female,1,2,27,-1,-1,-1,-1,0,-1,993,1528,1138,4130,3740,1404,1528,1499,4130,0,1404,1621,No
340000,Female,1,1,27,0,0,-2,-1,-1,-1,307650,0,0,495,495,1528,0,0,495,495,1528,3254,No
70000,Female,2,2,26,0,0,0,0,0,0,7053,9761,50926,48588,49323,50685,3000,45000,3000,2000,2500,2000,No
130000,Female,1,2,26,-2,-2,-2,-1,-1,-2,0,365,894,6006,1385,1666,365,894,6006,1385,1666,0,No
30000,Female,3,2,22,1,2,0,0,0,0,41867,38195,37026,34579,32477,32477,0,2145,1400,1000,0,30305,Yes
90000,Female,2,2,23,0,0,0,0,0,0,23362,23255,23539,28986,27079,21966,9025,3539,9000,650,584,639,No
30000,Female,2,1,23,1,2,0,0,0,-1,28108,27228,24921,25945,20634,1600,0,1500,5229,942,1704,0,No
100000,Female,2,2,22,1,2,0,0,0,0,96491,94043,97522,97696,90605,85293,0,5000,3000,2113,2995,139,No
20000,Female,2,1,23,1,2,0,0,0,2,15988,16219,17626,18398,19052,15429,794,1674,1446,1100,0,379,No
30000,Female,1,2,24,-1,-1,2,-1,-1,-1,736,1472,736,736,736,1423,1472,0,736,736,1423,831,No
90000,Female,1,2,23,0,0,0,0,2,0,60374,57829,59492,68365,66832,69248,3000,2600,10000,0,3500,4000,No
20000,Female,1,2,23,2,0,0,0,0,0,17476,18807,15784,19062,19444,20004,2000,1500,4300,624,800,600,Yes
30000,Female,2,2,22,3,2,2,2,-1,-1,200,200,200,200,29847,30089,0,0,0,29847,340,0,No
80000,Female,1,2,22,0,-1,0,0,0,0,6518,65145,53655,50279,41166,28657,65145,2386,2000,2000,3000,1000,No
200000,Female,3,2,25,0,0,0,0,-1,-1,7930,5790,9853,5334,5481,11344,1343,5033,3516,5497,11378,12774,No
60000,Female,3,2,23,0,0,0,0,0,0,60465,60100,58795,47818,28357,29309,3000,2148,3049,3000,3002,1021,No
60000,Female,2,2,22,0,0,0,0,2,2,60434,60935,56585,77520,29002,30274,2141,3085,3623,0,3158,0,No
80000,Female,2,1,22,2,2,2,2,2,-2,79026,81521,83628,152452,0,0,4400,4001,12,0,0,0,Yes
20000,Female,1,3,22,2,0,0,0,0,0,14033,14993,16244,18300,18100,-1900,1500,1800,2800,0,0,1900,Yes
130000,Female,2,2,22,2,2,2,2,0,0,29929,27812,21213,15443,25371,4264,3412,1700,0,15571,4264,1000,No
20000,Female,2,2,22,2,0,0,2,3,2,6655,9711,12450,13949,13437,13082,3200,2900,2000,0,0,4600,Yes
50000,Female,1,2,23,0,-1,-1,-1,-1,0,1980,269,-721,-710,29114,27154,269,710,268,45171,1036,1000,No
100000,Female,2,2,23,2,2,2,2,2,2,90680,93267,95189,96332,97560,95885,5000,4300,3600,3700,0,7300,No
70000,Female,3,2,24,0,0,0,0,0,0,5633,6646,7665,8836,9532,9730,1114,1133,1304,1000,351,2523,No
10000,Female,1,2,22,1,3,3,2,0,0,6251,6498,6744,6977,6593,7481,500,500,500,242,1000,273,No
50000,Female,3,2,23,0,0,0,0,0,0,35158,34364,34212,33886,32929,34549,1544,1861,2004,1324,3768,1,Yes
30000,Female,2,2,24,0,0,0,0,0,0,26581,27080,26759,27186,27208,27234,1500,1445,1425,1000,1000,2000,Yes
100000,Female,3,2,24,0,0,0,0,0,2,54938,55621,56999,57748,62489,60984,1985,2664,2700,6700,0,2389,No
30000,Female,3,2,24,2,2,0,0,2,2,31073,30279,30428,30485,31012,30402,0,1500,2700,1300,0,1117,Yes
90000,Female,2,2,24,0,0,0,0,0,0,15985,11413,61879,56377,51068,51722,4000,55000,3750,2500,2500,2500,No
140000,Female,2,2,24,2,2,2,2,2,2,50643,51916,52903,53652,52201,55497,2400,2400,2200,0,4300,2200,Yes
50000,Female,2,1,24,0,0,0,-2,-2,-2,25207,25435,0,0,0,0,1000,0,0,0,0,0,No
10000,Female,2,2,25,1,2,2,2,0,0,8599,9695,10385,9987,9987,0,1400,1000,0,0,0,0,Yes
20000,Female,2,2,24,2,3,2,2,2,2,12764,12267,13266,12756,13801,13439,0,1500,0,1259,0,1200,Yes
100000,Female,2,2,44,-1,-1,-1,-1,0,0,12566,2421,3360,2845,2505,2158,3061,1390,6477,50,43,36,No
130000,Female,1,2,27,0,0,0,0,0,0,116186,111703,105091,100046,96090,90359,5500,4500,3500,6011,3200,4000,No
130000,Female,2,2,24,0,0,0,0,-1,-1,12163,21895,18885,19057,2511,10358,10095,7005,6013,2511,10358,5000,No
80000,Female,2,2,23,0,0,0,0,0,0,77894,79427,79514,72712,42309,43227,2850,2874,2335,1600,1600,1700,No
50000,Female,2,2,23,0,0,0,0,2,0,48409,39572,16922,19319,17644,18209,1605,1603,3000,0,1000,1000,No
50000,Female,1,2,23,2,2,0,0,2,2,50668,46576,46225,46473,45099,45116,0,2120,2810,1000,2083,1500,Yes
150000,Female,2,1,24,0,-1,-1,-1,-1,-1,1473,1473,3323,5953,2559,4509,1473,3323,5970,2571,4515,4019,No
50000,Female,2,3,24,0,0,0,0,0,0,40901,37962,26566,9866,5386,5651,1600,6207,1465,2200,1000,3000,No
30000,Female,2,1,26,2,2,2,2,2,2,30372,30954,30670,29856,30584,27883,1805,2074,0,2304,0,2400,Yes
390000,Female,1,2,25,0,0,0,0,0,0,21382,19133,19327,26992,33483,37465,4000,5000,11417,10000,10000,5000,No
80000,Female,2,2,25,0,0,0,0,0,0,36808,38190,39571,40775,40592,20650,2000,2000,1867,1784,1050,0,No
70000,Female,1,2,26,0,0,0,0,0,0,41614,43610,46581,47634,51305,52580,3000,4000,1829,4500,2100,2500,No
30000,Female,2,2,23,0,0,0,2,0,0,10550,11670,13469,14045,14509,16962,1300,2000,1100,1000,2700,500,Yes
20000,Female,3,1,24,0,0,0,0,0,0,13506,14772,16520,17623,15237,13776,1500,2000,1500,506,803,1009,No
70000,Female,2,2,25,0,0,0,0,2,2,73939,70488,51152,35122,28633,28039,3000,2000,4500,1200,0,1200,Yes
200000,Female,2,2,25,0,0,0,0,0,0,195520,195884,194045,189557,177185,171010,7080,8000,7011,8500,6010,6000,No
50000,Female,2,2,23,0,0,0,0,0,0,48227,48273,42670,49263,18296,34822,2000,2520,20000,1000,1000,1000,No
50000,Female,2,1,27,1,2,0,0,0,0,52180,51009,49025,38697,18561,18952,0,2080,1600,657,683,838,No
20000,Female,2,2,23,0,0,0,0,2,0,13858,15121,16472,18087,17499,17868,1500,1600,2200,0,650,1450,No
50000,Female,1,2,23,1,2,0,0,0,0,34443,33590,34651,35677,36485,37300,0,1600,1600,1400,1400,1400,No
90000,Female,2,2,24,0,0,0,0,0,0,35411,17417,26046,10689,12455,15181,10000,14790,5000,5249,9932,0,No
100000,Female,2,2,24,2,0,0,0,0,0,177646,94299,96389,97571,86202,92282,7900,4500,3800,3500,7500,3500,No
70000,Female,2,2,24,0,0,0,0,0,0,61094,62483,63882,64733,66680,71243,3000,3000,2500,3000,5800,0,No
90000,Female,2,2,24,0,0,0,0,0,-2,87711,80699,68100,33434,0,0,3248,2991,2655,0,0,0,No
30000,Female,3,1,23,0,0,2,0,0,0,27552,30686,29915,29994,27310,27778,3605,2,1731,1093,1026,1964,No
100000,Female,1,2,27,0,0,0,0,0,0,81152,81912,83231,62421,63814,65164,3000,2700,2270,2433,2530,2400,No
280000,Female,2,2,25,0,0,0,0,0,0,196909,176261,174573,174488,172747,126494,6285,5897,5895,7747,6509,11234,No
100000,Female,2,2,28,1,2,2,2,0,0,101080,87572,92041,75461,74233,76543,0,7690,0,2800,5700,0,No
140000,Female,2,1,28,0,0,0,0,0,0,62204,65280,56504,53528,42168,25742,7028,6000,5026,5000,3000,2000,No
50000,Female,2,1,28,0,0,0,0,0,0,48198,45579,43670,16643,10021,9833,2195,1978,1144,341,345,510,No
120000,Female,1,2,28,0,0,-2,-2,-1,0,2750,-650,-975,-1625,2561,4187,0,0,0,4186,2000,1000,No
20000,Female,2,1,27,0,0,0,0,-1,-1,10489,8652,7143,6044,780,116,1222,1200,1004,780,116,806,Yes
30000,Female,2,1,27,-1,-1,2,-1,0,-1,390,780,390,780,390,390,780,0,780,0,390,150,No
130000,Female,2,2,26,1,-2,-2,-2,-2,-2,0,0,0,0,0,0,0,0,0,0,0,0,No
150000,Female,1,2,27,-2,-2,-2,-2,-2,-2,5200,1689,-17,3996,2278,1132,1689,0,4013,2278,1132,4721,No
180000,Female,2,1,27,0,0,0,0,0,0,114556,116155,120264,124203,125702,128734,5000,6000,6000,5000,5000,10000,No
400000,Female,2,2,26,0,0,0,0,0,0,74465,68544,60763,53184,45776,38432,3600,2200,1700,1500,1315,800,No
300000,Female,1,2,27,1,-2,-2,-1,-1,-2,-2,-2,0,876,0,0,874,876,876,0,0,0,No
30000,Female,1,2,27,2,0,0,0,0,0,23575,24584,25885,26851,26808,27599,1400,1700,1900,557,1000,2000,No
130000,Female,1,2,27,-2,-2,-2,-2,-2,-2,0,0,734,0,390,988,0,734,0,390,988,1990,No
20000,Female,3,1,26,0,0,0,2,0,0,15271,16707,20601,19952,19586,18528,2000,4500,0,671,700,2000,Yes
50000,Female,2,1,27,2,0,0,0,-1,0,50151,48945,36467,18890,30288,30003,1724,1819,2664,31057,1064,1073,No
80000,Female,2,2,27,1,2,2,2,2,-2,4073,3863,8109,7849,0,0,0,4500,21,0,0,0,No
20000,Female,2,2,26,0,0,0,0,0,0,16932,17938,18798,19347,8007,4890,1596,1456,1005,160,98,0,No
50000,Female,2,2,27,2,2,2,2,2,0,48407,47760,45064,45744,43123,42343,2100,0,3400,0,1528,3038,Yes
80000,Female,2,2,26,0,0,0,0,0,0,80919,77264,79332,80969,79144,79023,3000,3700,4000,3000,3300,3050,No
340000,Female,1,2,26,-1,-1,-1,-1,-1,-1,4617,13054,15449,9610,4173,12929,13054,15449,9610,4373,12929,8000,No
30000,Female,2,1,27,0,0,0,0,0,0,29083,27227,28327,27831,14215,32635,1500,1938,2000,505,25000,1229,No
120000,Female,2,2,27,0,0,0,0,0,-1,57449,38254,23017,14440,4770,1595,1743,1640,1010,95,1595,0,No
50000,Female,1,2,27,1,2,2,-2,-2,-2,4040,3800,0,0,0,0,0,0,0,0,0,0,Yes
50000,Female,2,2,27,0,0,0,0,0,0,33944,29194,27862,21229,20178,19275,1513,2000,2000,1000,1000,1000,No
500000,Female,1,2,28,0,-1,-1,0,0,-2,27250,20000,19501,20000,0,0,20000,19501,1000,0,0,0,No
360000,Female,2,2,27,2,2,-2,-2,-2,-2,2500,0,0,0,0,0,0,0,0,0,0,0,Yes
60000,Female,1,2,27,1,-1,2,0,0,0,0,3187,2816,3579,3400,4417,3366,0,1000,0,1017,0,No
50000,Female,2,2,27,0,0,0,0,0,0,50686,49525,49603,49222,30421,30352,1779,3001,1558,1045,1074,1634,No
130000,Female,1,2,27,0,-1,-1,0,0,0,15700,250,7671,12088,74088,63593,250,7671,5000,65000,3000,41803,No
360000,Female,2,2,29,0,0,0,0,0,0,58653,56329,55957,52392,61700,42975,5886,4054,8412,15096,1208,3000,No
160000,Female,2,2,27,1,2,0,0,0,0,156506,157177,157804,157478,156098,156659,7000,6000,7217,6000,6000,6000,No
360000,Female,2,1,27,-2,-2,-2,-2,-2,-2,5146,15381,0,0,0,0,15381,0,0,0,0,0,No
210000,Female,2,2,28,-2,-2,-2,-2,-2,-2,2316,2316,2836,2316,1446,131242,2316,2836,2316,1446,131242,5000,No
230000,Female,2,2,28,2,0,0,2,2,2,183197,185399,198941,201358,204067,200720,6724,18150,7200,7500,0,15079,Yes
70000,Female,2,2,27,2,2,2,0,0,0,34263,37375,36498,37516,38587,43924,4000,0,1929,2000,6000,3700,Yes
50000,Female,2,1,25,0,-1,-1,-1,-1,-1,2126,1513,1246,1111,3018,5847,1513,1246,1111,3018,5847,1273,No
80000,Female,2,2,25,-1,-1,0,0,-2,-2,2177,1677,7360,0,0,0,2000,5860,0,0,0,0,No
200000,Female,2,1,28,0,0,0,0,0,0,197142,198367,96731,67431,60690,60442,9197,3700,6478,2114,2337,2401,No
70000,Female,2,2,28,0,0,0,0,0,0,68462,69205,70644,70759,70352,70659,3100,3160,3100,2500,2600,2800,No
110000,Female,1,1,28,0,0,0,0,0,2,109474,110723,111125,106828,84729,82910,11602,4238,4316,11190,0,3000,No
50000,Female,1,2,28,1,2,2,2,2,2,51943,50800,51967,50794,51911,50976,0,4156,0,4100,0,2000,Yes
50000,Female,1,2,28,1,2,0,0,0,0,43810,44184,4273,4999,5726,1473,1500,1300,2390,2200,0,3283,No
70000,Female,2,2,27,0,0,2,2,0,0,25105,27867,28125,28364,29586,30110,3500,1000,1000,2000,1000,1500,No
60000,Female,2,2,27,3,2,2,2,4,3,56670,57252,55764,64522,62945,61700,2100,0,9700,0,0,0,Yes
130000,Female,2,1,27,0,0,0,0,0,0,76885,79106,81231,81983,83773,85532,3500,4000,3000,3146,3260,3200,No
150000,Female,2,2,25,2,2,2,2,2,2,114074,116313,118700,115328,121084,123473,5600,5700,0,9200,4500,0,Yes
30000,Female,2,2,27,0,0,2,2,2,0,17845,20615,19962,18191,12134,6879,3384,0,1450,0,500,2417,No
200000,Female,2,2,26,0,0,0,-1,0,0,12557,11443,4794,11720,12293,10798,1084,1024,11726,2608,344,253,No
50000,Female,2,1,29,0,0,0,0,0,0,48712,98492,50095,49057,17426,17789,2128,2477,2409,769,792,659,No
260000,Female,1,2,29,1,-1,-1,-1,-1,0,0,18488,17276,6165,9219,980,18488,17276,6179,9219,0,9012,No
360000,Female,1,2,29,-1,0,0,0,0,-1,8805,10768,16659,25302,15147,5281,5001,6688,16251,394,5307,5389,No
30000,Female,2,2,29,2,2,2,0,0,0,13519,16493,15545,16557,16857,18121,3211,0,1275,575,1539,700,Yes
100000,Female,2,1,29,0,0,0,2,2,2,73742,75216,82006,84044,84532,80828,2700,8000,4304,3000,0,3000,Yes
80000,Female,2,1,29,0,0,2,2,0,0,52533,56340,57022,55081,55350,55906,5120,2600,0,2200,2028,3000,No
30000,Female,2,1,29,0,0,0,0,0,2,27030,23830,24943,27507,30767,29762,2379,1500,3000,3722,0,1543,No
400000,Female,1,2,28,-1,-1,-1,-1,-1,2,1026,8968,1600,8799,6171,4921,9066,1608,9070,1001,3,2214,No
240000,Female,1,2,29,-1,2,2,-2,-2,-2,3126,3126,626,626,776,783,626,626,626,776,783,1252,No
110000,Female,2,2,30,2,2,2,2,2,0,124206,124679,126200,130540,127114,111429,4000,5000,8000,0,5000,5000,Yes
220000,Female,1,2,28,0,0,0,-1,-1,-1,57739,42144,19270,1500,5520,0,2000,1000,1500,5520,0,0,No
200000,Female,1,2,28,0,0,0,0,0,0,105051,99648,144932,134530,129395,124561,32000,60000,6305,4300,4500,4500,No
360000,Female,2,2,28,0,0,0,0,0,0,264971,257086,253407,259551,265149,340930,9043,8847,10000,10000,80016,15000,No
110000,Female,1,2,28,0,0,0,0,0,0,107649,82139,74760,63520,62529,58228,3500,3899,3000,1800,3000,2000,No
80000,Female,1,2,29,0,0,0,0,0,0,33947,37339,36601,40589,42675,44567,4000,2500,5000,3000,2500,10000,No
50000,Female,2,2,35,0,0,0,0,0,0,13517,14536,15694,16431,17056,17581,1550,1700,1300,900,800,800,No
100000,Female,1,2,22,1,2,0,0,0,0,74001,72222,73859,75427,76587,78711,0,3400,3400,3000,3500,3200,Yes
350000,Female,3,2,28,-2,-2,-2,-2,-2,-2,0,0,0,0,0,0,0,0,0,0,0,0,Yes
80000,Female,3,1,28,0,0,0,0,0,0,63900,65343,66171,58683,43421,44267,3000,2470,2228,1516,2000,1556,Yes
90000,Female,1,1,29,0,0,0,0,0,0,45343,31228,29756,27751,20292,14937,2967,2007,1429,1092,412,263,No
120000,Female,1,2,27,0,0,0,0,0,0,110994,29177,30212,31226,31844,32513,1471,1506,1520,1138,1180,1345,No
50000,Female,1,2,25,0,0,0,0,0,0,3624,4487,4545,6249,6249,6249,1100,1600,2000,0,0,0,No
50000,Female,2,2,23,0,0,0,0,0,0,19455,13675,10476,11197,11609,11922,1500,1500,1200,600,500,800,No
70000,Female,2,2,25,0,0,0,0,0,0,32486,33640,35286,36889,34152,36694,2000,2500,2519,5090,3100,0,No
10000,Female,2,1,31,3,2,0,0,0,0,10243,9920,8894,8136,8449,8493,0,1281,1135,448,329,287,No
130000,Female,2,2,29,-1,-1,-1,2,0,0,867,1110,1170,780,390,0,1200,1170,0,0,0,780,No
360000,Female,1,2,27,0,0,0,0,0,0,130640,120058,110795,101668,78730,66682,4500,4100,4208,3000,2300,1800,No
80000,Female,2,1,35,0,0,2,2,2,3,63706,66613,69602,70752,74183,72727,5660,4688,2900,5200,0,3000,No
70000,Female,2,2,27,0,0,0,0,2,0,47938,49638,51005,54141,52676,53871,2500,2464,4600,0,2200,2180,No
30000,Female,1,2,22,2,2,0,0,0,-1,29188,25908,19998,15675,8240,438,0,1441,1000,165,438,0,Yes
80000,Female,2,2,24,0,0,0,0,0,0,68250,68817,71181,68997,70364,71842,3000,3500,3000,2503,2596,3000,No
80000,Female,2,2,24,-2,-2,-1,-1,-1,-1,1138,800,179,1755,0,1190,804,179,1755,0,1190,0,No
150000,Female,1,2,29,0,0,0,0,2,2,110018,47600,26219,17705,17920,17494,2400,1619,2550,800,0,700,No
260000,Female,2,2,29,0,0,0,0,0,0,193000,149410,138021,98578,84967,83224,5072,4439,3079,3020,3036,4554,No
20000,Female,2,1,29,0,0,0,2,3,3,14757,16196,17825,20234,20510,19897,2000,2200,3000,900,0,500,No
20000,Female,2,2,25,0,0,0,0,0,0,7561,8576,9621,10485,10700,10922,1144,1189,1053,268,277,358,Yes
200000,Female,2,2,27,1,2,-1,-1,-1,-1,18354,9000,9306,9306,9000,9000,0,9306,9306,9000,9000,9300,No
110000,Female,2,1,25,-1,4,3,2,3,2,96343,93959,91624,96190,95233,97760,0,0,7000,1500,4200,3500,Yes
160000,Female,1,1,24,-1,-1,0,0,-1,-1,2990,8619,4405,4445,2820,4970,8619,1000,4000,2820,4970,2825,No
20000,Female,2,1,24,0,0,0,0,0,0,17191,18594,19489,20200,20000,0,2000,1500,1200,0,0,0,No
110000,Female,2,2,26,0,0,0,0,0,0,63376,67293,67536,77697,82888,88048,5000,1317,11380,6508,6540,6671,No
200000,Female,1,2,30,-1,-1,2,2,2,2,182967,194924,75635,94454,60875,41221,15349,10,32000,0,3000,0,Yes
50000,Female,3,2,29,2,0,0,0,0,0,48259,48740,26953,27860,28420,29045,1726,1500,1376,936,1000,1100,Yes
340000,Female,2,2,30,0,0,0,0,-1,0,257884,254863,24810,27502,3490,99514,13000,2000,5000,3490,99000,5000,No
180000,Female,2,2,30,0,0,0,0,0,0,148860,135814,138654,130773,121293,123947,6500,7000,6600,4700,5100,4700,No
110000,Female,5,2,32,3,2,0,0,0,0,109655,98133,95391,79409,78014,77709,3500,3515,3307,3014,3009,4000,No
50000,Female,3,2,28,1,3,3,2,2,2,40527,42066,41126,40165,42683,43843,2500,0,0,3200,2000,1700,No
240000,Female,2,2,29,0,0,0,0,0,0,17486,16262,6046,3774,889,5474,5005,3000,1000,18,5000,2500,No
90000,Female,3,1,29,0,0,0,0,0,0,91116,89047,91595,88197,59822,55345,3500,4000,3002,1974,2000,5000,No
20000,Female,2,1,29,0,0,0,-1,-1,-1,3138,4090,2060,780,1000,0,1030,1000,780,1000,0,0,Yes
300000,Female,1,2,30,-2,-2,-2,-2,-2,-2,0,0,0,0,0,0,0,0,0,0,0,0,Yes
290000,Female,2,2,30,-1,-1,2,-1,-1,-2,4479,8025,3499,3264,-550,-550,15499,0,3302,0,0,1250,No
20000,Female,2,1,30,0,0,0,-1,-1,-2,18354,16419,10419,780,0,0,1225,1015,780,0,0,0,Yes
200000,Female,2,2,31,0,0,0,0,0,0,101431,102604,125731,120465,118759,119378,5000,30000,5809,4002,4500,4100,No
130000,Female,1,1,31,0,0,0,0,0,0,128319,131825,127949,129357,126999,126719,6300,4800,5000,4700,5000,5000,No
10000,Female,2,2,27,2,0,0,0,0,0,6694,7546,8345,8688,8865,9046,1124,1207,1000,177,181,0,No
210000,Female,1,2,28,0,0,0,0,0,0,74235,74108,59594,51877,44293,38215,4000,5000,2000,2540,3000,3000,No
130000,Female,2,1,28,0,0,0,0,0,0,115303,113502,111651,102622,96723,98827,4157,4168,5025,3223,4105,4000,No
80000,Female,2,1,29,2,2,2,2,0,0,82074,79440,102872,49043,23962,23283,0,4300,0,1000,5000,1000,Yes
410000,Female,1,1,37,0,0,0,0,0,-1,54326,23223,25865,21619,19336,1433,5000,15014,5034,10006,1433,371,No
60000,Female,2,1,31,0,0,2,2,2,2,37549,40603,39676,42407,41428,45576,4000,0,3700,0,5000,2000,Yes
30000,Female,2,2,31,-2,-2,-2,-2,-2,-2,0,0,0,0,0,0,0,0,0,0,0,0,No
320000,Female,2,1,32,0,0,0,0,0,0,101121,86781,74909,55472,53699,46313,5800,9805,5006,3704,12860,13201,No
80000,Female,2,1,32,-1,-1,-1,0,0,-1,8592,4000,6881,7697,3333,3063,4000,6881,5003,3000,3063,0,No
60000,Female,2,1,32,2,2,2,2,2,2,20524,21584,22437,22771,23099,23583,1700,1500,1000,1000,1000,0,Yes
130000,Female,2,2,25,-2,-1,0,0,0,0,51734,77751,93696,79187,116374,120793,77817,79000,3382,103001,6000,4514,No
60000,Female,2,2,26,0,0,0,0,0,0,58117,53986,47413,36527,28170,28963,2400,2050,2011,1200,1400,1200,No
30000,Female,2,2,29,0,0,0,0,0,0,25167,25299,22912,14940,9365,1280,1414,1415,1002,200,104,0,No
150000,Female,2,2,25,-1,-1,-1,-1,0,-1,1344,1041,2021,4495,15145,525,1041,2021,4495,10650,525,0,No
30000,Female,2,1,25,2,2,2,2,2,2,28766,27183,30023,29243,31262,30327,0,3600,0,2800,0,1080,Yes
130000,Female,2,2,42,0,0,0,-1,-1,-1,49363,47432,94050,21000,858,2160,5026,5000,21000,858,2160,200,No
50000,Female,2,2,26,1,2,2,2,2,3,18253,20539,20616,20977,23287,22637,2900,700,1000,2970,0,0,No
170000,Female,2,2,27,0,0,0,0,0,0,80848,83678,28461,13263,3637,4814,8000,2000,1000,1000,2000,1000,No
30000,Female,2,1,32,1,3,2,0,0,2,27807,27078,26363,27379,28953,28354,0,0,1758,2332,0,1400,Yes
250000,Female,3,1,32,-1,-1,-1,-1,-1,-1,860,860,860,860,440,1280,860,860,860,440,1280,440,No
110000,Female,2,2,32,3,2,0,0,0,0,108087,103307,103749,78961,76180,76353,0,5100,3411,3003,3000,3001,No
160000,Female,1,2,29,0,0,-1,0,0,0,14023,14224,101479,101454,102861,103921,1450,101505,3600,3700,3800,3500,No
340000,Female,1,2,33,0,0,2,0,0,2,63201,68466,64478,67271,62269,56502,8100,0,5000,5000,0,10000,No
100000,Female,3,1,36,0,0,0,0,0,0,102505,101554,101827,100055,80923,81249,3830,4100,4510,3186,2886,3020,No
230000,Female,2,2,28,0,0,0,0,0,0,64992,56763,58020,59580,59224,61867,2500,2500,3000,2000,4000,2000,No
30000,Female,2,1,30,3,2,2,7,7,7,2400,2400,2400,2400,2400,2400,0,0,0,0,0,0,Yes
120000,Female,2,2,28,0,0,0,0,0,0,67087,66665,67525,67091,67419,67711,2400,3040,2400,2500,2450,2500,No
50000,Female,2,1,31,1,3,2,0,0,0,50701,49147,21163,19894,19758,19324,0,507,1300,1000,700,771,Yes
20000,Female,3,2,31,0,0,0,0,0,0,5556,3684,4298,3882,3563,3242,1028,1032,1000,72,369,0,No
500000,Female,2,2,30,0,0,0,0,0,0,98618,73464,84741,72510,69053,64841,25464,43095,7522,9065,8841,12000,No
100000,Female,1,2,31,1,-2,-1,-1,0,0,0,-740,740,1480,1480,740,0,2220,1480,740,0,2931,No
50000,Female,1,2,38,2,2,2,0,0,0,21534,22283,21638,22651,23275,24902,1400,0,1376,1000,2000,0,Yes
210000,Female,1,2,30,0,0,0,0,0,0,7264,8816,10749,5125,5732,9297,2000,2500,2000,1000,4000,4000,No
50000,Female,2,1,30,0,0,0,-2,-2,-2,50425,51400,0,0,0,0,2400,0,0,0,0,0,No
200000,Female,3,1,29,2,2,2,2,0,0,128649,131059,132120,128669,131499,143020,6000,4600,0,4800,13700,500,Yes
150000,Female,2,2,27,-1,-1,-1,-1,-1,0,1745,3384,1555,2126,60092,59831,3384,1555,2126,60092,3000,3000,No
50000,Female,2,1,34,2,0,0,2,2,0,62643,59851,65545,62672,57755,55512,2151,10000,2100,0,2000,1861,Yes
300000,Female,1,2,30,0,0,0,0,0,0,217329,206703,203164,164371,161331,154515,8000,20219,7500,6500,7500,6000,No
120000,Female,1,2,31,-1,-1,-1,-1,-1,0,316,316,316,316,632,316,316,316,316,632,0,316,No
70000,Female,2,1,35,0,0,0,0,0,0,68445,67371,68263,68927,69176,70592,3001,3052,3348,2617,2840,2674,No
50000,Female,2,1,39,2,2,2,2,0,0,78874,74268,66468,56847,50680,26729,4725,1400,0,1545,2022,51000,Yes
50000,Female,2,2,38,0,0,0,0,0,2,31426,23712,18919,24227,25229,12150,1655,1675,15000,2610,0,2000,No
80000,Female,3,1,38,0,0,0,2,0,0,82391,80977,88815,83153,50910,60012,2925,12265,9,1737,1760,1882,No
30000,Female,2,3,35,0,0,0,0,0,0,25952,26657,27972,28628,29005,29817,1440,1750,1390,764,1000,850,Yes
140000,Female,2,1,41,0,0,0,0,0,2,41814,43616,44710,45661,50880,49934,2500,2100,2000,6000,0,2000,No
20000,Female,3,1,49,1,2,3,2,0,0,18769,21349,20732,19946,19546,19546,3186,0,0,0,0,0,Yes
30000,Female,2,1,38,0,0,0,-2,-2,-2,6061,3656,0,0,0,0,1007,0,0,0,0,0,Yes
260000,Female,3,1,44,0,0,0,0,0,0,148803,137561,130539,112300,105517,108011,5100,5300,4303,3600,4000,4000,No
30000,Female,1,1,48,0,0,0,2,2,2,25265,26529,30090,28908,30472,29483,2000,4000,0,2400,0,1500,Yes
50000,Female,2,2,41,1,2,0,0,0,0,49487,48282,39490,27835,23391,24507,0,2000,2537,1500,1500,1500,Yes
50000,Female,2,1,35,0,0,0,0,0,0,16053,16024,25350,25738,25948,26163,2000,10000,1500,1000,1000,1500,No
60000,Female,3,1,35,1,2,0,0,2,0,10722,10254,15043,19738,19195,19473,0,5000,5000,0,2000,1000,Yes
50000,Female,2,1,48,1,2,0,0,0,0,18704,18106,19793,19378,18874,19361,0,2000,1500,1000,2000,1000,Yes
80000,Female,2,1,38,0,0,0,0,0,0,72704,70907,59223,40128,41152,41527,3133,2132,1650,2000,1503,1505,No
80000,Female,2,1,41,0,0,0,0,0,2,79958,81662,78899,78245,62234,60737,3452,4066,3469,4630,0,2500,Yes
100000,Female,3,1,40,0,0,0,0,0,0,49328,44045,42373,37088,75672,31645,2038,1994,1457,1205,1162,1131,No
30000,Female,2,1,49,0,0,0,0,2,2,23705,24709,25745,27949,27216,29138,1386,1422,2626,0,2351,1033,No
30000,Female,3,1,46,0,0,0,0,0,2,9847,10857,11877,12891,13960,14082,1181,1201,1215,1284,490,0,No
50000,Female,2,1,31,2,4,3,2,0,0,13815,13307,12755,8400,3150,0,0,3,17,0,0,0,Yes
30000,Female,3,1,44,1,-2,-2,-2,-2,-1,0,0,0,0,0,379,0,0,0,0,379,0,No
240000,Female,2,2,35,0,0,0,-2,-2,-2,15750,12891,0,0,0,0,1005,0,0,0,0,0,No
70000,Female,1,2,23,0,0,0,0,0,0,7531,8545,9588,10900,46462,47599,1145,1188,1500,36000,2000,1668,Yes
80000,Female,3,1,28,0,0,0,0,0,0,72561,62691,61652,54602,50011,49701,2300,2809,2104,1708,1768,1807,No
100000,Female,3,1,32,0,0,2,2,2,2,32200,37211,36338,37698,38074,40295,5884,0,2270,1300,3000,1700,No
50000,Female,2,1,44,0,0,-2,-2,-2,-2,49644,0,0,0,0,0,0,0,0,0,0,0,No
320000,Female,2,1,39,-1,-1,-1,-1,-1,0,42442,3336,7210,6091,24641,30005,3336,7210,6091,24641,30000,5645,No
220000,Female,1,1,36,0,0,0,0,0,0,215979,210475,216513,196219,200117,204312,7800,9639,7123,7162,7419,7462,No
140000,Female,1,1,37,0,0,0,0,0,0,136431,135134,139178,139900,109665,108129,4849,6703,6120,4015,4042,4057,Yes
50000,Female,2,2,24,-2,-2,-1,2,2,0,0,0,37111,37516,36614,37537,0,37111,1307,0,1509,1388,No
60000,Female,1,2,25,-1,2,-1,-1,-1,-1,538,269,269,269,0,1257,0,269,269,0,1526,0,Yes
90000,Female,2,2,47,0,0,0,0,0,0,81902,71768,72163,27124,27724,28724,3274,2271,1400,1000,1000,1000,No
20000,Female,2,3,44,3,2,2,7,7,7,2400,2400,2400,2400,2400,2400,0,0,0,0,0,0,Yes
130000,Female,2,2,29,0,0,2,0,0,0,34529,52868,51457,60045,47696,43677,19000,0,10000,10000,10000,10000,No
80000,Female,2,1,34,1,2,2,2,0,0,84720,86221,84062,79076,31984,29306,3808,2804,30,1108,1108,1133,Yes
230000,Female,2,1,37,0,0,0,0,0,0,126251,128542,122493,124743,127507,121400,4500,4600,4389,4697,4800,4000,No
180000,Female,2,1,29,0,0,0,0,0,0,25781,26000,26310,26662,26166,26176,1800,1800,1500,1056,950,1000,No
20000,Female,2,2,34,0,-1,-1,-2,-2,-2,17489,3077,0,0,0,0,3077,19837,0,15846,2000,0,No
210000,Female,2,1,34,0,0,0,0,2,0,4141,5347,25064,30684,29892,30516,1283,20000,6071,0,1107,1114,No
70000,Female,2,2,22,2,2,2,2,0,0,69242,71007,72596,70467,48129,47751,3500,3300,0,2000,2000,2000,No
50000,Female,1,2,22,0,0,0,0,0,0,15787,17486,17823,18495,18266,18631,2250,1587,1259,765,773,476,No
140000,Female,2,1,30,0,0,0,0,0,2,106526,85019,82784,81458,86227,84646,4000,3000,4000,7000,0,4000,No
100000,Female,2,1,32,0,0,0,0,0,0,29987,29219,27865,11166,32261,7961,2007,2049,1045,23610,4000,1000,No
80000,Female,2,2,37,-2,-2,-2,-2,-2,-2,5583,3946,0,0,0,0,3946,0,0,0,0,0,No
300000,Female,1,1,36,1,-2,-2,-2,-1,0,0,0,0,0,1894,2394,0,0,0,1894,500,4662,No
200000,Female,3,2,26,-1,-1,0,0,-1,-1,0,2381,10,1010,2230,1191,0,15,1000,2000,1191,866,No
100000,Female,2,2,29,-1,-1,-1,-2,-2,-2,600,600,0,0,0,0,600,0,0,0,0,0,No
50000,Female,2,1,45,0,0,0,0,0,0,49375,45390,46210,46549,20084,20264,1721,2321,1660,3000,1004,1003,No
140000,Female,3,1,47,6,5,4,3,2,0,151790,147998,144280,139701,90756,92935,0,0,0,0,3000,2000,No
50000,Female,2,1,28,0,0,0,0,0,0,43206,42105,40591,31609,29662,24741,2100,2021,1500,1009,1000,1000,No
500000,Female,1,2,28,0,0,0,0,0,0,229258,134264,134908,141358,121262,131147,10042,8048,20141,10000,12000,15000,No
360000,Female,2,2,31,-2,-2,-2,-2,-2,-1,3000,2668,2668,-7,-7,3500,2668,3000,7,0,3507,2500,No
240000,Female,2,2,34,1,-2,-2,-2,-2,-2,-10,-10,-10,-10,-10,-10,0,0,0,0,0,0,No
200000,Female,1,1,35,-1,-1,2,-1,-1,-1,316,734,418,424,424,424,734,0,424,424,424,608,No
280000,Female,1,1,35,0,0,0,0,0,0,281424,232826,195621,96843,99232,102620,9604,53459,4000,4000,5000,4000,No
330000,Female,1,1,36,1,-2,-2,-1,-1,-1,0,0,0,469,150,3661,0,0,469,150,3661,3800,No
100000,Female,3,2,32,0,0,0,0,0,0,79158,93667,58161,41414,28835,29423,23591,2116,1400,1165,588,639,No
30000,Female,3,1,35,1,2,2,-2,-1,3,10211,6314,0,0,600,300,0,0,0,600,0,0,Yes
130000,Female,2,2,37,2,0,0,0,0,0,129677,131798,98083,92317,87375,87634,5940,4700,4433,3100,3300,3200,Yes
30000,Female,2,2,41,1,2,0,0,0,0,25562,23250,23217,21295,19076,9292,0,1600,1500,1000,1720,0,No
50000,Female,3,3,43,1,2,2,0,0,0,17962,18766,18177,19147,17827,18389,1400,0,1289,800,1000,1000,Yes
80000,Female,2,1,39,1,-1,-1,2,2,2,0,174,2071,2036,840,1081,174,2071,150,0,931,0,Yes
570000,Female,1,2,30,0,0,0,-1,0,-1,323085,303794,243673,74003,57763,50852,50468,33372,74085,290,51107,41791,No
20000,Female,2,1,32,1,2,2,2,0,0,17044,16478,19098,18397,18696,38282,0,3200,0,700,700,500,No
90000,Female,2,2,35,0,0,0,0,0,0,30646,29919,29045,28025,26758,26012,1500,1509,1400,1000,1100,1000,No
150000,Female,3,1,43,0,0,0,2,2,0,142811,139652,111868,107702,103112,103246,6000,10700,1600,0,2800,2500,Yes
110000,Female,2,1,41,0,0,0,0,0,0,182235,185646,168171,129227,49830,50287,6071,5070,3362,1755,2000,2000,No
170000,Female,3,1,37,1,2,0,0,0,0,33039,30336,30826,31996,33676,25301,3,2008,5000,2037,2029,2008,No
110000,Female,2,2,26,0,0,0,0,0,0,45028,46276,47527,48735,49925,50967,2000,2000,2000,2000,2000,2500,No
20000,Female,2,1,28,-1,2,2,-2,-2,-2,2120,1760,0,0,0,0,0,0,0,0,0,0,No
200000,Female,2,1,31,3,2,2,2,2,2,5000,5000,5000,5000,5000,5000,0,0,0,0,0,0,Yes
50000,Female,3,1,45,0,0,0,0,0,0,22352,23244,20791,22104,22237,22703,1324,1351,1664,797,825,1030,No
30000,Female,3,1,46,-1,-1,-1,2,0,0,2572,8822,5786,2749,28241,26960,8848,5869,0,26965,1066,3196,No
50000,Female,3,1,46,-1,-1,-1,-1,-1,-1,65,0,1271,940,110,0,0,1271,949,110,0,558,Yes
160000,Female,1,2,26,-1,0,0,0,0,-2,157453,155081,137027,70845,0,0,5937,5000,1417,0,0,0,No
10000,Female,2,2,40,-2,-2,-2,-1,-1,-1,-4,-4,-4,26,326,-87,0,0,30,300,1000,2000,Yes
20000,Female,2,2,26,1,2,2,0,0,0,19725,17368,16801,17789,17419,17628,1293,0,1281,771,640,790,No
110000,Female,3,3,37,2,0,0,0,0,0,67930,64654,63389,60021,58660,59891,2293,2255,2139,2097,2174,2200,No
150000,Female,2,1,45,-1,-1,-1,-2,-2,-2,16611,18540,18204,16132,-5880,-20544,18552,18267,16142,5880,13707,1088,No
500000,Female,1,1,39,0,0,0,0,0,0,418958,439432,440324,440565,440050,438953,39432,20000,20000,20000,20000,20000,No
160000,Female,3,1,46,-1,-1,-1,0,-1,-1,24904,2338,4856,4127,3995,842,2343,4856,1000,3995,842,26313,No
300000,Female,2,1,36,-1,-1,-2,-1,-1,-1,77765,1443,41071,58995,24713,28948,1443,41071,58995,24713,28948,7210,No
200000,Female,3,1,46,-1,0,0,0,0,0,154875,140376,129962,124282,118956,121449,5216,8000,20000,15653,3793,10000,No
50000,Female,2,2,35,0,-1,0,0,0,-2,2628,1000,2050,3000,0,0,1000,1050,1000,0,1000,0,No
80000,Female,2,2,29,0,0,0,0,0,0,60857,46724,35074,32812,25930,26414,2000,2000,2000,1100,1000,1100,No
140000,Female,2,2,29,0,0,2,0,0,0,122662,123536,104817,102161,85512,83028,6504,4000,4500,3500,4000,3500,No
60000,Female,3,1,32,0,0,0,0,0,0,63354,65299,67087,27121,26316,26476,3000,3490,1794,1311,953,1390,Yes
50000,Female,3,1,47,0,0,2,2,2,2,25347,29766,26283,28198,23159,23089,4881,0,4087,0,1798,0,No
30000,Female,2,2,39,0,0,0,0,0,0,29758,30454,30221,29376,29564,28762,1500,1518,1439,1017,1032,1367,No
80000,Female,2,1,45,0,0,0,0,0,0,28775,28951,26813,27383,27475,27823,1442,1459,1500,1000,1003,1100,No
50000,Female,2,1,43,1,2,0,0,0,0,50738,49236,48608,48423,49023,49681,4,1939,2000,1700,1750,5430,No
120000,Female,2,1,46,0,0,0,0,0,0,80324,79071,76279,60939,61036,61359,3458,2519,2158,2151,2368,2197,No
50000,Female,2,1,39,3,3,2,0,0,0,52714,51593,50492,47633,18283,18610,0,0,5000,3000,1000,2000,Yes
80000,Female,2,2,31,0,0,2,2,0,0,75953,81055,81587,78103,78335,78678,7000,3000,0,3000,3100,5900,No
160000,Female,1,1,31,-1,-1,-1,-1,-2,-2,3089,0,12548,0,0,0,0,12548,0,0,0,0,No
140000,Female,2,2,33,-1,-1,-1,-1,-1,-1,316,316,13816,316,316,316,316,13816,316,316,316,316,No
50000,Female,2,1,33,0,0,0,0,0,0,33441,20668,22926,21767,13806,5320,2659,2917,4600,1000,5200,0,No
50000,Female,2,1,35,0,0,0,0,0,0,40506,41742,43157,14510,14963,16580,5000,3000,2000,500,2000,5000,No
50000,Female,3,2,40,0,0,0,0,0,0,19824,29311,30862,26614,15571,14971,15000,10000,5000,1500,800,2000,No
360000,Female,2,1,47,-1,-1,-1,-1,0,0,410,3620,7656,56397,43882,21818,3620,7656,56397,0,0,12117,No
120000,Female,2,1,38,0,0,0,0,0,2,50721,25967,25949,25619,4456,2714,1667,1967,1650,500,0,1500,No
160000,Female,3,1,38,2,2,2,2,0,0,113336,116136,118474,115127,111864,102418,6000,5500,0,3700,3200,3400,Yes
100000,Female,2,1,42,0,0,0,0,0,0,8166,8783,9417,10002,9804,9626,1140,1164,1139,331,350,500,No
110000,Female,2,1,46,0,0,0,0,0,2,105851,108187,108015,88618,71865,65629,5604,4661,3560,4915,0,3000,No
300000,Female,3,2,30,-2,-2,-2,-2,-2,-2,0,0,0,0,0,0,0,0,0,0,0,0,Yes
110000,Female,2,2,31,0,0,0,0,0,0,98006,93978,93066,88823,78144,78169,4300,4295,3000,2887,3000,3034,No
220000,Female,1,1,31,0,0,0,0,0,0,67722,74057,75767,77902,79505,82061,7500,3500,4000,3500,4000,3000,No
100000,Female,2,2,31,0,0,0,0,0,0,71171,72613,74105,75617,77150,78953,1746,1792,1828,1855,2121,2100,No
50000,Female,2,2,28,2,2,0,0,0,-2,16639,16041,12151,4963,0,0,14,1505,2000,0,0,0,No
140000,Female,2,2,28,1,2,2,2,-2,-2,5420,3978,3723,0,0,0,2000,0,0,0,0,0,No
50000,Female,2,1,43,-1,-1,-1,-1,0,0,7965,12717,11016,22263,18711,12712,12724,11022,22264,378,258,5380,No
30000,Female,3,1,28,0,0,0,0,0,0,16162,13301,12930,13233,12595,12454,2000,1307,2000,252,249,100,Yes
260000,Female,2,1,32,-2,-2,-2,-2,-2,-2,1249,0,0,0,1178,1692,0,0,0,1178,1692,810,Yes
290000,Female,2,1,33,-2,-2,-2,-2,-2,-2,2369,1298,2369,1298,1298,1623,1298,2369,1298,1298,1623,1275,Yes
80000,Female,2,2,37,2,0,0,-2,-2,-2,52052,51407,0,0,0,0,2000,0,0,0,0,0,Yes
160000,Female,2,1,35,2,-1,-1,-1,-1,-1,776,776,1172,380,776,1172,776,1172,380,776,1172,380,No
100000,Female,1,1,40,2,2,0,0,2,0,97229,94777,95634,65828,61621,62756,0,2924,5226,0,2278,2292,Yes
40000,Female,2,1,37,2,2,2,2,2,0,25561,26343,25635,28100,27352,27862,1500,0,2900,0,1100,2400,Yes
290000,Female,1,2,35,0,0,0,0,0,0,190453,194303,197076,197488,196976,196579,8100,7000,8400,7000,7500,7500,No
140000,Female,2,1,36,1,2,3,2,0,0,59379,63007,61459,59798,61287,8383,5200,0,0,3009,1000,94000,No
80000,Female,2,2,45,1,-1,-1,-2,-2,-2,-1600,82150,0,0,0,0,83750,0,0,0,0,0,No
30000,Female,2,1,42,1,2,2,2,4,3,16484,17709,17141,20730,20116,19512,1800,0,4200,0,0,0,Yes
70000,Female,2,1,46,2,2,2,2,2,2,24036,25035,25930,26206,26477,27404,1700,1600,1000,1000,1500,0,Yes
30000,Female,2,1,29,-1,-1,-1,-1,0,0,419,1173,1370,880,780,0,1173,1370,880,500,0,1500,Yes
50000,Female,2,1,30,0,0,0,0,-2,-2,34811,30753,6680,0,0,0,2000,1000,0,0,0,0,Yes
200000,Female,5,1,33,0,0,0,0,0,0,92707,73970,122304,116674,89694,68256,3112,50000,6760,3486,2476,2500,No
10000,Female,2,1,37,-1,4,3,2,2,2,3305,2870,2440,2510,2641,2222,0,0,500,400,0,36,No
60000,Female,3,1,48,0,0,0,0,0,0,58653,59063,53377,37418,37543,35447,2500,2000,1900,1500,1300,1300,Yes
220000,Female,2,2,46,0,0,0,2,2,0,86957,85577,91266,88051,81803,79286,4000,12000,3100,0,2900,3000,Yes
280000,Female,2,1,42,2,0,0,0,0,0,185147,132646,137109,135264,133046,126155,5000,10000,5000,5000,5000,5000,Yes
10000,Female,2,2,31,0,0,0,0,0,0,10468,9138,10309,10299,10295,10306,1160,1331,1321,517,528,600,No
200000,Female,1,2,31,0,0,0,0,0,0,191807,195618,200170,202965,155579,124488,8500,9200,8000,7000,5000,5000,No
200000,Female,2,1,33,0,0,0,0,0,0,103876,66894,12475,14208,15270,14880,2034,3000,2083,10000,0,1286,Yes
370000,Female,2,1,45,0,0,0,0,0,2,155124,162526,168389,338660,221808,222304,10000,10000,10000,114000,10000,0,No
100000,Female,2,1,36,0,0,0,0,0,0,25945,21237,16723,15868,8275,5954,4021,3013,4031,3012,2006,3121,No
290000,Female,2,1,45,0,0,0,0,0,0,145023,115830,76453,59734,61238,63089,6000,4000,5500,2500,3000,3000,No
20000,Female,3,1,43,1,-2,-2,-2,-2,-2,0,0,0,0,0,0,0,0,0,0,0,0,Yes
110000,Female,3,2,33,0,0,0,0,0,0,35370,30661,62708,52873,48240,41313,11000,40000,3526,4515,3000,0,No
100000,Female,2,1,36,0,0,0,0,0,0,100050,96652,97974,97486,95479,92817,4500,4600,4500,3500,3500,3500,No
50000,Female,2,1,39,0,0,0,0,0,0,41598,35995,33059,32663,29608,28939,1825,1593,1458,1186,1198,1114,No
20000,Female,2,3,30,1,2,2,2,0,0,17836,17246,19381,18772,19145,19545,0,2921,0,685,708,700,Yes
300000,Female,1,2,33,0,-1,-1,-1,-1,-1,13713,14547,13328,20714,13054,12632,15003,13539,20714,13054,12636,12700,No
160000,Female,2,2,41,0,0,-2,-2,-2,-2,71900,0,0,0,0,0,0,0,0,0,0,0,No
80000,Female,3,1,40,2,0,0,0,0,0,16413,12171,11554,7830,4305,5427,2160,1500,1218,311,1351,1000,Yes
30000,Female,2,1,34,2,2,0,0,0,2,16944,16374,17724,18473,19763,19306,0,1620,1350,1600,0,1630,Yes
30000,Female,2,1,37,2,2,2,2,0,0,8229,11076,11787,11301,11677,11766,3000,1188,0,564,426,429,No
60000,Female,2,1,36,0,0,0,0,0,0,60333,51838,45728,36441,37336,38138,2100,2000,1700,1500,1400,1500,No
200000,Female,2,2,32,0,0,0,0,-1,0,24429,13060,13683,-3942,123250,125926,1500,1000,0,128000,4600,5000,Yes
50000,Female,2,1,41,0,0,0,0,0,0,23064,17783,16315,12225,11184,10133,1281,1214,1155,375,364,354,No
50000,Female,3,2,45,0,0,-1,0,-1,-1,10723,9872,658,1473,1473,1473,1000,658,1000,1473,1473,540,No
30000,Female,3,1,40,2,0,0,0,0,0,27783,27584,28638,29584,30036,29404,1748,1802,1748,1200,1223,1100,Yes
60000,Female,2,1,41,0,0,0,0,0,0,34632,35654,36991,37701,38452,39255,1600,1915,1625,1376,1422,1435,Yes
50000,Female,1,1,39,0,0,0,0,0,0,50465,51092,56266,39545,19856,19765,4000,3032,1668,1500,1805,23000,Yes
220000,Female,2,1,37,1,2,2,2,2,-2,194640,189976,189665,171669,167294,172042,0,15510,0,5500,7250,6500,No
50000,Female,3,1,36,-2,2,2,0,0,0,51741,96172,48827,38600,19541,19795,300,5222,2034,744,5200,790,Yes
30000,Female,3,2,33,0,0,2,0,0,2,22463,25362,24672,25317,26516,26133,3278,0,1233,1432,0,566,Yes
280000,Female,2,2,33,0,0,0,0,0,0,28928,24266,20209,20395,18969,18381,1634,1649,1304,703,701,705,No
120000,Female,2,1,35,-1,-1,2,2,2,2,2415,11837,9754,24007,22299,31576,9886,0,20000,0,10000,0,No
120000,Female,3,1,39,1,2,2,2,2,2,69830,68108,70415,74443,75527,77171,0,3400,5800,2900,3000,3100,No
70000,Female,3,1,41,0,0,0,0,0,0,23546,23462,17548,15864,14937,12841,1573,1355,1203,516,500,500,No
550000,Female,2,1,39,0,0,0,0,0,0,67886,67806,66328,26422,21386,17674,3688,2577,2169,1000,602,890,No
220000,Female,2,2,36,0,0,0,0,0,0,124418,126695,106534,109884,106114,108202,6300,4000,5500,3775,4100,5000,No
340000,Female,2,1,45,-2,-2,-2,-2,-2,-2,3253,15865,1946,546,546,590,15886,1946,546,546,590,550,No
110000,Female,3,2,32,-1,-1,-1,-1,-1,0,9943,9267,4957,6037,7628,2746,9284,6960,6055,7651,8,5159,No
140000,Female,3,1,34,0,0,0,0,0,0,131138,133452,136194,137490,106322,104583,6300,7000,5421,4000,4000,4200,No
200000,Female,2,1,48,0,0,-1,2,2,2,26465,20435,8475,8162,10962,7350,1000,8475,0,3000,0,7505,No
60000,Female,2,1,38,0,0,-2,-1,-1,-1,21261,2522,0,1411,1455,4486,2522,0,1411,1455,4486,11961,No
40000,Female,2,1,43,-2,-2,-2,-2,-2,-2,1858,220,960,960,960,1383,220,960,960,960,1383,960,No
120000,Female,2,2,29,0,0,0,2,-1,0,9102,10626,15003,9270,46193,30774,2000,5000,0,49920,1500,4000,No
80000,Female,2,1,38,2,0,0,0,2,0,62622,54613,43232,32361,22382,20509,3208,1964,3428,7,1000,2900,Yes
300000,Female,2,1,43,-2,-2,-2,-2,-2,-2,0,0,0,0,0,0,0,0,0,0,0,520,Yes
20000,Female,2,1,25,-1,-1,-1,-1,-1,-1,3454,6875,13936,2816,7419,165,6885,14523,2816,7419,0,16963,Yes
30000,Female,2,1,46,2,2,2,2,2,-1,34713,32875,29088,26788,17014,3000,2000,4,2916,106,3000,0,Yes
180000,Female,1,2,30,0,0,0,0,0,0,174869,173094,131039,132269,144990,152632,8328,7000,4900,15000,10000,6000,No
110000,Female,2,2,39,0,0,0,0,0,0,111533,110367,112974,108390,107180,107309,5500,5900,5500,5000,5000,4300,No
250000,Female,2,1,40,0,0,0,0,0,0,121558,126367,130658,79361,81196,83040,6500,7000,4000,3000,3000,4000,No
140000,Female,2,2,32,0,0,0,0,0,0,137647,136497,135505,137629,120147,122247,5004,5000,5000,4300,5000,5158,No
80000,Female,2,1,29,2,0,0,2,0,0,76362,77883,81811,80250,61467,10662,3392,5800,1000,600,400,1000,Yes
20000,Female,3,1,32,0,0,0,2,0,0,18539,18800,21274,20109,19976,20143,1400,3300,0,1000,1000,1000,No
50000,Female,3,2,47,0,0,0,0,0,0,11961,14259,16028,17760,19462,22141,2500,2000,2000,2000,3000,3000,No
90000,Female,3,1,40,0,0,0,0,0,0,14028,11732,9940,11264,12774,13038,3090,1176,1500,2000,609,478,No
20000,Female,2,1,33,0,0,0,0,0,0,17287,13864,14534,9662,8091,0,1572,1242,1020,2000,0,0,No
150000,Female,2,2,34,0,0,0,0,-1,0,121764,150928,151428,111159,97154,98404,35837,8794,3454,98231,3486,2706,No
150000,Female,1,1,34,-1,-1,-1,-1,-1,-1,3099,3102,3087,2887,2887,2887,3102,3087,2887,2887,2887,3103,No
50000,Female,3,2,41,0,0,0,0,0,0,3048,4063,5081,6090,6211,6342,1074,1092,1101,222,231,231,Yes
90000,Female,2,2,47,-1,-1,-1,-1,-2,-2,932,319,800,0,0,0,319,800,0,0,0,0,No
350000,Female,2,2,40,-2,-2,-2,-2,-2,-2,26774,22062,38491,4683,3797,6677,22181,38683,4706,3816,6708,20105,No
30000,Female,2,2,38,0,0,0,0,2,0,22070,23075,24124,27012,26279,26831,1676,1725,3613,0,975,980,No
150000,Female,1,1,28,1,-2,-2,-2,-1,-1,0,0,522,0,3978,25590,0,522,0,3978,25590,0,No
190000,Female,1,2,29,0,0,0,0,0,0,189417,95341,74959,76514,78047,79603,3318,2719,2800,2800,2900,3400,Yes
340000,Female,2,1,36,0,0,0,0,0,0,3058,4087,5129,3142,3210,4153,1087,1129,1052,120,1000,1000,No
50000,Female,2,1,47,0,0,0,0,0,0,49571,37680,31932,25300,18902,18920,2000,1812,2000,664,700,709,No
50000,Female,2,2,29,2,2,2,2,2,2,30715,29923,32700,28768,29639,28629,0,3304,4,2230,0,2009,Yes
280000,Female,2,2,30,-2,-2,-2,-2,-2,-2,0,0,0,0,0,0,0,0,0,0,0,150,No
230000,Female,1,2,31,-1,-1,-1,-1,-1,-1,903,1711,1292,885,1292,795,1711,1292,885,1292,795,1035,Yes
400000,Female,1,2,31,-1,-1,-1,-1,0,0,72551,8572,2190,12881,7497,11563,8657,2190,12881,0,4590,0,No
190000,Female,3,1,37,-1,-1,-1,0,0,0,752,1302,18666,19623,21268,23038,1302,18666,2000,3000,3000,1200,Yes
170000,Female,1,2,31,0,0,-1,0,0,0,18038,26669,11709,14168,9084,0,10047,11909,5000,16,0,0,No
150000,Female,1,2,30,1,-2,-2,-2,-1,0,0,0,0,0,1883,1883,0,0,0,1883,0,0,Yes
140000,Female,1,2,32,0,0,0,0,0,2,97528,99468,101863,105575,122173,116266,3562,4000,5445,20000,0,9010,Yes
110000,Female,2,2,23,-1,0,0,0,0,0,37857,39117,34330,12207,71932,73769,2000,3000,1500,71392,3000,3500,No
260000,Female,1,2,31,-1,-1,-2,-2,-2,-2,16083,759,-484,-484,3872,2,759,0,0,4356,0,3200,No
30000,Female,2,2,37,2,0,0,0,0,0,25037,18486,19082,19145,15839,9335,2000,2000,2500,2000,2000,4000,No
130000,Female,3,1,42,2,2,0,0,0,0,95564,92809,95477,95334,96066,97413,0,4500,3500,3400,4000,4000,Yes
190000,Female,3,2,37,0,-1,0,0,0,0,44098,157205,91091,88145,90414,85083,164582,10056,10000,5000,10000,13000,No
10000,Female,2,2,36,1,2,0,0,0,0,7081,6819,7996,9004,9180,9371,0,1290,1298,474,487,500,Yes
30000,Female,2,1,42,2,0,0,0,0,0,5288,6310,8693,11541,13344,15118,1117,2500,3000,2000,2000,553,Yes
300000,Female,1,2,45,0,0,0,0,0,0,122838,124057,125120,133997,118000,131067,10039,10048,20172,11034,20109,30428,No
200000,Female,2,1,40,-1,-1,-1,-1,-1,-1,9798,14457,8916,12868,7818,12910,14499,8983,12908,7834,12919,13583,No
130000,Female,3,1,36,0,0,0,0,0,0,140479,133540,126408,119174,111339,103492,5000,5000,4200,4000,3600,4542,No
400000,Female,3,2,35,-2,-2,-2,-2,-2,-2,1432,8125,7017,10525,13295,11024,8132,7018,10542,13378,11045,6666,Yes
220000,Female,2,2,32,0,0,0,0,0,0,93682,96466,99009,100462,102614,104806,4337,5000,4000,3824,4000,4000,No
100000,Female,1,1,34,1,-2,-2,-2,-2,-1,0,0,0,0,0,315,0,0,0,0,315,165,No
50000,Female,3,2,34,0,0,0,0,0,0,60170,48000,50192,50451,49086,34161,3000,3000,5000,3000,1000,711,No
200000,Female,1,1,34,1,-2,-2,-2,-2,-2,0,0,0,0,0,0,0,0,0,0,0,0,No
400000,Female,2,1,43,0,0,0,0,0,0,398711,407664,186081,189987,193824,201699,17000,7000,7000,7000,11000,10000,No
50000,Female,2,2,48,-1,0,0,0,0,0,47295,30348,24446,25535,26109,26689,4000,1800,1500,1000,1000,1500,No
140000,Female,3,1,37,-1,0,0,0,-1,-1,4637,4619,5538,2770,390,390,1141,1450,1000,390,390,390,No
10000,Female,2,1,49,0,0,0,0,0,0,8671,6613,7648,8758,9410,4373,1265,1300,1400,1000,304,283,No
80000,Female,3,1,41,0,0,-1,0,-1,-1,3482,2946,1524,2946,1473,0,1000,1524,1473,1473,0,390,No
220000,Female,1,1,38,0,0,0,0,0,0,136269,138972,141900,144764,147657,150749,4967,5160,5233,5278,5464,6121,No
80000,Female,2,2,45,0,0,0,0,0,0,78083,79829,80896,53052,91667,47160,3045,2545,2100,1700,3374,1740,No
20000,Female,2,1,46,2,0,0,2,2,2,16371,17384,19954,19259,20139,19434,1289,2859,0,1044,0,528,Yes
20000,Female,2,1,46,0,0,0,0,0,0,10640,11252,12277,12287,12140,11990,1185,1600,1000,243,240,619,No
70000,Female,2,1,38,0,0,0,0,0,0,50416,51412,53109,53630,108596,55886,1835,2520,2000,2000,4058,2100,No
210000,Female,2,1,33,0,0,0,-2,-2,-1,29672,31050,0,0,0,87045,2100,0,0,0,87045,4000,No
240000,Female,2,1,32,0,0,0,0,-2,-2,153104,102049,105086,0,0,0,4500,5014,0,0,0,1418,No
50000,Female,2,1,34,0,0,0,0,0,0,24636,25064,51224,26230,18755,19227,1500,2300,2800,1000,1150,1000,No
230000,Female,1,2,38,-2,-2,-2,-1,0,0,0,0,0,1158,1158,1158,0,0,1158,0,0,0,No
120000,Female,1,2,45,0,0,0,0,0,2,90041,86140,87941,89737,95451,97379,3079,3185,3251,7200,3600,3900,No
180000,Female,1,2,44,0,0,2,0,0,0,7668,10006,7996,8960,6310,4656,2489,0,1166,126,112,244,Yes
290000,Female,1,1,38,-1,-1,-1,-1,-1,-1,3613,14708,7209,14912,45473,15095,14718,7420,15118,45473,15095,8908,No
160000,Female,1,1,47,0,0,0,0,0,0,151400,155658,143564,130860,122188,79360,6960,6882,6307,4730,2874,3052,No
80000,Female,3,1,43,2,2,2,3,3,2,66852,68152,71459,73690,71908,76294,3000,5000,4000,0,5700,0,Yes
50000,Female,2,2,31,2,0,0,2,2,2,28133,29461,32067,31252,32633,33965,1800,3400,0,1900,2000,0,Yes
20000,Female,3,1,33,1,-2,-2,-2,-2,-2,0,0,0,0,0,0,0,0,0,0,0,0,Yes
80000,Female,2,1,34,2,2,2,2,2,0,63619,64484,62882,69109,67401,68863,2500,0,7282,0,2700,3000,Yes
30000,Female,3,1,43,1,2,0,0,0,0,32577,29268,26897,23352,18738,15236,0,1468,1564,591,489,388,No
10000,Female,2,1,37,3,2,0,0,2,0,7621,7368,8226,9834,9549,9774,0,1122,1730,0,508,425,Yes
200000,Female,2,2,41,-2,-1,-1,-1,-1,0,15094,1717,988,1805,72551,90988,1727,991,1817,72836,30300,60000,No
50000,Female,2,1,33,0,0,0,0,0,0,49450,50067,69594,46181,16770,19890,1743,2236,2807,629,3810,719,No
480000,Female,2,2,34,0,0,0,0,0,0,489305,479927,471639,375196,285319,209218,18231,20010,13013,11209,9010,162510,Yes
210000,Female,1,1,40,1,-2,-2,-1,-1,-1,0,0,0,4351,0,6200,0,0,4351,0,6200,5276,No
70000,Female,2,1,41,2,3,3,3,3,2,50460,52331,53896,54426,52956,54459,3000,3000,2000,0,2500,2200,Yes
50000,Female,2,1,43,2,2,2,0,0,0,49072,50559,49060,44908,29969,30230,4000,0,2000,1039,1100,1100,No
20000,Female,2,2,45,2,0,0,0,0,2,13696,15156,16183,16893,18200,17769,2000,1574,1284,1591,0,644,Yes
80000,Female,2,1,35,-2,-2,-2,-1,-1,0,390,0,1151,10312,12238,8279,0,1151,10312,12238,5000,3000,No
200000,Female,3,1,37,-1,-1,-1,0,0,-1,10701,4251,5144,6807,51013,54416,4251,5144,2000,44406,54725,3000,No
210000,Female,1,1,38,-1,-1,-2,-2,-1,-1,29504,0,0,0,1742,0,0,0,0,1742,0,22854,No
360000,Female,1,3,35,-2,-2,-2,-2,-2,-2,3555,2570,0,0,0,6920,2570,0,0,0,6920,0,No
80000,Female,2,2,56,0,0,2,0,0,2,57730,64934,63325,67711,71984,73672,8198,0,5487,5429,3000,2621,Yes
50000,Female,3,1,43,0,0,0,0,0,0,3238,4672,2865,3878,4809,5726,1500,1056,1069,1000,1000,255,No
20000,Female,2,2,40,0,0,0,-1,-1,-1,3135,2643,2454,2250,2296,4315,2000,2296,2296,2342,4315,2796,No
40000,Female,2,1,38,0,0,3,2,2,2,35183,39197,39477,39924,39004,41462,4600,1200,1400,0,3069,0,Yes
50000,Female,2,1,38,2,0,0,2,2,2,29989,31184,33850,34495,35129,35918,2000,3500,1500,1500,1500,1500,Yes
170000,Female,2,1,45,0,0,0,0,2,2,133341,133715,130591,138404,138733,137642,6804,6883,11600,5020,1200,4000,No
310000,Female,1,1,37,-2,-2,-2,-2,-2,-2,123,123,0,123,0,0,123,0,123,0,0,0,No
50000,Female,2,1,24,0,0,2,0,0,2,46108,49330,48263,49780,56396,55479,4000,0,2384,8000,0,1852,No
30000,Female,1,2,25,0,0,3,2,2,2,24709,28970,28233,27481,29484,30157,5000,0,0,2471,1300,4800,No
200000,Female,2,1,45,0,0,0,0,0,0,144249,144423,139978,126213,93788,94875,6097,8039,5112,5000,5008,4019,No
260000,Female,2,1,38,0,0,0,0,0,0,191160,194522,190339,186688,177785,165789,8357,7200,6500,6000,6000,6400,No
80000,Female,2,2,29,0,0,0,2,2,0,59520,60492,62160,64714,62420,62990,2753,3438,4400,0,2400,9974,Yes
180000,Female,2,2,27,1,-2,-2,-2,-2,-2,0,0,0,0,0,0,0,0,0,0,0,0,No
130000,Female,1,2,28,-1,-1,-1,-1,-1,-1,2936,1688,5890,1113,1283,3000,2464,5890,1113,1283,3000,883,No
190000,Female,1,1,30,0,0,2,0,0,0,176699,188703,184403,90887,90097,90295,15000,3000,4100,3200,3264,3248,Yes
110000,Female,2,1,33,0,0,0,2,2,2,105440,105852,111966,106068,109293,105804,5300,11000,0,8077,0,3947,No
60000,Female,2,1,40,2,2,2,2,0,0,42922,45617,46549,32902,30677,31318,3700,2000,0,1059,1096,1114,Yes
40000,Female,3,1,49,1,2,2,2,0,0,35771,34896,39322,38319,39531,40224,0,5000,0,2000,1400,2000,No
80000,Female,2,1,32,-2,-2,-2,-2,-2,-2,1880,1261,1650,3176,3379,1807,1261,1650,3176,3379,1807,2241,No
100000,Female,5,2,33,0,0,0,0,0,0,42622,46884,51103,52251,53480,54467,5000,5000,2000,2100,2000,5001,No
500000,Female,2,1,49,-2,-1,-1,-1,0,0,3645,2744,1000,16639,7081,0,2744,1005,16639,142,0,10220,No
190000,Female,3,2,46,0,0,0,0,0,0,124245,126722,129376,132016,134632,137470,4536,4696,4791,4811,5000,5033,No
200000,Female,2,2,35,0,0,0,0,0,0,4585,5859,7763,8525,6843,2865,1500,2000,1000,518,1000,296,No
340000,Female,2,2,47,0,0,0,0,0,0,196112,183453,167592,162628,142779,139548,6446,6207,5758,4853,4940,4600,No
180000,Female,1,2,38,0,-1,0,0,0,0,16056,179490,180360,177460,140738,141830,180040,8200,9607,5103,5237,5000,No
110000,Female,2,2,28,0,0,0,-1,-1,-1,10048,8311,3404,407,1250,88628,2000,3000,410,1250,89035,3491,No
80000,Female,3,2,42,0,-1,-1,2,0,-1,11460,455,10843,9011,7560,7686,455,10843,0,22,7709,9398,No
30000,Female,3,1,31,0,0,0,0,0,0,9388,10387,10624,11539,11771,9075,1162,1229,1144,376,329,345,No
80000,Female,2,1,31,0,0,0,0,0,0,51346,52955,54063,54608,55695,56786,3000,2500,2000,2500,2500,2500,No
300000,Female,1,2,31,0,0,0,-1,-1,0,34515,60700,33843,5045,10288,12565,30000,5000,5045,10288,5000,5000,Yes
280000,Female,1,2,32,-1,0,0,0,0,0,215052,191094,195204,199091,201581,206054,7000,7200,8800,7300,7700,16000,No
110000,Female,2,2,32,1,-1,-1,-1,-1,0,-296,1733,-153,6540,632,316,2345,0,7009,632,0,36049,No
130000,Female,2,2,33,0,0,0,0,0,0,108984,106533,104394,103798,82816,78727,3775,3988,6000,3784,3010,3200,No
150000,Female,2,1,32,1,-2,-2,-2,-2,-2,0,0,0,0,0,0,0,0,0,0,0,0,No
450000,Female,2,2,36,-1,-1,-2,-2,-1,-1,12050,13500,6350,11670,1530,1232,13551,6364,11728,1532,1234,201,No
230000,Female,2,1,34,0,0,0,0,0,0,167299,165568,140467,133479,122948,125519,8448,5785,5400,4397,4548,4670,No
80000,Female,2,2,34,2,2,3,2,0,0,74860,84054,82194,78715,26681,0,11074,3,5,1075,0,0,No
260000,Female,1,1,34,-1,-1,2,-1,-1,0,199,598,400,199,1117,922,599,2,200,1118,5,459,No
150000,Female,2,1,34,2,2,2,2,0,0,140711,147833,148066,142163,135075,135309,12416,6130,27,4610,5000,5000,No
50000,Female,2,1,35,0,0,-2,-2,-2,-2,23280,0,0,0,0,0,0,0,0,0,0,0,No
30000,Female,3,1,35,0,0,0,0,0,0,27785,28786,26496,25098,26209,25325,1800,1500,1450,1500,1500,1500,Yes
100000,Female,3,1,41,1,2,2,2,0,0,102250,97551,101882,98311,97546,101281,0,8900,0,3500,7570,0,Yes
190000,Female,2,1,43,1,2,0,0,0,0,189697,185105,184180,156969,157856,158451,0,9021,6000,5489,5670,6000,Yes
30000,Female,2,1,38,0,0,0,-2,-2,-2,24380,15525,0,0,0,0,1600,0,0,0,0,292,Yes
30000,Female,2,2,38,0,0,0,0,0,0,29632,30239,30526,29219,30012,28422,1492,1661,1238,1031,1083,0,No
110000,Female,1,1,44,0,0,2,2,2,2,87418,93862,91505,98566,99700,97833,7900,0,8600,3800,0,3700,Yes
120000,Female,3,1,39,0,0,0,0,2,2,116983,117616,74853,78692,78456,76140,5750,4000,6300,3000,0,3700,No
30000,Female,3,1,41,0,0,2,0,0,0,30518,34984,30321,23610,20614,18873,5002,7,1511,5005,5183,5108,No
30000,Female,3,1,36,2,0,0,0,0,0,7109,7963,9152,10282,10180,10394,1132,1321,1451,349,362,343,Yes
30000,Female,2,2,42,0,0,0,-1,-1,-2,26504,28056,27987,1812,0,0,2000,2000,2000,0,0,0,No
10000,Female,3,2,45,1,2,3,2,0,0,6925,10273,9964,9327,9512,9200,3647,0,0,332,333,564,Yes
400000,Female,2,1,32,0,0,0,0,0,0,183339,179701,179979,89317,59413,65890,10016,7473,6151,2000,7015,45,No
20000,Female,3,3,32,0,0,0,-2,-2,-1,19446,20650,0,0,0,1000,2000,0,0,0,1000,0,No
20000,Female,2,1,36,2,0,0,0,0,0,18720,18932,19543,20002,19314,19320,1610,1374,1215,596,609,717,Yes
30000,Female,2,1,33,4,3,2,0,0,2,31087,29545,26270,24966,23834,20859,0,0,2000,2000,0,1200,Yes
50000,Female,2,1,33,1,2,0,0,-2,-2,7642,3273,4166,0,0,0,0,1000,0,0,0,0,Yes
30000,Female,2,2,33,2,0,0,0,0,-1,17011,15720,18443,7138,7638,5884,2000,3000,1000,500,5884,0,Yes
110000,Female,2,2,33,0,0,0,0,-1,-1,36075,39442,41240,42380,380,96736,4000,2760,3000,380,96736,3600,No
100000,Female,2,1,34,3,2,2,2,2,2,39192,39951,39030,43381,43771,44626,1700,0,5000,1400,1700,300,No
200000,Female,2,1,36,0,0,0,0,0,0,175000,184057,189643,115046,24895,35410,12000,9427,5934,13000,11000,1320,No
140000,Female,2,2,38,0,0,0,0,0,0,139001,141453,132415,130305,79775,74462,4826,8000,3100,3000,5417,0,No
70000,Female,2,3,45,0,0,0,0,0,0,70820,66163,67605,68855,70377,67818,2500,2507,2428,2594,2602,2500,No
130000,Female,3,2,37,0,0,0,0,0,0,31280,32582,33328,34310,35059,44458,1813,1559,1541,1290,10000,1958,No
30000,Female,2,1,45,-1,-1,2,2,-2,-2,390,780,780,0,0,0,780,0,0,0,0,0,No
160000,Female,3,1,36,0,0,0,0,2,2,92816,87606,82218,79438,72451,39831,5000,10000,5018,127,10015,69,No
50000,Female,5,2,36,0,0,0,0,0,0,46277,42207,20361,17527,17318,17738,2058,1265,5000,700,700,800,No
80000,Female,2,1,36,1,-1,-1,-1,-1,-2,4749,6108,2861,3277,3319,1150,6120,2861,3279,3319,1150,1150,No
50000,Female,3,1,44,0,0,2,0,0,0,46989,51036,48353,47264,29325,31100,5177,22,2154,1200,3450,0,No
50000,Female,3,1,40,0,0,0,0,0,0,31297,30175,30140,29724,30316,29269,1476,1517,1451,1043,1048,1429,No
130000,Female,2,1,42,1,-2,-1,-1,-1,-2,0,0,441,305,0,0,0,441,305,0,0,0,Yes
420000,Female,1,1,47,1,-1,-1,0,0,0,0,14165,53697,50081,44875,42691,14165,55732,1563,1594,1454,1535,No
140000,Female,2,1,44,0,0,-2,-2,-2,-2,110575,0,0,0,0,0,0,0,0,0,0,0,Yes
20000,Female,2,1,42,0,0,0,3,2,2,12029,13045,16024,15420,13929,11307,1224,3203,0,1000,0,2000,No
200000,Female,2,3,40,0,0,0,-1,0,-1,118728,110699,61827,35902,326,1446,4895,3927,35955,0,5826,4706,Yes
180000,Female,1,1,49,-2,-2,-2,-2,-2,-2,0,0,0,0,0,0,0,0,0,0,0,0,No
120000,Female,3,1,37,0,0,0,2,0,0,19821,20836,23562,22890,23189,23521,1651,3377,0,976,855,1011,No
210000,Female,2,1,43,0,0,0,0,0,0,190693,169931,173389,154440,155592,116249,7000,7000,10005,6193,4231,5000,No
30000,Female,2,1,45,1,2,2,2,2,2,23155,22490,26789,26065,27408,26831,0,5000,0,2084,0,2305,Yes
80000,Female,2,2,43,0,0,0,0,0,0,72987,72055,70730,68487,57304,41345,2561,2745,2100,1684,4000,3000,No
110000,Female,2,1,35,0,0,0,0,0,2,85958,83389,83734,82532,81032,79835,2968,4088,3677,5400,0,3618,No
60000,Female,2,1,36,0,0,0,0,0,-1,59945,57262,27275,22095,14293,12217,1805,5816,1000,5000,12217,8000,No
140000,Female,1,2,37,1,-2,-2,-2,-2,-2,-18,-18,-18,-18,-18,-18,0,0,0,0,0,0,No
60000,Female,2,1,35,0,0,0,0,0,0,57267,57225,47343,29164,27829,27574,3023,2245,2005,2000,1088,3000,No
500000,Female,1,2,39,-1,-1,-2,-1,0,0,51,-8,-8,10362,21905,23717,0,0,10370,15000,10000,4311,Yes
420000,Female,2,1,41,0,0,0,0,0,0,373978,389754,366938,361024,354813,344221,33808,14996,13209,12890,11081,16298,Yes
30000,Female,2,1,43,2,2,2,2,2,2,15780,15246,17838,17272,18131,17711,0,3141,0,1434,0,1581,Yes
170000,Female,3,1,38,0,0,0,-1,0,0,4202,5146,6494,1264,948,632,1336,2000,1264,0,0,0,No
200000,Female,1,1,49,-1,-1,-1,-1,-1,-1,1248,0,94,1712,9549,1060,0,94,1712,9549,1060,0,No
160000,Female,1,1,45,0,0,0,0,0,0,108799,110963,114975,115923,107621,110006,3972,5800,4431,3854,4121,4603,No
200000,Female,1,1,35,1,2,0,0,0,0,205002,195441,192803,304997,188504,189527,41,8597,8583,6880,7235,6839,Yes
20000,Female,2,1,43,0,0,0,0,0,2,19295,19639,18541,19059,19757,19913,1295,1309,1602,1300,600,400,No
190000,Female,4,2,39,0,0,0,0,0,0,109023,99265,78430,77653,78395,70849,4000,3507,3003,3003,3510,3500,No
220000,Female,2,2,33,2,2,2,2,0,0,153664,156646,158994,154506,126399,129357,7000,6300,0,5000,5000,5000,No
50000,Female,2,1,31,2,0,0,2,0,0,43979,44970,48101,46993,47940,50903,1724,3855,0,1694,3713,2000,No
160000,Female,5,1,38,0,0,0,0,0,0,141282,144433,152067,155527,157886,156241,5500,10000,6000,6100,6100,6000,No
20000,Female,1,2,39,0,0,0,0,0,0,16690,17696,18878,19308,19498,0,1588,1770,1200,390,0,44334,Yes
70000,Female,2,1,37,0,0,0,0,2,2,68886,60353,32488,35377,30159,29177,2850,1919,5154,1184,0,1213,Yes
220000,Female,1,1,40,0,0,0,0,0,0,63386,64165,61655,61855,64966,66942,8000,3000,3000,5000,3000,3000,No
200000,Female,2,1,48,0,0,-2,-1,-1,-2,1002,0,490,902,0,0,0,490,902,0,0,0,No
130000,Female,3,1,44,0,0,0,0,0,0,129329,123615,107284,54656,22534,8754,4505,3577,1231,2534,5012,2531,No
30000,Female,2,2,34,1,2,2,0,0,0,16935,17855,17280,18594,18806,19045,1500,0,1606,818,690,695,No
230000,Female,3,1,32,1,2,0,-1,0,-1,167419,16968,7226,1469,690,388,76,3742,1546,0,388,910,No
240000,Female,1,2,33,-2,-2,-2,-2,-2,-2,0,0,0,0,0,0,0,0,0,0,0,0,No
260000,Female,1,1,32,-2,-2,-2,-2,-2,-2,2378,4884,329,2464,2673,12354,4884,329,2465,2673,12354,9583,No
360000,Female,2,1,33,1,-1,2,2,-2,-2,-10,2635,590,-9,-9,-9,2645,2,0,0,0,0,No
260000,Female,1,1,36,-1,-1,-1,-1,-1,-1,416,416,416,3541,416,416,416,416,3541,416,416,1644,No
230000,Female,2,1,34,-1,-1,-1,-1,0,-1,3128,10998,1509,1390,1072,849,10998,1509,1390,0,849,3720,No
300000,Female,1,2,35,-1,-1,-1,-1,-1,-1,103,344,891,889,889,739,344,891,889,889,739,1807,No
140000,Female,1,1,45,-1,-1,-1,-1,0,0,2300,483,487,1011,524,1037,483,487,1011,0,1000,974,No
380000,Female,3,1,38,0,0,0,0,0,0,379080,374137,371624,362191,322148,309689,13501,14152,12270,11031,10207,10910,Yes
190000,Female,1,2,31,0,0,0,0,0,0,150183,129603,131661,137765,123616,125841,7000,7000,8500,5000,6000,5000,No
500000,Female,1,2,31,0,0,0,0,0,0,67475,72191,64130,45766,45324,55011,6000,2332,1219,5000,54000,110000,No
200000,Female,1,1,39,-1,-1,-1,-2,-1,-1,14510,7922,0,0,506,4408,7922,0,0,506,4408,0,No
310000,Female,2,1,37,0,0,0,0,0,0,30691,27595,29616,29598,27589,28985,7595,5616,9598,5589,5985,9382,No
30000,Female,3,1,49,0,0,0,0,0,0,24885,25886,26901,27907,28469,29058,1215,1230,1236,798,822,1079,No
280000,Female,2,1,49,0,0,0,0,0,0,66749,67942,67908,63990,64050,64486,3001,2382,67867,2420,2338,2326,No
80000,Female,1,1,42,2,2,2,2,2,2,18378,19377,20471,20638,21003,20529,1600,1700,800,1000,0,2000,Yes
150000,Female,2,1,35,2,2,2,-1,-1,-1,1846,5466,3660,2415,5033,803,3672,0,2415,5033,803,2531,Yes
30000,Female,2,1,48,2,2,3,2,2,2,10509,12727,12240,11747,12651,12305,2700,0,0,1100,0,1100,Yes
170000,Female,1,1,41,0,0,0,0,0,0,118379,120087,121958,123629,123605,123794,4294,4428,4326,4154,4345,9098,No
110000,Female,1,1,42,0,0,0,0,0,0,47021,48235,49455,51132,52183,53192,2000,2000,2500,2500,2000,3000,No
30000,Female,3,1,46,1,2,2,2,2,2,29201,30406,31295,29929,27744,28117,2000,1700,954,0,2253,1106,Yes
90000,Female,1,2,33,0,0,0,2,2,2,33035,34178,36133,38240,37325,39725,2000,2500,3000,0,3000,2000,Yes
50000,Female,2,2,40,0,0,0,0,0,0,50531,50446,48763,35038,27839,27872,2504,1815,2389,3003,2800,2504,Yes
120000,Female,1,1,36,-1,2,2,-2,-1,0,536,210,-116,-442,732,406,0,0,0,1500,0,0,Yes
20000,Female,3,2,46,1,2,0,0,0,0,18505,17898,18067,18917,18717,17144,0,1800,1600,400,0,0,No
230000,Female,2,1,42,-2,-2,-2,-2,-2,-2,390,390,390,390,1240,4234,390,390,390,1240,4234,2970,No
160000,Female,1,2,29,-1,-1,2,-1,0,-1,1116,2599,1302,1852,736,3542,2599,0,1852,0,3542,0,Yes
450000,Female,2,1,38,0,0,0,0,0,0,87836,92361,96013,34079,35629,59829,6000,6000,10000,15000,35000,115000,No
390000,Female,1,1,46,-1,-1,-1,-1,0,0,6570,2287,0,18692,10418,8590,2287,0,18692,1000,172,4801,No
90000,Female,2,2,29,1,2,2,2,0,0,34954,34093,37539,36641,37061,38011,0,4000,0,1326,1547,3000,No
60000,Female,2,1,33,0,0,0,0,0,0,56038,54660,49907,44057,27510,28086,1911,1879,1500,1000,1019,1500,Yes
180000,Female,2,1,34,0,-1,-1,-1,-1,-1,3359,4060,-200,2000,0,19726,4060,0,2200,0,19726,0,Yes
80000,Female,3,1,40,-1,0,0,0,0,0,7111,12774,16817,15274,20043,13318,6500,5000,4025,8000,5000,2000,No
180000,Female,2,2,43,-1,-1,-1,-1,-1,0,543,-535,2145,12532,655,390,0,3212,12532,655,157,2063,No
320000,Female,2,1,46,-1,-1,-1,-1,0,-1,545,5590,8477,18428,119,9416,5590,8489,18443,0,9416,2328,No
320000,Female,1,2,36,0,0,0,0,0,0,29026,28179,28695,19370,10155,3788,5000,5018,1000,3000,0,7013,No
100000,Female,2,1,39,2,0,0,0,0,0,95893,97040,65668,66046,66779,45833,3552,2617,2098,1916,1707,1732,No
20000,Female,3,1,42,0,0,0,0,0,0,18650,15456,16504,17496,18219,18783,1300,1300,1280,1000,1000,1107,No
140000,Female,3,2,34,-1,-1,-1,-1,-1,-1,316,0,2549,151,0,574,0,2549,151,0,574,918,No
100000,Female,3,2,39,-1,-1,-1,-1,-1,-1,1130,600,0,660,2030,3170,600,0,660,2030,3170,1152,No
10000,Female,3,2,44,2,2,2,2,2,2,10422,9775,10964,11153,10762,10126,0,2500,1000,400,0,672,Yes
30000,Female,2,1,36,0,0,0,2,0,0,23309,24610,26404,27149,27634,28215,2000,2500,1500,1200,1142,1600,No
50000,Female,3,1,39,0,0,0,0,0,0,38506,36749,32159,25145,17331,17901,2008,3000,2000,1000,1000,1000,No
20000,Female,2,1,44,0,0,0,0,2,0,12346,13615,13674,27524,13490,15261,1500,2000,2500,500,2000,5000,No
200000,Female,2,2,31,1,-2,-1,-1,-2,-2,0,0,500,0,0,0,0,500,0,0,0,0,No
320000,Female,2,1,32,0,0,0,-2,-1,0,44312,23132,-2793,-2793,20381,25198,3000,23,0,23381,5000,5000,Yes
360000,Female,2,2,37,-1,-1,-1,-1,-1,-1,1066,0,878,1142,926,1401,0,878,1142,926,1401,938,Yes
200000,Female,1,1,33,1,-2,-2,-2,-2,-2,0,0,0,0,0,0,0,0,0,0,0,1562,No
140000,Female,3,1,34,0,0,0,0,0,0,138375,138796,142280,142002,89035,94006,5000,8000,6314,3200,6400,2100,No
420000,Female,1,2,31,0,0,0,0,-1,0,127901,95981,65979,36614,208821,209508,3900,5000,5000,208821,9508,32258,No
150000,Female,1,2,36,0,0,2,0,0,0,20755,25019,24335,24908,15339,0,4938,0,1200,507,0,0,No
200000,Female,2,2,38,0,0,0,0,0,0,14956,9023,4963,5418,5131,5741,5000,1155,1000,103,1000,109,No
230000,Female,2,1,42,-1,-1,-2,-2,-2,-2,3210,0,0,0,0,0,0,0,0,0,0,0,No
30000,Female,2,1,38,0,0,0,0,0,2,18971,20344,21705,22537,24161,25128,2000,2000,1500,2000,1500,0,No
50000,Female,1,2,36,1,2,2,2,2,2,18992,19881,20767,20136,21802,21315,1500,1500,0,2000,0,1000,No
280000,Female,2,2,43,0,0,0,0,0,0,273535,280598,141996,131471,134963,139471,12000,7300,5000,6000,7000,6000,No
200000,Female,2,1,46,0,0,0,0,0,0,47403,37835,30212,26302,20465,12460,1550,1503,5000,3000,1000,5000,No
270000,Female,1,1,45,-2,-2,-2,-2,-2,-2,1526,0,0,0,0,0,0,0,0,0,0,0,No
320000,Female,1,2,32,-1,-1,-1,0,0,-1,20488,18607,41195,89714,64646,6103,18615,42067,30014,39515,6110,11611,No
60000,Female,2,1,32,0,0,0,0,0,0,57199,57417,35875,36695,36837,37307,2491,1669,1805,1263,1439,1408,No
130000,Female,2,1,35,0,0,0,0,0,0,125989,127884,128231,127677,125675,127318,6500,6500,6201,5000,5500,5100,No
200000,Female,3,1,50,0,0,0,0,0,0,162296,169288,168430,100175,95267,87086,13000,6900,4200,3000,3200,6000,No
170000,Female,2,1,51,-1,-1,-1,-1,-1,-1,3022,2742,4592,3798,8717,4362,2751,4592,3798,8774,4362,12114,No
80000,Female,5,1,50,2,0,0,0,0,0,115027,118188,117725,118100,60745,54509,6000,5500,4356,3000,2100,5000,No
50000,Female,3,1,47,0,-1,-1,-1,-1,0,1091,390,1554,390,780,390,390,1554,390,780,0,390,No
90000,Female,2,1,50,0,0,-1,0,0,2,72840,0,13009,17405,20115,19655,0,13009,4627,3000,0,3000,No
350000,Female,5,1,50,0,0,0,0,0,0,136293,139215,142695,98404,100367,102465,4846,5577,3488,3417,3536,3707,No
110000,Female,3,2,52,2,2,2,0,0,0,32085,34601,31304,29291,26415,23170,3393,0,1600,1000,1000,1360,No
30000,Female,3,1,55,0,0,0,0,0,0,10682,11399,12421,13507,13782,14159,1200,1214,1300,500,600,2900,Yes
30000,Female,2,1,53,0,0,0,0,0,2,14495,15447,16390,17717,19420,18970,1500,1500,1600,2000,0,1500,Yes
250000,Female,1,1,51,-2,-2,-2,-2,-2,-2,6811,0,0,0,0,0,0,0,0,0,0,0,No
50000,Female,3,1,52,0,0,0,0,-1,2,22377,23380,24488,25775,1080,540,1380,1488,1775,1080,0,540,No
160000,Female,3,1,53,0,0,0,0,0,0,95907,108036,110538,130873,134524,135264,15325,5731,24677,5753,5325,6000,No
140000,Female,2,1,49,-1,-1,0,-1,-1,-1,8280,3147,2421,5021,2646,6117,3147,2000,5021,2646,5541,0,Yes
80000,Female,3,1,51,1,2,0,0,0,0,52275,50838,51901,52959,54012,55147,0,1883,1920,1931,2003,2046,Yes
10000,Female,3,2,53,0,-1,2,-1,-1,-2,1473,2095,622,149,-1324,-797,2095,0,1000,0,2000,0,Yes
90000,Female,2,1,50,0,0,0,2,0,0,43439,44512,47677,46615,47537,48616,2100,4200,0,2000,2000,2000,No
80000,Female,3,2,50,0,0,0,0,0,0,46239,46914,47918,47620,48571,48525,1754,2210,1700,1614,1600,1600,No
20000,Female,3,1,55,0,0,0,0,0,0,3580,4751,5813,7052,7779,8495,1238,1300,1500,1000,1000,2500,No
50000,Female,2,1,53,0,0,0,0,0,0,36997,36927,34929,31874,28993,29409,1607,2010,1505,1001,2007,2007,Yes
120000,Female,1,1,60,-2,-2,-2,-2,-2,-2,3956,0,2216,2550,9246,8307,0,2216,2557,9246,8307,10000,No
30000,Female,2,1,47,0,0,0,0,0,0,30567,58722,30077,29841,20075,12250,3778,1900,1019,26,1131,1209,No
30000,Female,2,1,56,2,2,2,2,2,2,14909,15565,16620,16056,17386,16968,1200,1600,0,1600,0,700,Yes
80000,Female,3,1,55,0,0,0,0,0,0,46777,44628,43943,42913,43217,41662,5024,5014,5016,5017,5011,5014,No
50000,Female,2,1,55,0,0,0,2,2,0,21371,22389,25327,25668,24959,25506,1376,3314,1050,0,1100,950,No
80000,Female,2,1,56,3,2,2,2,2,2,63995,65347,66705,68506,69787,68844,3000,3000,3500,3000,300,5100,Yes
100000,Female,2,1,52,2,2,2,2,0,0,94935,98462,100978,96606,92062,90228,6018,5000,0,6040,4000,15000,No
30000,Female,3,1,62,0,0,0,0,0,0,18563,19647,20725,21774,22114,22607,1700,1700,1700,1000,1000,2000,Yes
130000,Female,1,2,51,0,0,0,0,0,0,73903,74661,75593,78110,81793,86452,6000,5002,6000,5000,6000,4000,No
20000,Female,3,1,54,1,2,2,2,0,0,7189,6925,8402,9111,9802,10508,0,1600,1000,1000,866,0,No
80000,Female,2,1,57,2,2,-2,-2,-2,-2,82150,0,0,0,0,0,0,0,0,0,0,0,Yes
100000,Female,1,1,51,0,0,0,0,0,0,94247,87079,89076,91143,77655,78518,3200,3400,3700,2800,2900,3100,No
20000,Female,3,2,50,2,0,0,0,2,2,11545,12945,13972,15730,15183,16182,1600,1542,2300,0,1400,800,Yes
120000,Female,2,1,51,0,0,0,0,0,0,138313,134057,130935,124458,78671,8730,5000,6000,3000,3000,2000,73000,No
50000,Female,2,2,53,2,2,2,0,0,2,3914,7419,7156,8492,9515,9287,3591,0,1500,1100,0,300,Yes
80000,Female,3,1,59,0,0,0,0,0,0,75662,70073,53169,50875,50372,49470,3212,2106,2000,1603,1903,2006,No
90000,Female,3,1,54,0,0,0,0,0,0,18131,18219,36190,17754,11104,11234,2301,1354,2906,370,381,376,No
60000,Female,3,2,47,0,0,0,0,0,0,50469,43093,37137,26015,18840,19183,3329,3429,2015,2000,2004,1000,No
100000,Female,3,1,50,0,0,0,2,2,2,27666,28677,31516,30701,32392,32645,1473,3312,0,2578,1294,0,Yes
50000,Female,2,1,50,0,0,0,0,0,0,51212,50658,48999,49388,48853,47765,2070,2357,1746,1628,1520,2202,No
30000,Female,3,1,53,2,2,2,2,2,2,17585,18598,19379,19762,20141,19680,1600,1379,1000,1000,0,1700,Yes
240000,Female,1,1,58,-1,-1,-1,-1,-1,-1,7217,8204,3001,6861,4681,2729,8210,3001,6866,4681,2729,3138,No
200000,Female,1,1,47,0,0,0,0,0,0,101986,97680,94125,89550,98565,54370,4000,3455,5000,10000,2500,2231,No
130000,Female,3,2,50,-1,-1,-1,-1,0,0,390,52180,206,3265,5661,7026,107767,206,3265,3000,2000,2000,No
110000,Female,3,1,50,0,0,0,2,2,0,101084,103476,111998,112290,106721,107636,4700,11500,3925,0,5000,4100,No
50000,Female,2,1,51,0,0,0,2,0,0,40268,27913,22733,15100,7080,8049,2000,3334,27,300,1092,400,No
20000,Female,3,1,56,0,0,2,2,3,4,6949,8823,10523,12043,13542,14728,2000,2000,2000,2000,2000,2000,Yes
50000,Female,3,1,69,0,0,0,0,0,0,12196,13985,15750,17434,19220,17822,2000,2000,2000,2000,605,1000,No
80000,Female,2,1,54,2,2,2,2,2,2,48298,49402,50416,51293,50170,53391,2200,2100,2000,0,4200,2100,Yes
20000,Female,3,1,52,2,0,0,0,0,0,18049,14361,15425,16460,17380,17650,1536,1600,1600,1500,700,2900,Yes
20000,Female,3,1,56,1,2,0,0,2,2,11276,10803,11528,13524,13508,13149,0,1204,2200,500,0,700,Yes
30000,Female,3,1,53,0,0,2,0,0,2,12466,15333,14802,15523,18470,18834,3086,0,1276,3223,805,0,Yes
240000,Female,4,1,59,0,0,0,0,0,0,233918,235404,236564,241075,146440,132290,8357,10001,10000,10000,5000,20000,No
50000,Female,3,2,56,1,-2,-2,-2,-1,-1,0,0,0,0,562,736,0,0,0,562,736,1269,Yes
80000,Female,3,2,53,0,0,-1,-1,0,0,2315,1990,801,1030,2030,763,1400,801,1030,1000,0,0,No
180000,Female,1,2,56,-2,-2,-2,-2,-2,-2,0,0,1829,-200,0,4208,0,1829,998,200,4208,0,Yes
240000,Female,3,1,55,0,0,0,0,0,0,216170,218809,226013,229014,178852,182547,8000,11000,9000,7000,7000,7200,No
120000,Female,2,1,54,0,0,0,0,0,0,89197,87088,85280,83873,78945,80597,3072,3074,2887,2774,2871,3000,No
20000,Male,2,2,21,2,0,0,2,0,0,19820,19277,20997,20200,20000,0,2000,5000,0,0,0,0,Yes
100000,Male,2,2,33,0,0,3,2,0,0,35169,39581,38678,37453,38013,0,5328,0,0,760,0,0,No
30000,Male,2,2,22,3,2,2,3,3,3,1050,1050,1050,1050,1050,1050,0,0,0,0,0,0,Yes
30000,Male,2,2,23,0,0,2,2,2,-1,19321,23985,23321,25809,24985,700,5320,0,3316,0,700,0,Yes
50000,Male,2,2,22,0,0,2,0,0,0,51083,50043,98450,48689,19773,19931,3500,1000,2000,900,900,1000,No
100000,Male,2,2,23,0,0,0,0,0,0,67873,49285,49992,35518,36426,37836,2000,1600,2000,1500,2000,2000,No
80000,Male,1,2,23,0,0,0,0,0,2,59976,60130,59744,44031,48089,44789,2926,2550,1848,6084,38,4,No
60000,Female,3,1,54,-1,-1,-1,0,0,0,892,21674,31632,13264,948,18002,21690,32264,12948,0,17370,0,No
120000,Male,2,2,25,1,2,0,0,0,0,117160,92262,79889,66828,55511,21938,70,8000,2000,1346,3000,0,Yes
20000,Male,2,2,26,1,3,2,2,2,2,17077,17504,16940,19621,18646,19022,1000,0,3300,0,1200,700,No
50000,Male,1,2,26,0,0,0,0,0,2,46415,38226,31924,19682,19989,20452,1672,1699,1600,901,1500,7,No
50000,Male,2,2,23,-1,-1,-1,0,0,0,2680,-1045,44316,45361,46135,46029,0,45361,1800,1503,1735,1724,No
50000,Male,2,1,24,0,0,0,0,0,0,15524,16558,17596,18589,18997,18705,1300,1310,1300,700,1000,800,Yes
20000,Male,2,2,24,2,2,2,0,0,2,14195,15166,14638,15582,17809,17385,1500,0,1500,2500,0,1500,Yes
30000,Male,2,2,25,0,0,0,0,0,0,6122,7160,8185,9286,9483,9780,1300,1300,1400,500,600,600,No
10000,Male,3,2,25,0,0,0,0,0,-1,8525,5141,5239,7911,17890,10000,1500,5000,4000,2000,22400,0,No
10000,Male,3,2,22,1,4,3,2,2,2,8357,8085,7817,7545,8268,7993,0,0,0,1000,0,750,Yes
150000,Male,2,2,23,2,0,0,-1,0,0,17635,151686,147474,7474,8173,87500,135018,3000,120000,823,80000,3684,Yes
80000,Male,2,2,24,2,0,0,2,0,0,44507,46486,51876,48962,48614,49792,3000,6107,0,1675,1895,2117,Yes
20000,Male,2,2,24,0,0,0,0,0,-1,3843,4110,4560,4567,4060,1035,1073,1258,1000,228,1035,0,No
120000,Male,1,2,24,2,-1,0,0,-2,-1,1330,2103,2473,1162,0,3443,2103,1170,1162,0,3443,0,Yes
40000,Male,1,2,24,0,0,0,0,0,-1,37412,38485,39575,39247,9687,33625,2000,20000,1359,600,33625,615,No
20000,Male,3,2,24,3,3,2,2,2,2,15846,16283,17325,17542,17756,18023,1000,1600,800,800,700,800,Yes
100000,Male,2,1,24,2,2,2,2,2,2,10618,13233,13427,13609,14683,15001,2800,700,700,1300,700,700,Yes
160000,Male,1,2,25,-1,0,0,-1,-1,-1,898,2686,170,1363,10484,12455,2000,0,1363,11422,12455,24262,No
20000,Male,1,2,24,1,2,2,4,3,2,17375,16799,21408,20779,20170,19721,0,4893,0,0,0,1000,Yes
60000,Male,2,2,24,1,2,3,2,0,0,58231,61671,59755,58194,38649,35361,5000,0,198,1500,1300,2000,Yes
40000,Male,2,2,24,4,3,2,3,2,2,38344,37433,38862,39125,39408,40925,0,2335,1200,1225,2300,1396,Yes
30000,Male,2,2,26,0,0,0,0,0,0,25531,26301,27376,28359,24844,25364,1500,1500,1450,889,920,992,No
420000,Male,2,2,26,1,2,2,0,0,0,390188,395881,382620,333210,324487,327615,14000,15,13175,11700,11900,12140,Yes
20000,Male,2,2,26,2,3,2,0,0,2,14962,14438,13921,15276,17019,18099,0,0,1900,3000,1500,0,No
20000,Male,3,2,24,0,0,0,0,0,0,16973,17984,18748,19627,19624,19652,1600,1357,1236,623,653,673,No
20000,Male,2,1,28,0,0,0,2,2,3,15226,16658,19374,18766,20859,20247,2000,3300,0,2700,0,500,No
300000,Male,1,2,26,-2,-2,-2,-2,-2,-2,0,0,0,0,0,0,0,0,0,0,0,0,No
30000,Male,1,2,25,2,2,2,2,2,0,22422,24334,26087,26184,25563,26099,2600,2441,820,0,851,1678,No
140000,Male,1,2,27,0,-1,0,0,0,0,29751,143701,138062,86738,43417,37398,143713,5554,3619,3002,1940,2921,No
20000,Male,2,1,27,0,0,0,0,0,0,20285,20256,20539,19725,19836,12559,1500,1800,1200,751,1000,0,No
50000,Male,2,2,27,0,0,0,0,0,0,39487,37777,36496,33512,29854,28144,1600,2000,6416,4406,1014,3006,No
50000,Male,2,2,26,-1,0,0,0,0,0,6945,7185,3412,4158,6158,2133,2000,2000,1000,2000,2000,2000,No
50000,Male,2,1,26,0,0,0,0,0,0,48019,48992,49689,31368,9454,6020,2072,1769,1003,189,120,100,No
280000,Male,1,1,26,0,0,0,0,0,0,277815,285477,253365,221167,195058,189623,12596,11320,7608,6628,7004,6902,No
50000,Male,1,2,26,1,2,2,2,2,2,38160,40213,41167,41890,42605,41792,3000,1900,1700,1700,0,2500,Yes
500000,Male,2,2,26,0,0,0,0,0,0,126725,128206,129327,130136,127699,124623,6005,6005,6094,4161,5021,4350,No
200000,Male,1,2,28,-1,-1,-1,-1,-1,-1,2393,1726,1602,1040,3564,2031,1731,1606,1051,3574,2036,1703,No
50000,Male,1,2,28,1,-2,-2,-2,-2,-2,0,0,0,0,0,0,0,0,0,0,0,0,No
300000,Male,2,2,27,-2,-2,-2,-2,-1,-1,-158,-158,-158,-158,142,92,0,0,0,300,100,100,No
10000,Male,2,1,27,4,3,3,2,3,2,3462,4150,3940,4720,4500,4282,900,0,1000,0,0,433,Yes
20000,Male,3,2,28,1,2,0,0,3,2,8055,7777,8805,12647,12173,11855,0,1158,4000,0,0,900,Yes
50000,Male,3,2,27,0,0,0,0,0,0,49684,45435,37636,32034,28133,23860,1961,2075,1294,999,934,849,No
30000,Male,2,2,26,0,0,0,0,0,2,27889,26990,24706,25022,26405,25861,2875,4900,2000,2100,0,2500,No
100000,Male,1,2,30,0,0,0,0,0,0,100544,101167,101007,97862,79099,79812,4511,3711,3685,2797,2897,3046,Yes
130000,Male,1,2,29,-1,-1,-1,0,0,-1,9619,6247,59904,81838,37422,15365,6247,59904,30000,10000,15365,10778,No
20000,Male,2,2,30,1,2,2,2,2,2,16906,17328,19145,18397,20697,20547,1000,2400,0,2700,0,283,No
150000,Male,1,2,29,2,0,0,0,0,0,7562,10609,14101,17523,18914,28516,3500,4000,4000,2000,10000,4000,No
220000,Male,2,1,28,0,0,0,0,0,0,38074,43083,47051,65321,83882,72812,6000,5000,20012,23099,10029,30019,No
100000,Male,2,2,29,1,-1,-1,-1,0,-1,0,4586,2476,7845,13164,671,4586,2863,7845,7000,671,671,No
40000,Male,2,2,29,0,0,2,0,0,2,20528,22973,22317,24047,26644,26079,3100,0,2100,3000,0,3000,No
10000,Male,1,2,30,3,2,2,7,7,7,2300,2300,2300,2300,2300,2300,0,0,0,0,0,0,Yes
290000,Male,1,1,30,1,-2,-2,-2,-1,-1,0,-291,-582,-1164,291,732,0,0,0,1455,732,291,No
180000,Male,2,2,27,0,0,0,0,0,0,134168,120734,124730,120423,113901,114077,4345,5966,4250,4200,4200,4200,No
280000,Male,2,2,27,-2,-2,-2,-2,-2,-2,1566,2872,1572,2437,1572,1572,2891,1586,2444,1586,1579,1579,No
310000,Male,1,1,29,1,2,0,0,0,0,191457,187341,70359,77884,87484,89633,651,15000,10000,10200,2149,299,Yes
70000,Male,1,2,28,0,0,0,0,0,0,19728,16923,10076,33079,23188,20937,8000,2000,30000,5000,20000,25000,No
120000,Male,1,2,28,0,0,0,2,2,0,7164,9383,16571,16607,16043,16379,2515,7703,600,0,595,599,Yes
240000,Male,2,2,29,-1,-1,-1,-1,-1,-2,390,0,390,780,0,0,0,780,780,0,0,0,No
50000,Male,2,1,27,0,0,0,0,0,0,46806,46176,47151,47251,20515,19404,2000,5300,1500,1100,1000,1000,No
320000,Male,1,1,28,0,0,0,0,0,0,79819,64851,37762,16425,12177,45648,3524,2941,2013,270,42659,100002,No
80000,Male,2,2,29,0,0,-2,-2,-2,-2,82150,0,0,0,0,0,0,0,0,0,0,0,No
20000,Male,2,2,29,1,2,2,2,2,2,11586,11103,13913,13393,18152,17725,0,3000,0,5000,0,3000,Yes
80000,Male,2,2,29,1,2,0,0,2,0,71795,62067,60949,71829,67567,62658,0,3000,15000,0,3000,3000,No
360000,Male,2,1,28,-2,-1,2,2,-2,-2,0,2500,2500,0,0,0,2500,0,0,0,0,0,No
50000,Male,2,2,29,0,0,0,0,0,0,44177,44820,46022,46903,47837,48383,2070,3000,2000,2000,2000,2000,No
20000,Male,2,2,23,-1,-1,0,-1,0,-1,4584,4005,5677,688,1688,61,4005,4078,1237,1000,61,0,Yes
10000,Male,2,2,25,4,3,3,2,0,0,5365,5731,6095,6351,6603,6855,600,600,500,500,500,500,No
100000,Male,2,2,28,0,0,0,0,0,0,72610,72596,74331,75491,78244,77478,3500,3500,3000,4000,3000,3000,No
50000,Male,2,3,30,0,0,0,0,0,0,47812,97538,49187,17518,17710,18079,2536,2454,1588,780,803,673,No
30000,Male,2,2,24,2,-1,-1,-2,-2,-2,390,780,0,0,0,0,780,0,0,0,0,0,No
70000,Male,2,2,28,3,2,2,0,0,0,91930,93363,91325,93195,52925,52990,3500,0,3204,2003,2013,2511,No
490000,Male,1,2,29,-1,-1,-1,-2,-1,0,264,678,-571,-1796,137158,139345,678,571,1225,140597,6000,3900,No
30000,Male,1,2,29,1,2,2,2,2,2,25264,24560,29128,29845,30257,30779,0,5000,1500,1200,1300,0,Yes
20000,Male,1,2,29,0,0,0,0,0,0,15934,15028,16023,11631,12377,4830,1329,1324,1000,2000,1000,0,No
290000,Male,1,2,29,-1,-1,-1,-1,0,0,783,2830,1357,14959,13459,115990,2838,1359,14968,2022,110142,205,No
20000,Male,3,0,29,5,4,3,2,3,3,1800,1800,1800,1800,1800,1800,0,0,0,0,0,0,No
180000,Male,1,2,26,0,0,-2,-2,-2,-2,8516,0,0,0,0,0,0,0,0,0,0,0,Yes
100000,Male,2,2,27,0,0,0,0,-2,-2,100591,101568,64480,0,0,1218,3749,2782,0,0,1218,102400,No
200000,Male,2,2,29,0,0,0,0,0,0,60068,50636,41265,49072,11314,11816,2500,2626,9412,500,1000,500,No
400000,Male,1,2,29,0,-1,0,0,0,0,1123,82556,67823,61918,61884,61911,82694,1939,1720,1712,1766,1907,No
400000,Male,2,2,29,0,0,0,0,0,0,79435,75332,128630,69040,64657,54363,3803,2551,2735,2628,1574,1649,No
50000,Male,2,2,25,0,0,0,0,0,0,48336,49377,48626,38587,19089,19485,1855,1804,1713,681,701,785,No
70000,Male,2,2,25,1,3,2,0,0,0,12088,11601,12114,13597,15060,16653,0,1000,2000,2000,2000,2000,No
80000,Male,3,1,31,1,2,0,0,0,0,27653,26703,26856,27844,27480,28061,0,1459,1447,983,1023,1042,No
70000,Male,1,2,29,2,2,2,2,2,2,33786,34730,35878,36392,36990,37751,1800,2000,1400,1500,1500,1600,Yes
20000,Male,2,2,28,3,2,2,2,2,-1,150,150,150,150,150,1150,0,0,0,0,1150,0,No
10000,Male,2,2,28,-1,2,-1,2,3,2,619,619,8642,9151,8023,5475,0,8642,800,107,200,0,Yes
430000,Male,2,2,30,-1,-1,2,0,0,0,28966,29957,29199,30267,49268,48241,5011,0,2000,20000,15000,5000,Yes
40000,Male,2,2,30,-2,-2,-2,-2,-2,-2,0,0,0,0,0,0,0,0,0,0,0,0,No
450000,Male,2,1,29,0,0,0,0,0,0,179547,157945,118192,82644,17720,7068,8101,12029,35524,38,2015,7522,No
10000,Male,3,1,30,1,2,0,0,0,0,9211,8119,7604,7637,6056,2852,0,1176,1000,121,57,5507,Yes
10000,Male,2,2,29,0,0,0,0,0,0,9073,9036,7385,7665,7817,7981,1120,1117,1127,279,289,369,No
80000,Male,1,2,29,0,0,0,0,0,0,79048,80676,78311,80777,79306,79195,3000,3100,7000,3200,3500,3200,No
80000,Male,3,1,29,2,2,0,0,2,4,69578,67871,68782,73955,79128,82275,0,2600,6332,7000,5000,0,Yes
280000,Male,2,2,31,0,0,0,0,-1,0,229780,31275,32868,34292,173487,177195,2000,2100,2500,185957,6500,6100,No
50000,Male,2,2,31,-1,0,0,0,0,0,228,3183,5455,7629,6354,4655,2955,2500,2500,2526,2000,1500,No
20000,Male,3,1,29,1,-2,-2,-2,-2,-2,0,0,0,0,0,0,0,0,0,0,0,0,No
90000,Male,2,2,29,1,-2,-2,-2,-2,-2,0,0,0,0,0,0,0,0,0,0,0,0,Yes
200000,Male,1,2,29,-2,-1,-1,-1,-1,-1,8099,3432,2249,3367,-33,11202,3447,2261,3377,0,11235,2795,No
360000,Male,1,2,30,2,-1,-1,2,-1,-1,2024,428,5306,3603,604,14850,428,5306,0,604,14850,2403,No
50000,Male,2,1,31,-1,-1,2,2,-2,-2,1450,2590,770,0,0,0,2590,0,0,0,0,0,No
130000,Male,1,2,27,2,2,2,0,0,0,73561,70071,68392,69435,67790,69248,3500,0,2798,3500,2627,3000,Yes
80000,Male,3,1,31,0,0,0,0,0,0,65088,65200,61969,40457,42875,44724,3000,4000,3000,3000,4000,3000,No
200000,Male,2,2,29,-1,-1,-1,-2,-2,-2,8951,6595,0,0,0,0,9117,0,0,0,0,0,Yes
150000,Male,2,1,39,1,2,0,0,0,0,9937,9629,10633,10649,10570,10481,0,1175,1135,1000,1000,1000,No
370000,Male,1,1,34,0,0,0,0,0,0,379039,374221,279467,262511,248101,243899,14104,10107,9410,8398,8464,7826,No
310000,Male,2,2,45,-1,-1,-1,-1,-1,-1,124793,1210,31635,1788,1927,553,1217,31967,1796,1936,556,15664,No
240000,Male,1,2,41,0,0,0,0,0,0,24171,26474,28480,30247,30122,27437,3759,3500,3000,982,3437,2044,No
320000,Male,1,1,35,0,0,2,2,2,2,106799,116015,117678,119245,120794,123796,11003,5000,5000,5000,5100,5300,No
50000,Male,2,2,39,3,2,0,0,0,0,51998,50821,46892,33936,9225,9264,0,2343,1548,476,336,348,No
50000,Male,2,1,41,0,0,0,0,0,0,48537,36394,28278,16983,8888,9218,2022,2016,1272,1000,1000,1000,No
50000,Male,3,1,30,2,2,2,0,0,0,15397,17699,17127,18076,17061,17419,2882,0,1259,591,613,608,Yes
80000,Male,1,2,31,0,0,0,0,0,0,72840,74631,77329,78147,79785,76766,9000,5000,3000,3000,2501,3000,No
50000,Male,1,2,32,2,2,2,2,2,2,30559,31753,32847,33308,33755,34565,2000,1900,1300,1300,1500,1500,Yes
150000,Male,2,2,32,2,2,-2,-2,-1,2,90476,0,0,0,138355,130666,0,0,0,138355,0,5200,Yes
130000,Male,1,2,34,0,0,0,0,0,0,30190,31179,30569,28659,26952,15852,1818,2002,1400,600,1000,0,Yes
170000,Male,2,1,34,0,0,0,0,2,2,47956,48854,50068,56691,57367,56322,2000,2000,7500,2200,0,3000,No
170000,Male,3,1,45,0,0,0,0,0,0,165315,170562,170024,32898,34869,73932,8000,4000,3000,2500,5000,3000,No
120000,Male,2,2,25,0,0,2,0,0,0,11147,9757,9423,3345,2929,2520,2446,438,1000,0,7,0,No
30000,Male,3,2,35,1,2,2,0,0,0,29147,30268,29505,29916,14330,29000,1900,0,1300,884,780,0,Yes
220000,Male,2,2,30,0,0,0,2,-1,-1,6229,3516,7413,3697,3703,3500,1000,7397,0,3703,3500,3697,No
50000,Male,2,2,25,2,2,2,0,0,0,19775,21679,18566,19918,19584,18508,3800,0,2000,1500,1000,2000,Yes
30000,Male,2,2,34,2,2,2,0,0,2,10522,10148,8587,8366,8528,7030,1200,0,1200,1500,0,460,Yes
250000,Male,1,2,30,0,0,0,0,0,0,73936,106903,174837,81376,61474,27864,40000,85756,35153,4236,6080,88,No
20000,Male,2,2,29,0,0,0,0,0,0,13229,14237,15580,16304,17059,18056,1233,1576,1300,1000,1400,0,Yes
10000,Male,3,1,30,0,0,0,3,2,0,7470,8315,11267,10626,10160,10052,1141,3258,0,0,357,400,Yes
50000,Male,2,2,41,0,0,0,0,-2,-1,50611,41732,41111,-39,-39,18056,2200,2200,0,0,20000,1000,No
30000,Male,3,1,48,0,0,0,2,2,3,19650,20817,23860,24372,25776,25088,1500,3400,1200,2100,0,0,Yes
20000,Male,2,2,31,2,2,2,2,0,0,13516,13996,14475,14936,15688,16435,1000,1000,1000,1000,1000,700,Yes
200000,Male,2,2,32,0,0,0,0,0,0,196550,178609,180357,168935,88883,88973,8001,6500,6146,3300,2476,5749,No
50000,Male,1,2,33,1,2,2,2,0,0,7148,6887,9602,9304,10835,11658,0,3000,0,2000,1000,1500,No
120000,Male,1,2,35,-1,-1,-1,-1,-1,2,326,326,176,-150,952,476,326,176,0,1428,0,476,No
210000,Male,1,2,40,-1,-1,-1,-1,-1,-1,325,325,325,325,325,325,325,325,325,325,325,325,Yes
180000,Male,3,1,32,0,0,0,0,0,0,181293,177552,182492,180746,131166,114909,6400,8612,7534,5506,4850,5000,No
50000,Male,2,1,32,0,0,0,0,0,0,19606,18516,16481,12518,7538,5854,5027,3053,5040,1000,1016,501,No
70000,Male,3,1,40,0,0,0,0,0,-1,41986,31059,23283,11523,23516,1600,1455,1278,1000,235,1600,4316,No
200000,Male,1,1,44,-2,-2,-2,-2,-2,-2,1640,0,0,0,0,0,0,0,0,0,0,0,No
50000,Male,3,1,46,1,2,2,2,2,2,10960,10487,13108,12601,13391,14027,0,2800,0,1000,1000,0,Yes
230000,Male,2,1,47,-1,-1,-1,-1,-1,-1,996,997,998,-1,999,0,1000,1000,0,1000,0,0,No
30000,Male,1,1,42,1,2,2,2,0,0,20214,19596,21972,21321,21897,22395,0,3005,0,930,1000,2000,Yes
30000,Male,2,2,32,0,0,0,0,0,0,20881,22224,23557,24764,25234,14852,2000,2000,2000,1000,1000,1000,No
150000,Male,2,2,34,-1,0,0,0,-1,-1,204187,222314,5051,4408,1731,1960,20000,1093,1000,1731,2169,1408,No
10000,Male,2,2,30,0,-1,0,-1,-1,-1,1473,3236,4790,390,0,780,3236,2000,390,0,780,0,Yes
150000,Male,1,2,29,0,0,0,0,0,0,4614,6370,9243,10280,10637,10916,2000,3000,1500,527,600,1000,No
360000,Male,1,2,34,1,-2,-2,-1,-1,-1,0,0,0,733,0,1307,0,0,733,0,1307,0,No
50000,Male,2,2,34,0,0,0,0,0,0,48844,49335,49236,43524,27062,27923,1898,1996,2162,2000,1300,2000,No
30000,Male,2,1,39,0,0,0,0,0,0,20893,22206,19273,16469,14670,11214,2007,2000,2000,417,1500,1500,No
360000,Male,1,2,34,-2,-2,-2,-2,-2,-2,2739,1200,3118,0,162,4857,1206,3133,0,162,4881,445,No
150000,Male,1,1,46,0,0,0,0,0,0,150838,152696,136915,139449,140851,142160,6000,5000,7000,5165,5500,6000,No
160000,Male,3,2,28,2,2,2,2,2,0,152626,156752,152858,161801,114389,89684,8100,0,14025,0,5300,500,Yes
30000,Male,2,1,39,0,0,0,0,0,0,28628,29160,21075,17257,15874,9514,2003,2400,1200,317,190,0,No
480000,Male,1,1,47,-1,-1,-1,-1,0,0,10668,-2,454,150198,143388,157758,0,456,150244,2915,24550,100,No
200000,Male,2,1,45,-1,0,-1,-1,0,-1,98974,36829,31707,44433,4155,2114,10000,31727,44626,18,2124,9844,No
50000,Male,3,2,39,-1,-1,-1,0,0,0,238,-152,48257,48455,48195,48828,0,48799,1773,1711,1785,1745,Yes
20000,Male,2,1,32,1,2,2,2,2,0,17913,17328,20353,19966,19056,19445,0,3309,381,0,389,890,Yes
60000,Male,2,1,44,0,0,0,0,0,0,59331,54989,53898,54960,56054,55263,2000,2000,1962,1974,2159,2100,No
200000,Male,1,2,26,0,0,-2,-2,-2,-1,16000,0,0,0,0,-1108,0,0,0,0,40,84628,No
20000,Male,2,1,27,0,0,0,-2,-2,-2,16203,4550,0,0,0,0,2000,0,0,0,0,0,No
440000,Male,3,1,35,0,0,0,0,0,-1,13754,12364,11613,12651,13211,23600,2017,3000,3019,5011,23748,13633,No
100000,Male,1,2,34,-1,2,2,-1,-1,-2,772,772,-8,2562,0,0,0,8,2570,0,0,0,No
100000,Male,2,2,38,0,0,0,0,0,0,95933,96772,97240,98159,97481,97574,4499,4578,4606,3817,3998,3695,No
100000,Male,2,1,48,0,0,2,2,2,2,11574,14570,16045,16508,15969,17733,3500,2000,1000,0,2000,0,No
230000,Male,3,1,46,-2,-2,-2,-2,-2,-2,1313,1414,1258,2565,-5,1100,1421,1264,2577,0,1105,0,No
50000,Male,1,2,37,0,0,0,0,0,0,13191,14659,17097,18207,20580,22577,2000,3000,1700,3000,2500,5000,No
30000,Male,2,1,41,1,2,0,0,0,0,14110,13591,14309,15320,15774,15950,0,1244,1255,709,578,741,No
140000,Male,2,2,32,1,2,2,2,2,3,67923,69412,67734,73079,75255,75757,3200,0,6500,4000,2000,3000,Yes
60000,Male,3,2,43,0,0,0,0,0,0,55800,53216,43077,36197,34283,20395,1782,1850,1318,5822,794,2000,No
50000,Male,3,1,41,1,2,2,2,0,0,26915,26184,29261,28444,28878,27655,0,3500,0,1100,1100,2000,No
350000,Male,2,2,36,0,0,0,0,0,0,249663,230738,232382,234254,211309,210897,8026,9503,9015,7511,8011,7361,No
20000,Male,3,1,44,2,2,2,2,2,0,11623,12436,12943,15428,14883,15494,1300,1000,2700,0,850,850,Yes
20000,Male,2,2,30,0,0,0,0,0,0,16320,28674,15491,16299,16428,0,1238,1392,1200,329,0,0,No
20000,Male,2,1,41,1,2,2,2,0,0,19951,19314,20526,19360,19660,6000,0,2976,0,500,120,780,Yes
110000,Male,3,1,34,0,0,0,0,0,0,23751,25068,26351,26996,27754,28597,1717,2000,2000,1500,2000,5000,No
200000,Male,1,1,44,-1,2,2,-2,-2,-2,655,265,-125,-515,-905,-905,0,0,0,0,0,0,Yes
260000,Male,2,1,46,2,2,2,2,2,2,82683,84424,86472,87157,88526,90355,4000,4300,3000,3700,3400,3600,Yes
150000,Male,2,1,36,2,2,0,0,0,0,88655,86333,88931,92441,102903,105240,0,4000,5000,12000,4000,6000,Yes
50000,Male,2,2,33,0,0,0,0,0,0,23142,28202,30610,30227,18413,17195,5494,3202,3502,3200,2500,3000,No
150000,Male,2,2,35,-1,-1,-1,-1,-1,0,13059,11526,18301,15858,2744,2144,11526,18305,15861,2744,0,19682,No
250000,Male,1,2,35,2,2,2,2,2,2,153798,164692,160658,180382,182914,186838,15000,0,24000,7000,7000,6700,Yes
50000,Male,5,2,49,0,0,0,0,0,0,36869,31255,28040,20799,9584,9788,1615,2507,10814,344,359,401,No
50000,Male,2,1,47,0,0,0,0,0,0,38830,35866,30260,19187,19324,19192,1600,8820,1293,820,700,689,No
50000,Male,3,3,44,2,2,2,3,2,2,41755,40793,44084,44763,44939,46078,0,3949,1700,1200,2000,2000,No
80000,Male,3,2,40,1,2,2,2,2,2,81053,79337,82698,81467,49150,51303,300,6200,2139,0,4000,0,No
20000,Male,3,1,49,0,0,0,0,0,0,11572,27270,14375,15200,20000,16560,2820,4000,1200,5000,10000,0,No
220000,Male,2,1,47,2,4,3,2,2,2,233756,216591,197022,198088,187000,179703,3000,0,6000,0,14004,0,Yes
120000,Male,3,1,39,-1,2,2,0,0,3,12190,13091,12591,17366,22064,21432,1400,0,5000,5000,0,0,Yes
30000,Male,3,1,47,0,0,0,-1,0,0,118587,89271,91157,30420,30384,29774,6624,3000,31959,1052,1062,1114,No
50000,Male,2,2,43,0,0,0,0,0,0,50756,50552,49465,40020,10407,9037,1934,1917,2500,500,500,1000,No
50000,Male,3,2,42,2,0,0,0,0,2,4864,5876,6898,7910,8681,8397,1252,1274,1286,1057,0,306,No
230000,Male,2,1,45,0,0,0,0,-1,-1,42770,22080,16740,14029,1439,2269,2000,1347,3078,1509,9000,8000,No
280000,Male,2,2,33,0,0,0,0,0,0,265120,238661,223383,162196,165129,168295,9104,9401,6001,6001,6201,6201,No
70000,Male,1,2,43,0,0,0,0,0,0,68228,65935,67454,67592,36515,37426,2378,2600,2613,1500,1500,1500,No
120000,Male,2,1,40,-1,0,0,0,0,0,112123,114344,117684,117344,58800,0,4089,5179,2543,1176,0,0,No
170000,Male,1,2,39,0,0,0,0,0,0,138811,136227,136893,122820,120550,102054,5505,4849,4614,4600,3704,4506,No
30000,Male,3,1,41,1,2,2,0,0,0,17301,18015,17437,18448,18815,19210,1295,0,1306,673,698,1547,No
20000,Male,2,1,33,0,0,0,2,2,-2,18706,17483,19509,18828,0,0,1275,3081,0,0,0,0,Yes
20000,Male,3,2,35,0,0,0,0,0,0,16500,17012,18181,19331,19113,17996,1281,1450,1600,382,383,345,No
220000,Male,1,2,39,3,2,0,0,0,2,184140,187089,189680,193561,205161,205477,7500,7100,7203,15000,3500,4500,Yes
50000,Male,2,2,44,0,0,0,0,-1,-1,20995,21743,22300,4067,1290,0,3000,3007,1000,1290,0,0,No
300000,Male,6,1,46,0,0,0,0,0,-1,289299,297003,300153,9250,6088,2497,15000,13274,1010,185,2497,2497,No
430000,Male,2,2,29,-2,-2,-2,-2,-2,-2,1442,3058,0,980,0,0,3058,0,980,0,0,1030,No
30000,Male,2,1,36,-1,2,-1,-1,-1,-1,1226,390,390,390,390,0,0,390,390,390,0,780,Yes
20000,Male,3,3,46,0,0,0,0,0,0,14075,15523,17264,18325,15680,0,2000,2000,1500,500,0,0,No
210000,Male,1,1,40,0,0,0,0,0,0,119752,114952,108857,103789,96250,95788,10030,6053,10036,6027,10028,10030,No
80000,Male,2,1,31,0,0,0,0,0,0,47464,49665,50538,53314,27962,27873,3000,2000,29000,2004,2000,2000,Yes
30000,Male,3,2,31,0,0,0,0,0,0,28275,29772,27821,28075,29682,28001,2000,2000,2000,2014,2000,2000,No
220000,Male,1,1,47,2,2,2,0,0,0,165665,163494,162360,134989,124915,84959,2008,6000,6000,4000,2852,9000,Yes
80000,Male,2,2,32,0,0,0,0,0,0,22753,25046,23466,25689,29820,22082,3000,3000,3000,4500,830,2000,No
480000,Male,2,1,31,0,0,0,0,0,0,55346,58411,58883,59452,61168,56931,4000,3000,3000,3000,3000,3000,No
150000,Male,1,2,33,0,0,0,0,0,0,94020,78038,63176,52807,34199,32061,3040,5000,10116,5000,6000,3000,No
60000,Male,3,1,31,1,2,0,0,-2,-2,36243,35369,35320,0,0,0,0,1027,0,0,0,0,No
50000,Male,3,2,34,1,2,2,2,2,2,33776,34824,33988,36311,36918,36191,1900,0,3200,1500,0,3000,Yes
180000,Male,3,1,42,0,0,0,0,0,0,177027,173635,172514,157768,126964,125456,7003,6500,7507,4500,5000,5000,No
100000,Male,2,1,39,0,0,0,0,-2,-2,10603,11735,12460,0,0,0,1315,1040,0,0,0,0,Yes
50000,Male,3,1,49,0,0,0,0,0,0,49331,46429,47446,39516,17643,32230,2000,3030,4000,2000,2800,2936,Yes
20000,Male,3,1,40,0,0,0,0,0,0,8151,9011,10858,12670,13157,13742,1153,2000,2000,1000,800,1000,No
50000,Male,2,1,30,0,0,0,0,0,0,48591,37944,50135,49526,19686,19374,12000,13000,5000,4010,6000,3000,No
200000,Male,2,1,31,-2,-2,-2,-2,-2,-2,6926,1747,642,0,0,0,1747,642,0,0,0,500,No
180000,Male,2,2,32,0,0,0,0,-2,-2,22832,19517,11988,0,0,0,1429,1000,0,0,0,0,No
320000,Male,1,2,33,1,-2,-2,-2,-2,-2,0,0,0,0,0,0,0,0,0,0,0,0,Yes
200000,Male,3,2,48,0,0,0,0,-1,-1,87035,79529,67675,56519,11884,14343,2915,2646,2208,12503,14869,0,No
20000,Male,2,2,41,0,0,0,2,2,0,10142,10869,13940,14755,14223,15337,1200,3250,1340,0,1500,5000,Yes
200000,Male,1,2,38,-2,-2,-2,-2,-2,-2,5607,0,316,499,672,100,0,316,499,672,100,0,No
20000,Male,3,2,40,1,-2,-2,-2,-2,-2,0,0,0,0,0,0,0,0,0,0,0,0,No
80000,Male,2,1,43,0,0,0,0,0,0,44620,33729,40350,38812,33459,31650,1582,15350,1491,3459,1650,9028,No
80000,Male,3,1,42,-2,-2,-2,-2,-2,-2,-1590,-6256,-10922,-15588,-20254,-24920,4666,4666,4666,4666,266,0,No
20000,Male,2,2,37,-1,-1,0,0,0,0,830,17597,17840,16342,16428,18167,17597,1332,1134,1000,2000,0,No
300000,Male,1,1,42,-1,-1,-1,-2,-2,-2,1653,1734,0,0,0,0,1734,0,0,0,0,0,No
30000,Male,2,2,35,1,3,3,2,0,0,25601,26886,26185,25470,25751,27179,2000,0,0,1000,2000,1000,No
140000,Male,2,1,49,0,0,0,0,0,0,35815,36800,37344,37933,38522,38519,1590,1926,1911,1500,1541,1559,No
80000,Male,1,1,36,1,2,3,2,-1,-1,8415,10305,9979,1261,1261,1261,2181,0,0,1261,1261,1261,Yes
20000,Male,2,1,45,0,0,0,0,-2,-2,13243,11699,12372,0,-800,0,1500,5017,0,0,800,0,No
70000,Male,2,1,35,0,0,0,0,0,0,69388,70480,66646,69641,46458,50679,3439,3237,4938,1693,5000,2200,Yes
320000,Male,2,2,36,0,0,0,0,0,0,318022,321560,150062,139555,116315,106541,10810,4746,4241,3275,3265,2865,No
80000,Male,2,1,46,0,-1,-1,2,-1,0,31290,780,390,780,780,390,780,390,0,1560,0,390,No
80000,Male,2,1,41,0,0,0,0,0,0,15824,12781,9994,10704,9201,6275,2000,2000,4000,1000,1000,1000,No
50000,Male,2,1,45,0,0,0,0,0,0,49573,49417,49085,33156,19344,18930,2245,1652,1497,10580,685,704,No
50000,Male,3,1,42,2,0,0,2,0,0,10343,12161,15061,14400,16000,18000,2000,3100,0,2000,2000,0,Yes
20000,Male,2,1,38,0,0,0,0,0,0,14966,16278,17012,17992,18350,18738,1565,1299,1279,637,663,1469,No
120000,Male,1,1,42,2,2,0,0,2,0,63598,61987,64373,69164,67453,72997,0,4000,6500,0,6639,4000,No
50000,Male,2,3,34,0,0,0,0,0,0,8603,7757,8742,6041,5383,0,1200,1141,1006,0,0,0,No
100000,Male,3,2,35,1,2,0,-1,-1,-1,23704,21774,21818,1261,1261,1261,0,2000,1261,1261,1261,1651,Yes
40000,Male,2,1,38,3,2,0,0,2,0,38291,37380,38180,40524,39720,39860,0,1706,3050,0,1565,1278,Yes
190000,Male,2,1,39,2,2,2,2,0,0,166611,170196,172122,167858,171192,174937,7820,6100,0,6127,6503,6500,Yes
10000,Male,3,1,39,1,2,0,0,0,0,10866,10094,9212,9633,9550,9334,0,1201,1062,254,288,365,Yes
50000,Male,3,1,43,0,0,0,0,0,0,50444,49654,49921,50512,20071,20277,2000,2050,1641,1000,1000,1000,No
20000,Male,2,2,34,0,0,0,2,0,0,17676,17650,18740,18373,18768,19315,2000,2500,1000,1000,1000,2000,No
120000,Male,3,2,37,-2,-2,-2,-2,-2,-2,2284,2007,1371,4639,360,2650,2007,1371,4639,360,2650,1947,No
310000,Male,1,2,31,0,0,0,0,0,0,279711,266417,271746,260673,199746,182994,10143,24932,10440,6265,6275,5830,No
240000,Male,3,2,45,1,2,0,0,0,0,221341,213264,207403,201331,195040,188968,7000,7500,7300,7000,7000,5869,No
50000,Male,2,1,47,1,-1,2,2,-1,-1,-658,46342,25600,-400,40000,0,47000,0,0,20400,0,0,Yes
210000,Male,1,2,40,-1,-1,-1,-1,-1,-1,1535,2652,179,1326,1326,1326,2652,179,1326,1326,1326,4182,Yes
60000,Male,2,1,31,1,2,2,2,0,0,16253,15695,18440,17838,17417,22102,0,3000,0,1000,5000,1000,No
20000,Male,2,2,31,0,0,0,0,2,2,13192,14202,15237,17164,17294,16110,1230,1265,2192,694,0,3134,Yes
50000,Male,2,2,43,0,0,0,0,0,0,50785,48709,50981,45793,46555,38816,3000,4414,1500,1042,2000,0,Yes
30000,Male,2,2,39,0,0,0,0,0,0,24065,25660,26257,27641,29335,10493,2005,2000,2000,2000,1000,1000,Yes
60000,Male,1,2,29,1,2,2,0,0,2,43434,44522,43222,43588,46564,47369,2100,0,1708,4000,2000,1903,Yes
90000,Male,2,2,29,0,0,0,-2,-2,-2,70559,51550,0,0,0,0,3000,0,0,0,0,0,No
30000,Male,2,1,32,0,0,0,0,0,2,12452,13439,14420,15838,17331,16973,1500,1500,2000,2000,0,3600,Yes
30000,Male,2,2,37,3,2,2,7,7,7,2379,2379,2379,2379,2379,2379,0,0,0,0,0,0,Yes
220000,Male,3,1,39,2,2,2,2,2,2,175808,179399,183039,185541,187984,191837,8000,8000,7000,7000,7000,0,Yes
250000,Male,5,1,39,-2,-2,-2,-2,-2,-2,14310,3697,0,0,0,0,3700,0,0,0,0,0,No
450000,Male,1,1,42,-1,0,-1,-1,-1,-1,2549,20499,2499,2499,0,11071,20449,2499,2499,0,11071,780,No
30000,Male,2,2,34,2,0,0,4,3,2,18402,19785,24633,23961,23289,22779,2000,5500,0,0,0,3400,No
220000,Male,2,1,37,0,0,0,0,0,0,13429,15688,17922,20111,22261,24392,2500,2500,2500,2500,2500,2500,No
300000,Male,1,2,30,-2,-2,-2,-2,-2,-2,901,901,901,1075,0,66,901,901,1075,0,66,66,No
500000,Male,2,2,30,0,0,0,0,0,0,135634,135796,133712,136069,67837,69514,5034,6000,5355,3500,2513,5000,No
110000,Male,2,2,32,0,0,0,0,0,-2,42015,38897,29059,20799,-1961,-1961,1575,1377,1007,0,0,66296,No
10000,Male,3,1,41,1,4,3,2,0,0,10711,10399,10092,9700,10000,9900,0,0,0,302,0,0,No
230000,Male,2,1,34,-1,-1,-1,-1,-1,-1,1344,-6,2190,3475,1791,2993,0,2196,3485,1796,3002,2601,No
20000,Male,2,2,35,1,2,2,2,2,2,15668,15119,17976,19088,18500,20712,0,3108,1700,0,3500,0,Yes
50000,Male,2,1,38,-1,-1,-1,-1,0,-1,1930,305,6270,6396,6596,3488,305,6270,6396,2200,3488,0,No
200000,Male,1,2,40,0,0,0,0,0,0,66052,68994,70825,73902,74943,76996,3800,3300,4000,2600,3000,3000,No
80000,Male,2,1,37,1,-2,-2,-2,-2,-2,0,0,0,0,0,0,3000,0,0,0,0,0,No
50000,Male,3,2,43,-1,-1,-1,0,-1,-1,4166,4166,4216,4166,4166,4166,4166,4216,4116,4166,4166,4166,No
50000,Male,2,1,49,1,2,0,0,0,0,16747,16181,17912,19606,20969,25302,0,2000,2000,2000,5000,0,Yes
110000,Male,1,2,29,0,0,0,0,0,0,110721,111242,105199,104587,49001,45093,3938,5720,3078,2000,2000,2000,Yes
110000,Male,2,1,38,0,0,0,0,0,0,42617,42229,42214,41405,40846,40385,1678,2023,1574,1375,1468,1649,No
220000,Male,2,1,36,0,0,0,0,0,0,87431,114959,110700,58674,50247,85500,50005,20010,2481,20000,55827,34675,No
140000,Male,3,1,38,0,0,0,0,0,0,138329,138072,136377,106241,96986,94665,6806,4744,4546,3672,3602,4006,No
50000,Male,2,2,43,0,0,0,0,-2,-2,34326,34110,3552,0,0,0,3000,3505,0,0,0,0,No
100000,Male,2,1,40,2,2,2,2,2,0,70762,69025,74489,78660,76797,78404,0,6600,6000,0,3000,3100,Yes
50000,Male,3,2,32,0,0,0,0,0,0,49760,51105,48516,19078,19220,19514,2189,1600,1600,700,700,857,Yes
40000,Male,2,2,33,0,0,-2,-2,-2,-2,23330,0,0,0,0,0,0,0,0,0,0,0,No
180000,Male,2,1,34,-1,-1,-1,-1,-1,-1,13067,6170,3439,1193,381,1516,6170,3444,1193,381,1516,542,No
80000,Male,3,2,34,0,0,0,0,0,0,45876,46565,47967,48804,49624,50031,1752,2154,1991,1811,1742,2000,No
30000,Male,2,2,34,0,0,0,0,0,0,26774,28014,29248,29254,19837,14793,2000,1694,1200,8697,2000,1000,No
230000,Male,2,1,35,0,0,-1,-1,-1,0,30798,28806,2425,2425,3850,2425,1000,2425,2425,3850,1000,15244,No
20000,Male,6,2,41,0,0,0,2,0,0,20101,20086,20221,19627,18948,0,1318,1973,1000,600,0,0,No
350000,Male,3,1,44,-1,-1,-1,-1,-1,-2,2161,7230,3301,4301,15,684,7426,3306,4301,15,684,2713,No
20000,Male,2,1,38,1,2,2,2,2,2,9599,9296,11813,11327,12137,11799,0,2676,0,1000,0,582,No
130000,Male,2,2,36,0,0,0,0,0,-1,91016,36706,19802,11515,4261,45718,1848,1394,1015,99,47657,1681,No
50000,Male,2,1,37,0,0,0,0,0,0,47832,49020,48272,49264,26206,27823,2000,3000,2000,1000,2000,2000,Yes
20000,Male,2,1,40,0,0,0,2,0,0,12129,12919,14810,15267,15714,16308,1300,2100,1000,1000,1000,1000,Yes
150000,Male,1,1,43,-2,-2,-2,-2,-1,-1,1000,0,0,1522,5014,1000,0,0,1522,5014,1406,0,No
230000,Male,2,1,46,0,0,0,0,0,0,117255,109450,109794,109143,107996,109230,5400,5505,5505,4000,4500,5000,No
50000,Male,2,1,46,0,0,0,0,0,0,43719,44290,41245,42081,20328,20391,1700,1924,2015,1000,663,10000,No
120000,Male,3,1,49,0,-1,-1,-1,-1,-1,119440,3844,2290,780,8190,4600,3844,2299,780,8190,4600,1081,Yes
20000,Male,2,1,43,2,2,2,2,0,0,17233,18639,20035,19333,18135,14366,2000,2000,0,1000,500,1950,Yes
10000,Male,2,1,45,1,2,2,2,2,0,7953,9164,8876,10009,7169,8842,1500,0,1500,0,3000,2000,No
50000,Male,1,2,29,2,2,2,0,0,-2,7881,10415,3997,1047,0,0,3000,0,1000,0,0,0,Yes
360000,Male,1,2,30,-2,-2,-2,-2,-2,-2,1246,17234,387,776,810,0,17328,388,779,814,0,0,No
100000,Male,5,1,38,0,0,0,0,0,0,101330,100278,100733,96038,94646,96631,3824,4311,3648,3370,3492,3614,No
30000,Male,2,2,43,2,2,2,2,2,2,14697,17332,16770,18483,17888,19097,3200,0,2300,0,1500,0,Yes
150000,Male,1,2,35,0,0,0,0,0,0,114997,118821,121362,124687,125223,98890,4884,5100,6000,3142,3300,3323,No
80000,Male,3,1,48,0,0,0,0,0,0,76288,71659,67528,64035,60612,57532,3003,2403,3003,3001,2401,3109,No
20000,Male,2,2,43,0,0,0,0,0,0,19656,30177,16263,17287,17699,18413,1300,2600,1300,700,1000,700,No
50000,Male,2,1,40,1,2,0,0,0,0,49039,47949,49235,49577,17063,17634,0,2058,1400,762,1000,650,Yes
50000,Male,1,2,45,0,0,0,0,0,0,42931,45556,43809,36493,20069,20210,6004,1805,1255,1003,1111,3002,No
100000,Male,2,2,45,2,2,2,2,0,0,65781,60114,59478,54336,50640,49113,0,4817,6,1700,3650,0,Yes
20000,Male,3,2,40,0,0,0,0,0,0,16884,17891,19078,19800,20000,0,1291,1478,1200,400,0,0,No
150000,Male,1,1,41,2,2,2,2,0,0,116699,113358,124745,121249,124237,132252,0,14779,0,5000,10000,5000,Yes
20000,Male,2,1,45,0,0,0,0,0,0,19473,19868,16749,17538,13840,7370,1896,1417,1206,284,147,4937,No
390000,Male,2,2,33,0,0,0,0,0,0,30209,31193,31440,38001,48301,28131,1804,2561,8122,11000,20015,1002,No
80000,Male,2,1,36,3,2,2,4,4,3,600,600,600,600,600,300,0,0,0,0,0,0,Yes
270000,Male,1,2,35,1,-2,-2,-2,-2,-2,-12,-12,-12,-12,-12,-12,0,0,0,0,0,0,No
20000,Male,2,1,37,0,0,0,0,0,0,15429,16436,17584,18166,8190,8190,1270,1418,1000,3144,0,0,No
150000,Male,2,1,45,2,3,3,2,0,0,152180,157719,155368,123906,128597,105967,9500,2000,0,8000,9000,15000,No
50000,Male,1,2,36,0,0,0,0,0,0,49750,48854,47892,49439,48630,49160,2100,2000,2500,2413,2000,1987,No
160000,Male,1,1,47,1,2,2,2,2,3,58706,57384,59875,61518,65152,64074,0,3200,3000,5000,0,3000,Yes
150000,Male,3,1,40,0,0,0,0,0,0,121544,123615,126733,130241,132466,134808,5000,4533,5000,3724,3829,3900,No
500000,Male,1,1,46,0,0,0,0,0,0,11471,13270,14245,15199,20980,18255,2000,1500,1219,6000,1000,1000,No
220000,Male,1,1,35,-1,-1,-1,-1,0,-1,753,6213,762,5106,700,1364,6220,762,5806,0,1364,500,Yes
280000,Male,1,1,46,1,-2,-1,-1,-1,-1,0,0,26330,6880,797,4898,0,26330,6880,797,4898,3680,Yes
30000,Male,1,2,38,1,2,0,0,0,0,96258,69707,71904,62630,57406,46231,0,4000,5000,8000,1460,40000,No
500000,Male,3,2,36,0,-1,-1,-1,-1,0,9001,1687,1409,16200,19880,9110,1702,1422,16281,20062,500,25070,No
360000,Male,2,1,40,-2,-2,-2,-2,-2,-2,0,256,0,425,1529,0,256,0,425,1529,0,590,No
400000,Male,1,1,38,1,2,2,2,-1,0,36838,26214,16199,3320,111353,103569,65,3383,20,112679,3699,3567,No
350000,Male,2,1,43,-2,-2,-2,-2,-2,-2,6088,3405,7763,20573,2367,11486,3436,7813,20604,2376,11493,13885,No
20000,Male,2,2,36,1,4,3,3,2,3,15557,15015,16079,15528,16477,15930,0,1600,0,1500,0,0,Yes
110000,Male,2,1,36,1,2,0,0,0,0,112875,108481,108418,105373,71733,61020,0,4308,3196,2536,2322,2001,No
30000,Male,3,2,31,1,3,2,0,0,0,31405,30588,26860,21165,21281,22938,0,0,1646,762,2000,0,Yes
20000,Male,2,2,45,0,0,0,0,0,0,19856,20007,20319,20638,20025,15463,1316,1458,1277,494,427,4000,Yes
180000,Male,1,1,42,-2,-2,-2,-2,-2,-2,0,0,0,0,0,0,0,0,0,0,0,0,No
140000,Male,2,2,48,0,0,2,2,2,0,119965,124944,124901,129675,121292,121343,8506,4706,9463,16,5002,10006,No
300000,Male,1,2,43,-1,-1,-1,-1,0,0,163,2508,8534,14378,16245,19047,2508,8534,14378,4000,6550,0,No
240000,Male,3,2,41,0,0,0,0,0,0,218435,205981,187258,189435,145032,147370,5778,17020,5268,4179,4903,4236,No
160000,Male,2,1,41,-1,-1,-1,-1,0,-1,326,1306,326,79652,326,49326,1306,652,79652,0,49326,326,Yes
500000,Male,2,1,38,0,0,0,0,-1,0,49201,59372,49677,49515,42568,48268,30107,10026,7241,50091,25000,5078,No
50000,Male,2,1,45,0,0,0,0,0,0,50297,49944,48030,32097,31450,29695,1939,1547,1464,1078,1225,1500,No
50000,Male,2,1,39,1,2,2,3,2,0,26094,25376,29548,28786,28024,28772,0,4600,0,0,1200,1200,No
100000,Male,0,2,37,0,0,-2,-2,-2,-2,7642,0,0,0,0,0,0,0,0,0,0,0,No
150000,Male,2,2,38,-2,-2,-2,-2,-2,-2,6682,2659,2178,1536,626,621,2669,2184,1542,626,621,1591,No
290000,Male,1,1,36,1,-2,-1,-1,0,0,0,0,568,16166,16726,17427,0,568,16166,1000,1000,1000,No
50000,Male,2,1,33,0,0,0,0,0,0,49916,50240,26443,30768,10778,10989,2000,2000,5000,1000,1000,0,No
80000,Male,2,1,39,0,0,0,0,0,0,37712,38713,39750,40771,42087,43409,1626,1663,1684,2000,2000,2000,No
260000,Male,2,2,33,0,0,0,0,0,-1,19152,19934,21693,25492,29876,416,5000,5000,5000,5000,416,566,No
150000,Male,1,2,37,2,2,2,2,2,2,36148,36858,35985,38687,37765,40352,1600,0,3300,0,3200,1700,Yes
300000,Male,2,2,37,-2,-2,-1,-1,-1,-1,11669,27719,63037,1137,3916,4803,27963,63354,1140,3939,4817,5692,No
120000,Male,1,2,33,1,-2,-2,-1,-1,-2,0,0,0,600,0,0,0,0,600,0,0,0,No
90000,Male,2,2,38,0,0,0,0,0,0,17621,18718,19809,20874,21228,21736,1700,1700,1700,1000,1000,1000,No
200000,Male,1,1,42,-2,-2,-2,-2,-2,-2,-200,-200,-200,-200,2472,0,0,0,0,2672,0,1862,No
200000,Male,0,2,40,1,-2,-1,-1,-1,-2,0,0,200,1000,0,0,0,200,1000,0,0,0,No
280000,Male,1,2,33,0,0,0,0,0,0,167272,182401,196314,170380,187450,204331,18000,18000,10000,20000,20000,20000,No
430000,Male,1,2,34,0,0,0,0,0,0,416678,424740,434836,378571,228568,232668,16005,18016,16005,9005,9013,8010,No
190000,Male,3,1,34,0,0,0,0,0,0,187780,189924,192232,186472,190262,193403,6781,7071,6744,6866,7203,7182,No
50000,Male,3,2,38,1,2,0,0,0,0,38811,33993,35365,15426,17157,21842,0,2077,2000,2000,5000,0,No
20000,Male,3,2,46,0,0,0,0,0,0,9784,11195,12542,13619,14415,15281,1885,1838,1300,1000,1074,183,No
100000,Male,3,2,45,-1,-1,0,0,0,0,10380,71944,72486,73717,74402,73187,72024,4028,6006,3018,3000,3008,No
370000,Male,1,2,37,-2,-2,-2,-2,-2,-2,12913,3409,2070,1895,2214,29613,3409,2070,1895,2214,29613,535,No
320000,Male,4,2,36,-2,-2,-2,-2,-2,-2,2860,16021,0,0,0,0,16021,0,0,0,0,0,No
80000,Male,1,1,33,0,0,0,0,0,0,45524,62969,36217,36386,41596,27635,2000,10000,2000,6500,8000,5000,No
100000,Male,1,1,35,1,-2,-2,-2,-2,-1,0,0,0,0,0,970,0,0,0,0,970,830,Yes
180000,Male,2,1,42,2,0,0,0,0,0,26883,27884,28958,29864,30632,31274,1452,1526,1432,1200,1072,1326,Yes
90000,Male,3,1,46,0,0,0,0,0,0,91092,91229,66730,44850,29257,24755,4000,3000,2000,638,2000,500,No
170000,Male,2,1,39,0,0,0,0,0,0,142509,143339,125864,112300,110371,113685,5000,20000,6000,5000,5000,3000,No
80000,Male,2,1,50,0,0,0,0,0,0,72269,75007,67150,44374,48974,35396,4000,3000,5000,37000,2000,2000,No
20000,Male,3,1,50,0,0,0,0,0,2,19657,20141,17703,18954,19582,19866,1273,1321,1572,1200,700,400,No
50000,Male,2,2,60,0,0,0,0,0,0,51078,50649,36384,32913,9397,9755,2013,2505,2100,500,500,500,No
20000,Male,2,2,50,1,2,3,2,2,3,10056,12571,12086,11595,13197,12700,3000,0,0,1800,0,0,Yes
390000,Male,1,1,64,0,0,0,0,0,0,38383,38134,38679,39689,40472,41320,1608,1647,1657,1440,1496,1518,No
80000,Male,3,1,59,0,0,0,0,0,0,78651,80199,82036,82031,81535,81586,3454,3725,3722,3228,3281,3374,No
350000,Male,2,1,51,0,0,0,0,0,0,343842,107315,355925,353074,223209,207743,15000,340000,20000,9000,8000,14000,No
320000,Male,1,1,51,0,0,0,0,0,0,483184,290784,277482,282869,253903,249866,20373,13000,11160,8418,8325,8602,No
50000,Male,3,1,52,2,2,2,2,4,3,36428,37530,38630,41774,40806,41357,2000,2000,4086,0,1500,1000,No
260000,Male,2,1,62,-1,-1,-1,-1,-1,-1,390,390,390,390,390,390,390,780,390,390,390,390,No
200000,Male,2,1,55,0,0,0,0,0,0,169287,172655,178858,180101,173138,176920,6177,8982,6758,6257,6633,6115,No
30000,Male,2,1,49,-1,-1,2,-1,-1,-2,390,1358,578,340,-50,-440,1936,0,340,0,0,0,Yes
320000,Male,2,1,50,0,0,0,0,0,0,277884,281848,288726,293969,247873,250870,10100,11422,11006,10011,9091,7026,No
30000,Male,3,3,52,1,2,2,3,2,2,23819,23144,28066,27321,27571,29300,0,5637,0,1000,2332,0,Yes
90000,Male,3,2,50,0,0,0,0,0,0,80926,76495,71616,60177,54440,45788,3451,3243,2390,1840,1690,1954,No
180000,Male,2,1,52,-2,-2,-1,0,0,-2,360,345,139740,15631,2777,2160,345,139770,1000,2777,2160,3424,No
50000,Male,1,2,50,0,0,0,-1,-1,-1,47155,23882,10054,3122,8471,6315,2000,4038,3129,8471,12508,19216,No
60000,Male,2,1,52,0,0,0,0,0,0,58682,56893,58170,56539,29425,28013,3762,3000,2000,1000,1000,1500,No
50000,Male,2,2,53,0,0,0,0,0,0,48353,48005,49115,48688,48927,49106,2000,2581,1900,1919,1887,1127,No
50000,Male,3,1,55,-1,-1,-1,-1,-1,-1,390,390,390,390,390,390,390,390,390,390,390,390,No
20000,Male,3,1,53,3,2,2,7,7,7,2255,2255,2255,2255,2255,2255,0,0,0,0,0,0,Yes
350000,Male,1,1,58,-2,-2,-2,-2,-2,-2,500,4063,-25,-25,-25,-25,4063,0,0,25,0,0,No
200000,Male,2,1,52,0,0,0,-2,-2,-2,150603,153900,0,0,0,0,7000,0,0,0,0,0,No
360000,Male,2,1,50,-2,-2,-2,-2,-2,-2,28595,0,2500,0,0,0,0,2500,0,0,0,0,No
20000,Male,3,2,59,2,2,2,2,4,3,16357,19074,18482,20329,19616,19303,3000,0,2300,0,0,0,Yes
90000,Male,3,1,55,0,0,0,0,0,0,30789,31791,32827,33877,35311,36738,1514,1550,1600,2000,2000,2500,No
370000,Male,3,2,66,0,0,0,0,0,0,258397,236235,204503,201259,157159,152357,9661,9599,8683,6970,56032,6025,No
180000,Male,1,2,51,0,0,0,0,0,2,134327,123211,118587,118482,119952,110003,6015,6005,5702,7509,14,5011,Yes
20000,Male,3,3,59,2,0,0,0,0,0,15281,16316,17347,18055,18755,20299,1596,1600,1300,1000,2000,0,Yes
30000,Male,1,1,57,2,0,0,2,3,2,22957,23978,26749,28085,27344,26768,1707,3478,2073,0,0,1129,Yes
60000,Male,3,1,54,0,0,0,0,0,-1,58432,58312,59388,29941,1341,1876,20000,3000,3000,1000,2000,25000,No
230000,Male,2,1,51,2,0,0,0,0,0,204643,197993,84076,77766,70066,62865,5805,2965,3500,2600,2500,1901,No
50000,Male,3,1,57,2,0,0,0,0,0,18275,18494,16978,16282,17363,8833,1509,2003,1200,1281,1512,2308,No
30000,Male,5,1,56,0,0,0,-1,-1,-1,29060,23546,0,1473,780,0,1030,0,1473,780,0,1320,No
10000,Male,2,1,50,1,2,0,0,0,0,10171,8150,8446,8067,8227,8400,2,1281,1134,294,305,1000,No
170000,Male,5,1,56,0,0,0,0,0,0,86229,134760,132615,131213,129293,128379,55000,5012,5000,4516,5000,5000,No
50000,Male,2,1,61,2,-1,-1,-1,-1,-1,390,390,390,390,390,390,390,390,390,390,390,390,Yes
20000,Male,3,2,57,2,0,0,2,3,2,9918,11442,15926,16668,16109,15709,2000,5000,1300,0,0,1000,No
20000,Male,2,2,50,-1,-1,0,0,0,-2,1956,16568,15586,12800,0,0,16573,1551,5060,0,0,0,No
190000,Male,3,1,50,0,0,0,0,2,0,102648,106410,108770,115325,112063,114484,5400,5491,9800,0,4300,8700,No
270000,Male,1,1,50,2,4,3,3,2,2,213616,208784,212058,207226,202394,231339,0,8000,0,0,32236,3000,No
480000,Male,2,2,51,-2,-2,-2,-2,-2,-2,2900,17646,0,15620,5200,1355,17646,0,15620,5200,1355,2750,No
380000,Male,3,1,52,0,0,0,0,0,0,145445,144908,147940,151488,154975,159477,6000,5362,6000,6000,7000,10000,No
20000,Male,3,1,49,0,0,0,-2,-2,-2,10823,11180,0,0,0,0,1400,0,0,0,0,0,Yes
50000,Male,2,1,48,2,2,2,2,2,2,42807,44489,45470,46424,45377,48441,2700,2000,2000,0,3800,0,Yes
280000,Male,3,1,52,0,0,0,0,0,0,247868,251246,258032,263163,267083,272706,9000,10842,10928,9700,10000,10125,Yes
240000,Male,1,1,65,0,0,0,0,0,0,146696,149707,151780,152373,145763,148276,6930,6000,6000,6000,5500,6000,No
110000,Male,2,1,54,2,2,2,2,2,2,55753,56839,58039,58792,59620,60819,2600,2700,2300,2400,2300,2400,Yes
200000,Male,1,1,53,0,0,0,0,0,0,66012,68099,70387,71929,58133,40500,2500,2700,2242,2093,1300,0,No
140000,Male,1,1,56,-1,-1,-1,-1,-1,-1,1862,7465,1744,1700,1700,4584,7465,1744,1700,1700,4584,1550,No
260000,Male,1,1,53,0,0,0,0,0,0,73223,66672,64075,63922,60089,53326,2001,2048,2129,1660,1568,1997,No
130000,Male,2,2,57,-1,2,2,2,0,-1,4820,3186,7924,6210,2560,7380,0,6210,0,0,7380,11720,No
50000,Male,3,1,54,0,0,0,0,0,2,37238,38387,39589,19533,20535,19690,1771,1973,1307,1699,0,705,No
300000,Male,1,2,55,-2,-2,-2,-2,-2,-2,390,601,4247,5484,5125,1752,601,4285,5500,5151,1757,12918,Yes
50000,Male,3,2,58,-1,0,0,0,0,0,14628,15638,16383,17837,15791,15988,1558,1303,1757,711,600,1500,No
450000,Male,1,1,67,-2,-2,-2,-2,-2,-2,0,0,0,0,0,0,0,0,0,0,0,0,Yes
170000,Female,2,2,27,0,0,0,0,0,0,48947,35777,37589,29079,27134,27734,10000,3037,5018,5006,3024,3309,No
60000,Female,2,2,29,2,2,2,2,0,0,40351,41387,42117,41140,42110,42988,2000,1685,0,1655,1707,1718,Yes
30000,Female,3,2,26,0,0,0,0,0,0,30244,29640,30451,29391,30042,28436,1701,1600,1500,1095,1500,2000,No
200000,Female,1,2,28,-1,-1,-1,-1,-1,-1,3494,2516,2228,6338,2290,3620,2516,2228,6338,2290,3620,6504,No
30000,Female,2,1,30,1,3,2,2,2,2,28720,27977,27248,29281,28511,30952,0,0,2800,0,2900,0,No
100000,Female,1,1,30,1,-1,-1,-1,-2,-1,0,851,1585,-1,-1,2994,851,1589,0,0,2995,0,Yes
150000,Female,3,2,24,0,0,0,0,-1,-1,66347,15768,10874,4466,2125,4421,1827,1777,1175,2125,4421,21607,No
210000,Female,1,2,25,-1,-1,-2,-1,0,0,100,0,0,5933,8698,11572,0,0,5933,3000,3000,7444,No
50000,Female,3,2,22,0,0,0,0,0,0,18108,18512,19468,16989,17326,17748,1400,1300,2800,619,700,1000,No
360000,Female,2,1,33,-1,-1,-1,0,0,-2,21730,20000,8660,10013,-24,-24,20000,8660,1510,0,0,5189,No
240000,Female,1,2,28,0,0,0,0,0,0,233441,236496,242446,207633,197644,193724,9000,10307,9014,6029,6014,6034,No
140000,Female,1,1,33,2,0,0,0,0,0,55563,55222,54293,53294,51558,52800,2520,2510,2450,1676,1900,1826,Yes
10000,Female,1,2,21,0,0,0,2,0,0,8278,7888,10084,9699,9699,0,1304,2500,6,0,0,0,No
50000,Female,3,2,22,0,0,-1,0,-1,-1,46811,40458,50622,42132,15311,19387,1036,50622,1149,15311,19387,385,No
50000,Female,2,2,22,0,0,2,2,2,0,37253,38075,32982,31857,29647,29585,5500,6194,1200,0,2000,2000,No
140000,Female,1,2,23,0,0,2,0,0,0,90289,91739,89623,82030,84792,84794,10007,1038,3900,5000,4000,5000,Yes
50000,Female,2,2,24,2,0,0,0,0,0,48690,48384,49450,49706,9472,9671,2078,2144,1400,339,352,500,Yes
30000,Female,3,2,23,4,4,3,2,0,0,15947,15410,14881,14124,14172,1270,0,0,0,48,0,0,No
50000,Female,2,2,22,0,0,-1,-1,-1,-1,8585,0,880,0,150,528,0,880,0,150,528,25775,No
130000,Female,2,2,23,-2,-2,-2,-2,-2,-2,-169,3464,7569,8130,544,148,4739,22271,8526,544,148,72392,No
80000,Female,1,2,23,-1,-1,-1,-1,-1,-1,390,390,390,390,390,540,390,390,390,390,540,390,No
30000,Female,2,2,21,0,0,0,0,0,0,28028,25278,23485,27339,25091,0,2019,2511,10000,502,0,0,No
90000,Female,3,2,22,0,0,0,0,0,0,68663,65244,52452,35001,29675,28667,4341,2068,3315,1029,1334,1673,No
30000,Female,1,2,22,0,0,0,0,0,0,29362,29819,30582,28983,27947,26630,1800,3000,1404,559,533,1000,No
50000,Female,2,2,22,2,2,2,3,2,2,19091,18487,22219,21520,20108,18207,0,4042,0,648,0,921,No
150000,Female,1,2,24,1,-1,-1,-1,-1,2,-200,200,200,200,550,550,600,200,200,550,200,0,No
20000,Female,3,1,24,0,0,0,0,2,2,10994,12006,15967,17576,16996,18223,1500,4500,2187,0,1500,0,Yes
30000,Female,1,2,24,0,-1,-1,0,0,0,30900,410,28883,24291,27503,28142,410,28883,1710,6000,1200,1175,Yes
400000,Female,1,2,30,0,0,0,0,0,0,153655,156309,137701,191514,121092,166173,26876,10134,85450,10140,88097,10086,No
20000,Female,2,2,23,0,0,0,0,0,0,16027,16740,17451,18141,18239,18302,1600,1600,1600,1000,663,654,No
70000,Female,2,2,23,1,2,0,0,0,-1,72306,70543,63061,61520,63080,2900,4,2407,2041,2387,2905,72697,No
20000,Female,1,2,23,-1,-1,0,0,0,0,6916,13914,10130,6165,6165,6315,14000,1145,950,0,150,6000,No
30000,Female,1,2,23,0,0,0,0,0,0,27013,26590,26249,22721,17650,25602,1470,1889,1400,384,1000,0,No
30000,Female,2,2,23,0,0,0,0,0,2,28138,22517,24148,25437,28391,27801,2000,2000,2000,3700,0,1500,No
80000,Female,1,2,24,2,2,0,0,0,0,48597,49259,46209,46574,47230,48282,1800,1800,1800,1800,1800,2000,Yes
80000,Female,1,2,24,0,0,0,0,0,0,78862,71124,59692,58055,44578,45889,4000,3000,1844,1567,2000,2000,No
40000,Female,2,2,24,0,0,0,2,2,0,33370,34413,37644,38026,36519,36724,1600,3800,1300,0,1400,1400,Yes
70000,Female,2,2,23,0,0,0,0,0,0,44830,46185,47208,47241,48212,45849,2100,2079,2500,2000,2000,1700,No
10000,Female,1,2,22,0,0,2,0,0,0,6967,9199,8908,9676,9680,8343,2523,0,1000,4,167,3535,Yes
60000,Female,2,1,24,2,0,0,0,2,0,61434,59358,57781,62309,60435,55468,2850,2130,7050,0,3190,2100,Yes
70000,Female,1,2,23,0,0,0,0,0,0,7668,8878,10077,11203,11320,11487,1500,1500,1600,600,500,600,Yes
30000,Female,3,2,22,0,0,-1,0,0,-1,8922,6698,187,1187,0,1405,1275,187,1000,0,1405,623,No
30000,Female,2,2,22,2,2,2,0,0,0,27201,27873,25406,23339,17869,15284,4000,0,2000,2000,1500,1000,Yes
20000,Female,2,2,25,0,0,0,0,0,0,18825,18545,18606,18904,19433,18902,1300,1613,1301,830,698,822,Yes
30000,Female,2,2,29,0,0,0,0,0,0,26953,27412,27835,28215,28345,29055,1741,2000,1439,959,1500,1411,No
50000,Female,2,2,24,0,0,0,0,0,0,50649,50607,49903,41083,29635,30261,1905,1801,1468,1043,1085,1193,No
50000,Female,1,2,22,1,2,2,2,0,0,42611,41632,44069,37395,32284,32805,0,3509,0,1302,1191,1492,No
50000,Female,3,2,23,2,2,2,2,2,2,41740,42755,43878,42877,45701,46720,2000,2100,0,3850,1900,1600,Yes
50000,Female,1,2,23,1,-2,-2,-2,-2,-2,0,0,0,0,0,0,0,0,0,0,0,0,No
10000,Female,1,2,23,3,2,2,7,7,7,2400,2400,2400,2400,2400,2400,0,0,0,0,0,0,Yes
10000,Female,2,1,24,0,0,0,0,0,0,6902,7922,8939,9533,9692,9829,1142,1159,1140,692,829,1000,Yes
110000,Female,2,2,24,-1,-1,-1,-1,-1,0,1183,1362,1352,1867,36986,40053,1362,1352,1867,36986,5000,3000,No
20000,Female,1,2,24,0,0,-1,-1,-1,2,19000,15114,5831,14784,961,311,1000,5831,14784,961,0,15735,No
30000,Female,1,2,24,0,0,0,0,0,0,25288,27549,28784,28708,27916,30333,3000,2000,1800,2000,3000,2500,No
100000,Female,2,2,24,2,2,2,2,2,3,93330,95285,96674,97983,102803,100960,4400,3800,3800,7300,0,679,Yes
20000,Female,1,2,24,2,-1,-1,-1,-1,-1,1150,1661,-29,2992,3664,5364,1661,0,3021,3664,5364,0,No
190000,Female,2,2,25,0,0,0,0,0,0,26023,24995,23130,28126,26104,18840,1615,1200,26703,2104,7000,11747,No
300000,Female,2,2,24,0,0,0,-1,-1,-1,26158,25673,14290,7490,2962,0,5673,7000,7490,2962,0,0,No
50000,Female,2,1,26,2,2,2,2,2,2,46800,47830,48868,49470,48003,50755,2100,2100,1701,1,3906,0,Yes
30000,Female,3,2,26,0,0,2,0,0,0,30467,30403,30546,30255,30096,30353,2173,1613,1453,946,997,1118,No
20000,Female,1,2,25,-1,-1,-1,-1,0,0,4541,0,724,18589,18985,19531,0,724,18589,1000,1000,1000,Yes
60000,Female,2,2,25,0,-1,0,0,0,-1,3075,59808,58058,59679,5575,1733,61058,2186,5667,1200,2000,0,Yes
70000,Female,2,1,25,0,0,0,0,0,0,67574,69876,56925,28421,8706,29275,3839,2000,3000,1100,28000,1180,No
60000,Female,2,1,24,2,3,2,2,2,0,34708,33866,33041,35284,31602,32221,0,0,2900,0,1200,1409,Yes
60000,Female,2,1,25,2,0,0,2,0,0,33598,34733,37460,36558,37945,38782,2000,3600,0,2000,1600,1600,Yes
30000,Female,2,2,22,2,2,0,0,0,2,31331,24544,28267,30470,29284,25762,0,5600,3005,1200,0,5000,Yes
100000,Female,2,1,24,2,0,0,0,-2,-1,68371,9015,3325,0,0,93737,1300,1000,0,0,94562,3700,Yes
70000,Female,3,2,25,2,0,0,0,0,0,70963,71056,70850,70823,71006,70828,2527,2615,2500,3000,2600,3000,Yes
20000,Female,2,2,22,0,0,0,0,0,-1,38391,20305,7992,13524,19320,8430,2608,2000,11200,9386,14500,10800,Yes
50000,Female,3,1,22,2,2,2,2,2,2,40247,40189,43434,44316,45189,46214,900,3900,1900,1900,1900,3600,No
30000,Female,2,1,22,0,0,0,0,0,0,14533,16534,17213,17723,17431,17882,3002,2002,1553,1002,2002,1000,No
30000,Female,3,2,22,2,2,0,0,0,0,29793,29008,29047,29507,11609,11711,0,1687,1147,524,400,666,Yes
30000,Female,2,2,22,0,0,0,0,0,0,25490,26494,27534,28177,28399,28655,1432,1472,1447,1001,1030,1059,Yes
60000,Female,2,2,23,2,0,0,0,0,0,58900,60020,60195,60864,40512,39523,2717,2929,2429,1551,1567,1456,Yes
20000,Female,2,1,22,0,0,0,-1,-1,0,19667,19974,5491,831,20088,19733,1500,1000,831,20500,1000,1100,Yes
50000,Female,3,2,23,2,0,0,0,0,0,50653,49348,47995,40226,27828,28411,2190,2027,2204,996,1031,1047,No
30000,Female,1,2,24,0,0,0,0,0,0,28049,27383,25728,26521,23593,21963,2000,1500,2000,1000,1000,1000,No
30000,Female,1,2,23,0,0,0,2,2,0,29047,30062,29659,29274,18770,13960,1508,3016,1730,16,1001,1000,Yes
70000,Female,1,2,24,1,2,0,0,0,0,19200,19079,17695,17791,15704,16257,500,1300,1240,600,1000,608,No
100000,Female,2,2,24,0,0,0,0,-1,0,101614,99413,102252,89009,79853,80970,10000,17023,8942,86950,33000,7013,No
100000,Female,2,2,24,0,0,0,0,-1,0,7094,8249,7911,17716,1002,1518,1439,2000,10070,1002,1000,500,No
250000,Female,2,2,25,-1,-1,-1,-1,-1,-1,5211,5211,6282,4140,5211,5211,5211,6282,4140,5211,5211,5211,No
50000,Female,1,2,25,2,0,0,0,0,0,49052,48026,47361,44293,17807,18324,3006,2300,3064,1799,790,1100,Yes
50000,Female,2,1,26,0,0,0,0,0,0,50604,50913,43348,10122,9626,9828,1924,1461,1155,400,351,500,Yes
230000,Female,2,2,24,-2,-2,-2,-2,-2,-2,0,0,0,0,0,0,0,0,0,0,0,0,No
200000,Female,2,2,25,0,0,2,0,0,0,175435,195581,190716,132731,129960,66747,24720,0,6000,40450,13000,5000,No
50000,Female,2,2,23,0,0,0,0,0,0,46968,36912,32616,29788,27562,26129,1600,1500,1500,1200,1078,951,No
100000,Female,2,2,24,3,2,2,2,2,2,85016,86918,88624,89576,90614,89046,4200,4000,3300,3400,0,7000,Yes
140000,Female,2,2,24,0,0,2,2,2,2,99012,106817,109646,106420,111130,113204,11000,6000,0,8000,4000,5000,No
20000,Female,2,2,24,0,0,0,0,0,0,13542,14852,15571,16584,17067,34262,1543,1262,1275,758,638,1340,No
240000,Female,2,2,25,0,0,0,0,0,0,9030,9685,10996,13149,14655,17133,1144,3000,3000,2000,3000,2000,No
20000,Female,2,2,25,0,0,0,0,0,0,18519,20195,19638,17198,14253,18475,2000,1376,1121,460,6000,624,No
50000,Female,1,2,25,0,0,0,0,0,0,45342,44719,40002,38008,31898,20154,2000,5040,8034,3029,5000,49436,No
50000,Female,1,2,25,0,0,2,2,2,2,25008,27790,27059,29505,29824,29209,3200,0,2900,1100,0,2400,No
60000,Female,2,2,25,0,0,0,0,0,0,36081,37194,38116,39902,58737,56902,2500,2000,3000,20000,3000,2000,No
10000,Female,2,2,22,0,0,2,2,2,0,6759,8925,8637,10277,9736,9704,2450,0,1800,0,500,600,Yes
30000,Female,1,2,23,1,4,4,3,2,3,26185,29944,29399,28632,30363,29594,4518,206,0,2500,0,2000,No
30000,Female,1,2,23,0,0,2,2,3,2,21077,23793,23130,28790,28038,27451,3383,0,6380,0,0,2300,Yes
60000,Female,1,2,23,0,0,0,0,0,2,13233,12772,14555,15803,19217,18768,1500,2000,1500,3700,0,900,No
80000,Female,2,2,25,1,2,0,0,0,0,78894,79989,79882,67946,51435,53113,3000,3500,5000,2500,2500,2000,No
130000,Female,2,2,25,0,0,0,0,0,0,111587,112348,114734,117823,120854,123904,4100,4200,5000,5000,5000,10700,No
30000,Female,2,2,25,1,2,3,2,2,0,17835,21220,20563,18676,18281,17261,4000,0,1000,0,2000,2000,No
60000,Female,2,2,23,0,0,0,0,0,0,57097,58134,58647,59619,57068,57668,2659,2190,2078,2002,2062,2072,Yes
80000,Female,2,1,24,0,0,0,0,0,0,74377,76137,78366,78400,80000,80000,3000,3455,1960,2000,0,0,No
230000,Female,2,2,24,0,0,0,0,0,0,78737,63494,55284,42693,42541,34197,2300,2000,1535,1183,1500,2000,No
80000,Female,1,2,25,0,0,0,0,0,0,72120,71702,71532,71222,47538,48879,2600,2700,2200,2000,3443,2000,No
70000,Female,1,2,24,0,0,0,0,0,0,70888,63903,65248,62958,64209,59482,2900,3000,2190,2201,2181,2413,No
220000,Female,2,1,25,0,0,0,0,0,0,142714,270596,52682,23243,18101,27036,7200,3200,1200,1000,25000,2000,No
50000,Female,2,2,25,0,0,0,0,0,0,44894,43924,36549,32665,20246,19968,5003,5016,4000,2000,2000,2000,No
210000,Female,2,2,24,0,0,0,0,0,0,45685,29287,19689,20629,21193,21484,1609,1362,1302,866,742,1000,No
60000,Female,2,2,24,3,2,2,2,2,-1,150,150,150,150,150,150,0,0,0,0,150,44399,Yes
30000,Female,2,1,25,1,2,0,0,0,0,29304,28534,29906,30524,28915,29524,0,1831,1449,1100,1051,1281,Yes
50000,Female,2,2,24,0,0,0,0,2,0,43627,39981,40205,43024,39908,40731,3000,2001,3520,0,2000,2000,No
80000,Female,1,2,26,0,0,0,0,0,0,37329,38151,39229,40291,40902,42122,3700,2000,2000,3500,2000,4000,No
60000,Female,3,1,25,0,0,0,0,0,0,60340,58556,57251,57826,22544,26675,2200,2600,2300,3000,5000,2000,Yes
20000,Female,2,2,25,0,0,0,0,0,0,15389,16397,17195,17499,16236,10400,1270,1341,1160,556,600,0,Yes
50000,Female,3,1,26,0,0,0,0,0,-2,47095,48085,49039,49662,0,0,2073,2027,1650,0,0,0,No
260000,Female,1,2,27,0,0,0,0,0,0,23820,23873,14856,17022,20032,11144,10000,3000,4000,5000,3000,6000,No
170000,Female,2,2,27,-1,-1,-1,0,0,0,414,-1020,25607,23922,24399,24919,0,27107,1500,863,903,3000,Yes
20000,Female,2,2,27,0,0,0,0,0,0,15248,16255,17282,18293,18661,20157,1265,1292,1303,671,1800,0,No
20000,Female,2,1,26,1,2,0,0,0,-2,20224,19210,19327,20000,0,0,0,1500,1000,0,0,0,No
130000,Female,2,1,26,0,0,0,0,-2,-2,2783,131860,130000,0,0,0,130000,3000,0,0,0,0,No
70000,Female,2,1,25,0,0,0,0,0,0,70940,70639,71230,68655,41679,29887,2533,3098,2811,1281,1069,1103,No
210000,Female,1,2,26,0,-1,-1,-1,-1,-1,10401,18480,330,330,330,330,18480,330,330,330,330,480,No
50000,Female,2,1,27,0,0,0,0,0,0,40491,41522,42725,40802,42422,47912,2003,2206,3000,3000,8000,0,No
30000,Female,1,2,27,0,0,0,0,0,0,26951,27726,28561,18030,11467,12681,2000,1682,1500,1000,1408,800,No
150000,Female,2,2,27,0,0,0,0,0,0,140947,121059,95250,55070,44425,7582,5000,3709,1101,2000,152,70181,No
300000,Female,3,2,27,0,0,0,0,0,0,105786,113850,116918,119929,122914,125910,9000,4000,4000,4000,4000,4000,No
150000,Female,2,2,27,1,-2,-2,-2,-1,-1,0,0,0,0,699,1170,0,0,0,699,1170,1173,No
30000,Female,2,1,27,2,2,2,2,4,3,25557,26648,27536,28203,29048,29903,1800,1600,1400,1600,1600,1600,Yes
50000,Female,2,2,27,0,0,0,0,0,0,48492,48356,32904,28864,29708,29921,1600,1715,2000,3010,2000,1100,No
80000,Female,1,2,26,0,0,0,0,0,0,78025,80224,81619,80030,79434,81348,3500,3300,3100,2900,3200,3100,No
80000,Female,2,1,26,0,0,-2,-2,-2,-2,13465,20577,10424,4898,847,1342,20587,10759,4995,847,1344,4774,No
60000,Female,2,2,26,1,-2,-2,-1,-1,0,-25,-25,-25,1901,38746,39178,0,0,2306,40367,1416,1419,No
200000,Female,1,1,27,-2,-2,-2,-2,-2,-2,-3,-3,-3,360,0,0,0,0,363,0,0,0,No
280000,Female,2,2,31,0,0,0,0,0,0,147646,150703,156784,156230,159123,163152,7001,10000,6000,5200,6000,5400,No
50000,Female,2,2,24,0,0,0,2,0,0,47608,48933,51415,48977,10082,9936,2118,3600,7,345,1000,400,No
80000,Female,2,2,24,2,2,2,2,2,2,22453,23787,23124,26700,27064,27685,2000,0,4300,1100,1200,0,Yes
50000,Female,2,2,23,0,0,0,0,-2,-2,33243,16290,12594,0,0,0,2000,2010,0,0,0,0,No
20000,Female,1,2,24,0,0,0,0,0,0,18916,18556,19162,19293,19298,19198,1600,1805,1400,405,400,0,No
80000,Female,1,2,24,0,0,2,0,0,0,39813,46375,43576,28468,25971,23686,9425,1,2012,1091,1006,2516,Yes
20000,Female,3,1,27,3,2,0,0,0,0,16004,15450,16892,17396,14017,0,0,1696,1200,22,0,0,Yes
110000,Female,2,2,28,0,0,0,0,0,0,106202,105080,107420,107325,108545,105341,5300,5540,5361,4500,4000,4500,No
50000,Female,1,2,28,0,0,-2,-2,-2,-2,31392,-288,-144,-144,-144,6,0,0,0,144,150,0,No
130000,Female,3,2,24,0,0,0,0,0,0,90141,91948,94067,96604,97706,121027,4200,4500,5000,3600,25000,5000,Yes
20000,Female,1,2,25,-1,0,0,2,0,0,1828,2835,5270,5040,5304,5777,1200,2500,0,500,558,0,Yes
130000,Female,2,2,25,2,-1,-1,-1,-1,-1,836,668,1017,1298,550,-286,668,1200,1300,964,1698,60549,Yes
50000,Female,3,2,25,0,0,2,2,2,0,41641,44434,45916,46566,45516,46484,3500,2500,1700,0,1700,3900,Yes
50000,Female,2,2,25,2,2,2,2,2,2,33586,34636,35683,36200,36808,37671,1900,1900,1400,1500,1600,1500,Yes
130000,Female,2,2,26,0,0,0,0,0,0,187600,185945,183828,164667,132746,57989,6074,6037,4646,4230,1941,2151,No
230000,Female,2,1,28,-1,-1,0,0,0,0,1736,67982,72938,54105,18744,5148,68000,7064,4106,5075,1000,4080,No
500000,Female,1,2,28,0,-1,-1,-1,-1,0,6618,8984,9558,7426,11130,15382,8984,9570,7432,11130,10000,22212,No
160000,Female,1,2,27,0,0,0,0,0,0,124573,122730,125319,125283,124170,125140,5800,5900,5900,4300,4600,4400,No
150000,Female,2,1,27,-2,-2,-2,-2,-2,-2,5560,0,0,0,0,0,0,0,0,0,0,0,Yes
60000,Female,2,2,27,0,0,2,0,0,0,45373,49363,48308,51616,56416,21680,4747,0,5000,5000,0,23999,No
50000,Female,1,2,27,1,2,2,2,2,2,19096,18492,21186,22538,22274,22767,0,3000,2000,400,1000,0,No
10000,Female,1,1,27,0,-1,-1,0,0,-1,6031,836,2032,2150,1490,390,836,2032,1000,1000,390,1632,No
140000,Female,1,2,28,0,0,0,0,0,0,9598,10631,11349,12661,12606,12869,1500,1195,1507,452,467,470,No
180000,Female,1,2,30,0,0,0,0,0,-1,112106,105872,107685,106060,2958,1079,3800,6000,3000,100,1100,800,No
260000,Female,1,2,28,0,0,0,0,0,0,85666,92286,93742,93369,82476,73789,10005,4026,3481,141,20074,60308,No
90000,Female,2,1,27,3,2,2,2,0,0,81701,85753,87510,85188,87112,169533,6000,4000,0,4200,3285,7787,Yes
20000,Female,2,1,29,2,2,2,0,0,0,18985,20271,19658,20086,19630,19627,3100,0,1600,400,393,270,Yes
30000,Female,3,1,26,3,2,2,2,2,2,8893,8601,10862,11485,11006,12270,0,2405,1100,0,1600,0,Yes
420000,Female,2,2,26,-2,-2,-2,-2,-2,-2,62364,30165,106030,33694,49354,44744,30336,107382,33850,49587,47222,57258,No
230000,Female,2,2,27,-2,-2,-2,-2,-2,-2,326,326,326,326,326,326,326,326,326,326,326,326,No
90000,Female,2,1,28,0,0,0,0,0,0,59694,55282,60630,58919,47850,48034,2852,15678,7763,1686,1735,1518,No
210000,Female,2,1,27,2,2,2,0,0,0,170646,174134,167095,161573,122362,116243,7800,16,6800,3800,5134,4000,Yes
230000,Female,2,2,27,0,0,0,0,0,0,73521,75691,77867,80957,83695,86184,4000,4000,5000,5000,4000,8000,No
100000,Female,2,2,30,0,0,0,0,0,0,85841,74564,78351,79030,56016,36210,4000,5000,3006,2023,3000,1500,No
20000,Female,3,2,27,0,0,0,0,0,0,20288,20293,20196,19777,20130,19350,1500,1400,2000,3000,1000,1000,No
150000,Female,3,2,28,-1,0,0,0,0,0,35199,36206,36343,45180,45694,45694,1588,1971,20000,914,0,1746,No
180000,Female,1,2,29,-1,0,0,0,2,0,10265,11288,13093,14874,14339,19068,1200,2000,2000,0,5000,5000,No
20000,Female,1,2,26,0,0,0,0,0,0,17921,18362,19669,16479,16694,17334,1333,1640,1506,721,1000,1000,No
280000,Female,1,2,27,0,0,2,2,-2,-1,18641,21870,2173,-9,-9,3617,6630,10,0,0,3626,2511,No
50000,Female,3,2,26,0,0,0,0,0,0,46879,48368,49284,7002,6991,7137,2569,2485,1203,192,199,163,No
50000,Female,3,2,26,0,0,0,0,0,0,35988,26708,25230,26999,27748,28351,1700,2000,3000,1500,1200,1136,No
100000,Female,2,2,26,0,0,0,0,2,0,6631,7643,8975,11032,10561,10779,1130,1462,2519,0,537,538,No
10000,Female,2,2,27,1,2,0,0,0,0,5150,4922,5941,6984,7120,7267,0,1257,1300,400,410,420,No
90000,Female,1,2,27,0,0,0,0,0,0,85822,83206,74030,70198,71330,65479,3327,3471,3199,2964,2718,2087,No
120000,Female,1,2,29,-1,-1,-1,-1,-1,-1,1914,573,214,4479,980,690,573,219,4484,980,690,0,No
250000,Female,2,2,29,2,2,2,0,0,0,252354,258503,252087,246649,177663,125960,11783,0,8065,5404,5000,5000,Yes
180000,Female,1,2,29,-1,-1,-1,-1,-1,-1,9418,-897,2331,3596,3125,2702,0,5028,6411,3155,2702,10909,No
350000,Female,2,2,29,0,0,0,0,0,0,209234,205458,200654,196308,192735,190735,7280,7360,8568,6600,6711,6883,No
250000,Female,2,2,31,-2,-2,-2,-2,-1,2,1242,0,0,0,3394,3244,0,0,0,3394,0,37895,No
140000,Female,2,1,29,0,0,0,0,0,0,100064,95224,104440,88467,71519,63150,6029,30000,7981,3000,3000,3000,No
50000,Female,1,2,28,-1,-1,-1,-1,0,0,390,390,390,39685,40109,41303,390,780,39685,1337,5000,4696,Yes
150000,Female,1,2,28,2,2,2,0,0,0,145096,147384,143225,147115,145015,110635,5000,0,6000,0,3000,23747,Yes
160000,Female,1,2,28,0,-1,-1,-2,-2,-2,4122,1770,0,0,0,0,2000,0,0,0,0,0,No
340000,Female,2,1,26,0,0,0,0,0,0,95878,97594,99835,102801,106263,98797,4500,5000,6000,7000,6000,30000,No
260000,Female,2,2,26,0,0,0,0,0,0,16150,17880,22248,26842,35997,55272,2000,5000,5000,10000,20000,15000,No
110000,Female,1,2,26,0,0,0,0,0,0,38920,28276,25171,26200,26567,26990,1700,1800,1750,1100,1000,1000,No
400000,Female,1,2,29,0,0,0,0,0,0,7191,8856,6181,7859,4899,1466,2000,1500,2000,1000,500,1000,No
70000,Female,1,2,29,0,0,0,2,2,2,40048,40783,44205,44784,43763,46646,1700,4100,1600,0,3600,2000,No
20000,Female,3,1,31,-1,5,4,3,2,0,14320,13815,13403,12888,12019,11500,0,86,0,0,435,480,Yes
60000,Female,2,1,28,2,2,0,0,2,0,17942,17361,18081,20108,19487,35160,0,1304,2331,0,16000,2000,Yes
80000,Female,1,2,29,2,2,2,2,2,0,54313,57988,59271,60013,58453,60155,4600,2800,2300,0,2800,6300,No
150000,Female,2,1,31,2,0,0,0,0,0,101425,104014,108229,109374,111279,125353,3872,5500,4005,3241,15500,4000,No
200000,Female,5,2,29,-1,-1,-1,0,-1,0,9383,37303,21244,7422,27761,21715,37465,21321,1200,27761,5548,30966,No
110000,Female,1,2,29,-1,-1,-1,-1,-1,-1,316,31895,316,316,316,31775,31895,316,316,316,31775,1152,Yes
450000,Female,2,2,29,0,0,0,0,0,0,371724,359672,56033,31126,18345,12836,10000,1500,2109,5000,1000,3020,No
160000,Female,2,2,29,0,0,0,-1,-1,0,21898,23075,24010,400,16903,17248,5004,8004,400,16903,345,352,No
30000,Female,1,1,28,0,0,0,0,0,0,30497,30665,30945,31070,30969,30620,1800,1900,1776,1500,1100,2504,No
160000,Female,2,2,29,-1,-1,-1,-1,-1,-1,1194,2108,1086,1874,2920,0,2108,1086,1874,2920,0,1222,No
140000,Female,1,2,29,0,0,0,0,0,0,51822,52960,57088,62868,65284,69663,2000,5000,6500,3000,5000,5000,No
50000,Female,1,2,28,-1,-1,-1,-1,-1,-1,5953,1044,2450,248,198,0,1044,2450,248,198,0,2890,No
300000,Female,2,1,28,-1,-1,-1,-1,-2,-2,16666,1000,16666,0,0,0,1000,16666,0,0,0,0,No
50000,Female,2,2,29,2,2,2,2,2,0,43629,46376,45354,49086,48027,49037,3790,0,4500,0,1751,1736,Yes
70000,Male,2,2,29,-2,-2,-2,-2,-2,-2,-8187,-17810,-595,7462,9390,5183,0,100104,10000,15000,10000,20000,No
170000,Female,2,2,28,0,0,0,2,0,0,44996,46045,48989,47900,51088,54256,2100,4000,0,4000,4000,4000,No
160000,Female,3,1,45,-1,-1,-2,-2,-1,0,227,-385,-379,-1464,2110,1462,280,6,75,3574,5,246,No
50000,Female,1,2,27,2,3,2,2,2,2,34044,33202,34370,34806,35433,36216,0,2000,1300,1500,1500,1500,Yes
50000,Female,2,1,28,1,2,2,2,0,0,38612,37509,15377,12590,11209,7448,0,5000,0,3023,5000,4000,No
90000,Female,1,2,28,-1,-1,-1,-1,-1,-1,2780,1950,7956,499,0,5990,1950,7956,499,0,5990,0,No
200000,Female,1,2,25,-1,-1,-1,-1,-1,-1,8926,700,610,5130,12050,4970,700,610,5130,12050,4970,8888,No
20000,Female,2,2,26,0,0,0,0,0,0,15700,16734,17549,17702,10400,0,1600,1400,1171,600,0,0,No
50000,Female,2,1,30,0,0,0,2,0,-1,31079,30036,6845,4364,2185,2162,2280,2300,0,44,2200,3000,No
50000,Female,2,1,24,1,2,0,0,2,2,12744,12243,16215,20490,19990,0,0,4200,4700,0,0,3390,Yes
60000,Female,3,2,26,0,0,0,0,0,0,27402,26455,28017,25011,28143,24712,1500,4022,1500,3500,1000,1000,No
30000,Female,2,1,33,0,0,0,0,0,0,11042,12051,13101,14413,14476,14792,1200,1250,1537,600,550,600,No
20000,Female,2,2,22,0,0,0,0,0,0,15513,17908,18652,19156,19206,19948,3000,1666,1500,592,1284,0,No
80000,Female,2,2,25,0,0,2,2,0,0,47369,49524,48461,45943,46660,46118,4400,1500,1500,1742,1800,2100,Yes
20000,Female,2,1,22,0,0,0,0,0,0,16366,17385,18142,17245,17657,18370,1600,1600,1600,1000,1000,1000,No
70000,Female,2,2,25,0,0,0,0,0,0,69455,70300,70737,70324,55291,56648,2600,2620,2641,2000,2250,2100,No
120000,Female,1,2,26,0,0,0,0,0,0,103452,104546,105326,111987,112652,114337,4000,4000,10000,4000,5000,4200,No
20000,Female,1,2,26,1,2,0,0,0,0,17040,16474,17203,18411,18929,19171,0,1300,1500,824,696,1011,No
20000,Female,2,2,22,0,0,0,2,0,0,9848,11192,15677,15133,15582,16677,1515,5000,0,1000,1500,0,No
170000,Female,2,2,23,0,-1,0,0,0,0,8806,32192,32555,32292,32372,31202,32192,1608,2301,2379,2202,2688,No
130000,Female,2,2,24,0,0,0,0,0,0,121720,115630,115939,109428,90359,89216,4155,5802,3487,2908,3013,3093,No
180000,Female,3,2,32,0,0,0,0,0,0,183512,172194,176105,171475,134590,133146,7700,8254,9600,4712,4995,5000,No
50000,Female,2,1,27,0,0,0,0,0,0,50544,50792,50480,50372,50993,7957,2300,2000,2000,2500,289,1000,No
100000,Female,1,1,39,2,2,2,2,2,2,94732,97284,99542,99898,99786,97670,5000,4700,2950,3100,5,6170,Yes
80000,Female,1,2,33,0,0,3,2,0,0,73397,82151,80296,77848,76508,78396,10000,0,0,2788,3171,3000,No
10000,Female,2,3,46,3,2,2,2,2,4,5997,5753,9629,9328,11411,10652,0,4000,0,2395,0,0,Yes
50000,Female,2,2,35,0,0,0,0,0,0,48818,49796,50892,50769,48813,49874,2200,2200,1800,1900,2000,2000,No
80000,Female,2,1,35,2,2,2,0,0,2,22001,23339,22677,23692,25406,26050,2000,0,1395,2109,1196,0,Yes
40000,Female,3,1,39,2,2,2,2,2,2,22241,23273,24204,24510,24811,24274,1700,1600,1000,1000,0,2000,Yes
90000,Female,2,1,40,2,2,0,0,0,0,96249,91839,90758,90537,90263,90268,0,3273,3267,3212,3440,6898,Yes
170000,Female,3,1,40,0,0,0,0,0,0,69602,61493,58298,60343,61176,62092,2128,2729,4000,2169,2241,2258,No
50000,Female,3,2,49,0,0,0,0,0,0,101590,50696,49894,49453,29824,29319,1800,1991,1670,1036,1050,1118,No
10000,Female,2,1,41,3,2,2,7,7,7,2400,2400,2400,2400,2400,2400,0,0,0,0,0,0,Yes
70000,Female,3,1,34,1,2,0,0,0,0,76023,73213,68034,68602,30252,47363,0,3000,3000,1508,20000,2500,No
20000,Female,2,2,38,0,0,0,0,0,-1,15925,16883,17536,14810,9579,9940,1618,1661,1046,192,10476,2965,No
120000,Female,2,2,36,0,0,0,0,0,2,3225,4592,5975,5409,5940,1770,3232,4615,4170,1770,0,7978,No
110000,Female,2,1,38,0,0,0,0,0,0,105433,107065,103690,105447,97096,77197,4008,3920,4031,4000,3000,2810,No
50000,Female,2,1,36,2,2,4,3,2,2,44897,50039,48981,47897,48811,48058,6200,0,0,2000,160,3525,Yes
110000,Female,2,2,34,0,0,2,0,0,0,10827,11657,8428,9440,11863,10620,2500,0,1200,4000,500,500,No
50000,Female,2,1,37,1,2,0,0,0,0,51377,50253,50047,43142,10677,10105,0,2424,2355,363,361,393,No
360000,Female,1,2,31,3,2,2,2,2,2,2500,2500,2500,2500,2500,2500,0,0,0,0,0,0,Yes
20000,Female,2,1,38,3,4,3,2,2,2,18666,18087,17517,16930,18043,17156,0,0,0,1381,0,1600,Yes
180000,Female,1,1,42,0,0,0,0,0,0,79216,80905,82708,84433,86134,88251,3000,3100,3100,3100,3500,8400,Yes
100000,Female,2,1,37,0,0,0,0,0,0,100253,101587,100095,98569,99534,100013,4500,4500,5000,4000,3500,3627,No
20000,Female,3,1,37,1,2,0,0,2,0,15829,15283,16429,19764,19140,6420,0,1700,4000,0,1000,0,Yes
150000,Female,3,1,39,2,2,2,0,0,0,151664,153994,147038,122498,75782,71306,6300,0,5000,3000,3000,3000,No
60000,Female,2,1,27,0,0,0,0,0,-1,40831,34613,28178,23199,572,27425,1617,1616,1008,1036,28848,1100,No
80000,Female,1,2,29,2,2,0,0,2,0,25248,24549,26823,29157,28389,29036,0,3000,2780,0,1100,1500,Yes
60000,Female,3,1,47,2,3,2,2,2,2,20347,19727,20909,21168,21520,21805,0,1800,900,1000,774,0,Yes
20000,Female,3,1,43,2,0,0,0,0,0,18310,18739,19411,20209,19880,4341,1300,1500,1257,456,149,191,Yes
110000,Female,2,2,33,0,0,0,0,0,0,104151,106217,108884,112149,112507,114200,3791,4368,5500,3971,6280,10300,Yes
100000,Female,3,1,41,1,2,0,0,0,0,77208,75377,77044,78333,78130,77761,0,3475,3263,2805,2888,2680,No
130000,Female,3,2,36,0,0,0,0,0,0,127544,126771,124824,123174,100585,97687,5963,6316,4845,3471,3673,3590,No
50000,Female,3,2,29,0,0,0,0,0,0,47815,49216,51082,46983,19839,16389,2500,3009,4012,3000,2000,3000,No
70000,Female,3,1,34,0,0,0,0,0,0,43071,47338,51424,45121,5515,10424,5000,5000,5000,5000,5000,5000,No
240000,Female,2,1,46,0,0,0,0,-2,-2,177221,169897,166064,0,0,0,7053,6520,0,0,0,0,Yes
310000,Female,2,2,31,2,0,0,0,2,2,137171,141486,144515,154587,156565,153965,6600,6800,14000,6000,0,5800,Yes
20000,Female,3,2,33,0,0,0,0,0,0,20023,20239,19164,19393,19725,20054,1300,1400,1300,1000,1000,1000,No
50000,Female,2,1,37,0,0,0,0,0,-2,29969,17791,12592,5022,780,390,1281,1099,1009,10000,0,17458,No
50000,Female,3,2,33,1,2,2,2,0,0,25922,25154,16820,15860,16179,16915,55,4500,800,582,1000,634,No
130000,Female,2,1,34,0,0,0,0,0,0,99891,101032,104705,105478,107725,109994,3700,5300,4000,4000,4000,6100,No
230000,Female,2,2,30,0,0,0,0,0,0,62988,63056,63741,64096,64473,64927,2847,2303,2284,2280,2345,2333,No
380000,Female,2,1,31,1,-2,-1,-1,-2,-1,3491,3859,8796,7991,5310,14655,3878,8863,8007,5362,14695,24446,No
160000,Female,3,2,32,0,0,0,0,0,0,56099,41085,35673,28880,27678,25518,3000,3030,2000,5000,4000,3018,No
20000,Female,3,1,32,0,0,2,0,0,0,17930,20305,19308,20296,20302,20189,3000,0,1318,714,981,400,No
150000,Female,1,2,33,0,0,0,0,0,0,1911,3079,4057,1920,1920,0,1189,1167,1000,0,0,0,Yes
90000,Female,1,2,32,-1,-1,-1,-1,-1,-1,1560,23153,835,5225,736,736,23153,17395,5225,736,736,886,No
400000,Female,1,1,33,-2,-2,-2,-2,-2,-2,-4,1054,1420,-20,-20,-20,1058,1427,0,0,0,0,No
70000,Female,2,1,34,0,0,0,0,0,0,66946,67741,68790,68523,29163,29247,3007,3248,2661,1135,1160,1169,No
50000,Female,2,1,34,2,2,2,2,2,2,43664,44654,45650,46320,45290,48322,2000,2000,1700,0,3760,1700,No
30000,Female,2,1,35,1,-2,-1,0,-1,0,0,0,12403,17849,4935,6491,0,12403,8359,4935,3000,1000,No
20000,Female,2,1,46,0,0,0,0,0,0,19113,20068,17481,15572,15902,35565,1292,1323,1111,441,2158,2400,No
20000,Female,3,2,39,0,0,0,2,2,3,8720,12241,16020,16457,20906,20289,4000,4000,1000,4750,0,600,Yes
130000,Female,3,1,37,-2,-2,-2,-2,-2,-2,0,0,0,0,0,0,0,0,0,0,0,0,Yes
80000,Female,1,1,41,0,0,0,0,0,0,73863,74970,75285,73654,75642,80984,3300,3300,3000,3500,9050,0,No
360000,Female,1,1,41,-2,-2,-2,-2,-2,-2,0,0,0,0,0,0,0,0,0,0,0,0,Yes
120000,Female,3,0,47,-1,0,0,-2,-2,-2,1576,3009,0,0,430,1520,1500,0,0,430,1520,730,No
150000,Female,2,1,38,-2,-2,-2,-2,-2,-2,6829,6460,17154,2729,32550,8509,6719,27654,2729,32550,11467,6943,No
50000,Female,2,2,44,0,0,0,0,-1,0,27200,10605,10355,9853,2917,1473,1172,1202,1000,2917,29,390,No
170000,Female,3,1,40,1,2,0,0,0,0,179399,41265,20619,19520,5200,0,0,2000,1136,1000,0,36679,Yes
230000,Female,2,1,34,0,-1,-1,-1,-1,-1,205530,380,380,2350,103030,380,380,380,2350,103030,380,1570,No
50000,Female,2,2,46,0,0,0,0,0,0,25119,26258,27199,18810,18487,18874,1559,1500,1400,1000,684,716,Yes
280000,Female,1,1,36,0,0,0,0,0,0,157424,161596,166680,170691,14988,16776,6000,6500,6000,1000,2000,2012,No
50000,Female,2,1,44,0,0,0,0,-2,-2,13226,14470,15000,0,0,0,1470,1000,0,0,0,0,No
30000,Female,3,1,31,2,3,2,2,2,0,30057,29280,30206,30496,29731,29047,0,1700,1100,3,1053,1303,No
360000,Female,1,1,32,-2,-2,-2,-2,-1,0,-16,3194,430,1982,211250,215670,3210,436,1991,211250,7762,7823,No
150000,Female,2,2,34,0,0,0,0,0,0,18631,18831,15729,11907,14103,14413,3000,3000,1353,5000,3000,5000,No
110000,Female,3,1,39,0,0,0,0,0,0,107441,106808,75540,75724,74785,76079,4023,2805,3406,2670,2751,2772,No
50000,Female,1,1,41,0,0,0,0,0,0,47739,47481,47066,44367,27496,27677,2000,1817,2000,1500,1001,1010,No
300000,Female,2,2,40,-1,-1,-1,-1,-1,-1,10626,10578,12963,989,12238,0,10582,13265,1087,12238,0,0,No
20000,Female,2,1,37,2,0,0,2,0,0,16429,17450,20358,19722,19616,19228,1300,3200,0,830,750,1000,Yes
290000,Female,2,2,37,2,0,0,0,0,0,140599,143963,152434,156413,156189,144318,13010,11430,6900,5320,5232,4980,Yes
120000,Female,2,1,45,-1,-1,-1,-1,-1,-1,380,3175,380,380,2402,696,3175,380,380,2402,696,1093,No
20000,Female,2,2,40,-1,-1,-1,-1,-1,-2,295,748,-2,221,0,0,748,0,223,0,0,2016,No
360000,Female,2,2,36,-2,-2,-2,-1,-1,-2,-149,-149,-4,585,139,0,0,145,744,139,0,0,Yes
150000,Female,1,1,41,-1,-1,-1,-1,-1,-1,7939,6610,6994,8102,25715,11350,6629,7034,8112,25715,11350,12595,No
170000,Female,1,1,45,0,0,0,0,0,0,73326,68712,60324,88057,89040,90716,3504,3500,30000,3300,3200,0,No
200000,Female,3,2,49,1,-2,-1,-1,-1,-2,0,0,3614,714,0,0,0,3614,721,0,0,6728,Yes
60000,Female,3,1,48,-1,-1,-1,-1,-1,-1,4823,5471,8422,4377,3910,2431,5491,9683,4377,3918,2431,2120,Yes
80000,Female,2,1,29,0,0,0,0,0,0,19578,18231,17950,14699,12466,11445,1620,1600,1419,1000,1000,1000,No
40000,Female,3,1,30,1,2,0,0,0,0,40672,39724,39475,39078,38339,38665,9,2143,1606,1500,1410,1507,No
50000,Female,3,2,39,2,2,0,0,2,0,20039,19369,16586,18696,18100,18475,0,1280,2390,0,816,688,Yes
40000,Female,2,1,39,-1,-1,-1,0,0,0,500,0,18583,19353,19440,20279,0,18583,1460,547,1000,500,No
120000,Female,2,2,25,2,3,3,3,4,4,94635,97592,100536,103478,104886,107220,5400,5400,5500,4600,4600,5200,No
200000,Female,1,2,25,1,2,3,2,3,2,133797,144095,140383,146531,142795,136981,14000,0,10000,0,0,5100,Yes
30000,Female,2,2,29,0,0,2,0,0,-2,22501,20210,8762,6200,0,0,2429,5,1062,0,0,0,No
260000,Female,5,1,33,0,0,-1,-1,0,0,2229,3140,2740,107139,105188,104418,1000,2740,107139,4000,4000,4696,No
390000,Female,2,2,31,0,0,2,0,0,0,103061,106464,88653,82226,71559,72492,7600,20,3510,3349,3000,6000,No
150000,Female,2,2,32,6,5,4,3,2,2,81341,79529,77757,75841,73678,77273,0,0,0,0,4874,1000,No
30000,Female,3,1,32,0,0,0,0,0,0,30096,30287,28823,26799,25457,26143,1494,1445,1506,912,1097,1000,No
90000,Female,2,3,36,0,0,0,0,0,0,91337,91458,91049,70101,28942,27508,4000,3137,5094,1106,1001,1201,No
150000,Female,2,1,39,0,0,0,0,0,0,16878,7632,33019,31366,31709,42632,5000,30000,3000,5000,15000,6000,No
30000,Female,2,1,39,0,-1,-1,2,0,0,22215,18243,29013,28256,28979,31369,18243,11500,0,1177,3000,0,No
200000,Female,2,2,36,0,0,0,0,0,0,138636,140982,145038,146190,148989,130481,5048,6726,5451,5774,4739,5500,No
30000,Female,1,2,38,-2,-2,-2,-2,-2,-2,1232,764,1909,544,390,954,764,1920,544,390,954,1913,No
30000,Female,3,1,48,0,0,0,0,0,2,14834,15844,18883,17901,19241,18794,1261,3300,1301,1641,0,860,Yes
50000,Female,2,1,29,0,0,0,0,0,0,20103,21466,23122,24654,26365,25844,2000,2000,2000,2000,2000,2000,No
310000,Female,2,1,29,0,0,0,0,0,0,26597,27141,25567,21794,20911,14023,1732,1408,1209,622,600,748,No
500000,Female,3,1,36,-2,-2,-2,-2,-2,-2,27866,1062,27610,18133,2506,169233,1062,27648,25012,2506,169233,11952,No
300000,Female,2,1,36,-1,0,0,0,0,0,6447,14383,15576,16524,17096,12144,10000,2000,1500,1000,1000,1000,No
30000,Female,1,1,30,0,0,-1,2,-1,-1,3836,4380,1169,779,566,1361,1016,1169,0,567,1365,1834,No
30000,Female,3,2,31,0,0,0,2,2,0,26667,27675,30611,30647,28245,24357,1455,3391,949,0,745,584,No
200000,Female,1,2,32,-2,-2,-2,-2,0,0,0,0,-10542,148287,146948,148772,0,1685,326974,5200,5500,6000,No
130000,Female,3,1,32,0,0,0,0,0,0,126741,126889,125733,118394,96230,98583,6100,6103,4823,4000,4000,4000,No
120000,Female,1,2,33,-1,-1,-1,-1,-1,-2,2446,326,0,28776,0,0,326,0,28776,0,0,0,No
170000,Female,2,2,31,0,0,0,-1,-1,-2,20625,21386,0,522,0,0,1700,0,522,0,0,0,No
210000,Female,1,1,34,-1,-1,-1,-1,-1,-1,8289,16585,9396,16992,9506,4837,16585,10455,16992,9509,4837,11899,No
130000,Female,2,1,34,0,0,0,0,-2,-2,41379,24462,15720,0,0,0,3057,1047,0,0,0,0,No
420000,Female,2,1,35,0,0,0,0,0,0,67877,68979,57706,55628,54797,52759,3527,3000,4000,2500,2000,2100,No
180000,Female,2,1,39,0,0,0,0,0,0,130374,129889,114559,113759,94665,97134,5812,6000,6100,4000,4000,4000,No
240000,Female,2,2,40,0,0,0,0,0,0,127919,93266,95837,49459,47631,37750,4000,4840,4000,1500,2000,2000,No
100000,Female,2,1,44,1,2,0,0,3,2,76725,74901,76094,84457,82525,81086,0,3000,9657,0,0,3200,Yes
130000,Female,3,2,45,0,0,0,0,0,0,38222,37939,37705,37391,38137,37647,1612,1639,1586,1332,1352,1382,No
20000,Female,2,1,43,1,2,3,2,2,2,11501,12998,13492,12978,13962,13595,2000,1000,0,1200,0,3000,Yes
50000,Female,2,2,46,0,0,0,0,0,0,46746,44808,44899,46346,47273,48357,2100,2100,2500,2000,2000,3000,No
70000,Female,2,1,38,0,0,0,0,0,0,19500,19884,20567,21526,21499,21556,1400,1400,1700,1000,781,815,No
30000,Female,3,1,41,-1,-1,-1,-1,-1,-1,1688,0,850,2158,0,1935,0,850,2158,0,1935,0,No
50000,Female,3,1,48,0,0,0,0,0,0,41842,42422,43050,43650,45217,46044,1984,2019,2026,3000,2000,1500,Yes
500000,Female,3,1,41,0,0,0,0,0,0,119455,120499,124836,37334,34944,24355,7012,10522,6133,24408,122,17398,No
200000,Female,1,2,41,-1,-1,-1,-1,-1,-1,504,2502,21699,2914,3392,4343,2502,21699,3003,3392,4343,326,No
120000,Female,2,1,42,2,2,3,2,2,3,25809,29366,28615,29347,30868,30099,4300,0,1500,2300,0,0,Yes
200000,Female,2,1,49,-1,0,0,-1,0,0,75853,78983,133236,6574,2924,-626,6065,70538,6634,10,0,0,No
100000,Female,2,1,42,1,2,2,-2,-2,-2,3256,3020,0,0,0,0,0,0,0,0,0,0,No
50000,Female,2,2,38,0,0,0,0,2,2,7980,10513,9922,8633,8385,7862,3000,1200,1800,0,1600,0,No
50000,Female,2,1,36,3,2,2,2,3,2,47222,48142,48082,51969,50865,49611,2000,1000,5000,0,0,2500,Yes
50000,Female,1,1,43,0,0,0,0,0,2,49819,49390,50612,29975,30559,29433,2227,2449,1778,2382,0,1251,Yes
550000,Female,1,2,33,0,0,0,0,0,0,337733,261223,267274,273547,172198,176573,10000,11000,12300,6300,8000,8000,No
30000,Female,2,1,35,1,-1,0,0,2,0,0,741,1775,3040,2843,3052,741,1034,1299,0,255,106,No
150000,Female,3,1,39,-1,-1,-1,0,-1,-1,5211,33474,18488,45489,9069,20203,33522,18516,35701,9099,20226,20786,No
140000,Female,2,2,27,0,0,0,2,2,2,119692,91710,91744,70832,70768,71755,5000,8000,0,8000,3000,0,No
50000,Female,2,2,48,0,0,0,0,0,0,55329,51870,53164,46575,26609,27178,1902,2176,2064,1098,2134,1139,No
160000,Female,3,2,39,0,0,0,0,0,0,156000,155866,159005,159248,118904,119243,5559,7677,6039,4176,4300,4576,No
50000,Female,2,1,26,0,0,-1,0,0,0,1804,5195,15371,14163,15517,14685,4000,15387,1500,2000,1000,2000,No
50000,Female,1,1,28,0,0,0,0,0,0,27888,18602,9795,32694,28899,28924,2000,4239,28000,1015,2000,1500,No
110000,Female,1,2,33,-2,-2,-2,-2,-2,-2,0,0,0,0,0,0,0,0,0,0,0,766,No
50000,Female,3,1,46,2,2,2,2,0,0,46677,48101,49060,47086,9306,8962,2500,2400,4,503,1109,703,Yes
350000,Female,2,2,31,1,2,0,0,0,0,279767,253462,259137,264798,269673,275672,0,9754,10000,9396,10083,9439,No
70000,Female,2,1,42,0,0,0,0,0,0,24133,24741,25074,25978,26341,26093,1702,1424,1717,1080,1094,969,No
210000,Female,1,1,38,1,-2,-1,-1,-1,-1,0,0,517,-1,932,1066,0,517,0,933,1066,462,No
180000,Female,2,1,36,0,0,0,0,-2,-1,20138,21494,25600,0,0,36565,2000,5000,0,0,36565,1548,No
30000,Female,3,1,28,0,0,0,2,2,0,12430,13419,15897,16340,15780,16127,1200,2700,1000,0,600,1400,No
630000,Female,1,1,31,0,0,0,0,0,0,447263,458762,470298,480587,385587,373910,20000,20000,20000,15000,15000,15000,No
220000,Female,2,1,41,0,0,0,0,0,0,143660,126532,90013,91191,86139,83743,5005,4500,4006,3000,3000,3000,No
280000,Female,1,1,44,0,0,0,0,0,0,230931,235635,197003,198808,187425,177340,8634,7665,6497,5555,5027,5065,No
340000,Female,2,1,40,0,0,0,0,0,0,244451,230907,228760,229404,161551,164936,10000,10000,7100,5800,5915,6100,No
180000,Female,1,2,33,2,-1,-1,-1,-1,-1,416,416,416,416,150,982,416,416,416,150,982,416,Yes
250000,Female,2,1,35,-2,-2,-2,-2,-2,-1,7379,42849,24502,25016,33754,4418,45000,25000,15167,80000,5000,6000,No
20000,Female,2,2,48,1,3,2,2,2,2,17100,16537,16283,17708,18121,17692,0,300,2000,1000,0,792,Yes
140000,Female,2,1,40,0,0,0,0,0,0,102502,101164,99579,99004,88485,85218,5000,5000,5000,3000,3000,4000,No
130000,Female,2,2,44,2,0,0,2,2,2,72181,73086,78411,79725,81311,83048,2700,6500,3200,3500,3200,3300,Yes
120000,Female,1,1,38,0,0,0,0,0,0,65645,71406,29044,21889,14536,25636,15000,1462,1000,3000,14000,254,No
360000,Female,1,1,42,1,-2,-2,-2,-2,-2,0,0,0,0,0,0,0,0,0,0,0,0,No
240000,Female,2,1,43,0,0,0,0,0,0,50120,48502,49001,47026,45827,39527,1781,2200,1923,1682,2000,2000,No
100000,Female,3,1,46,2,2,2,2,2,2,43677,42674,45983,46927,47759,46865,0,4000,2000,1900,0,2000,Yes
200000,Female,1,1,37,-2,-2,-2,-2,-2,-2,1324,0,0,0,0,0,0,0,0,0,0,0,No
80000,Female,2,1,29,2,2,2,2,2,2,72674,74192,72464,76613,77908,76034,3300,0,6000,3100,0,4200,No
210000,Female,1,2,32,-2,-2,-2,-2,-2,-2,19959,1592,-2,560,6190,243,1603,0,562,6196,243,4061,No
180000,Female,1,2,31,-2,-2,-2,-2,-2,-2,0,0,0,0,0,0,0,0,0,0,0,0,No
70000,Female,2,1,33,0,0,0,0,0,0,66701,69907,67450,61902,19551,27831,53000,26017,40000,17000,24000,28000,No
60000,Female,2,2,36,0,0,0,0,0,0,57724,56597,50766,47022,31606,30820,2000,5015,2000,3000,1300,1500,No
200000,Female,1,1,49,-1,-1,-1,-1,-1,-1,950,950,950,950,0,1900,950,950,950,0,1900,950,No
50000,Female,2,2,48,-1,-1,0,0,0,0,879,8061,8290,7838,7998,8161,8061,1398,1000,160,163,9217,No
50000,Female,3,1,46,1,2,-1,3,2,0,8354,6024,116,116,9982,8143,0,116,0,10040,400,2272,Yes
70000,Female,2,1,41,0,0,0,2,0,0,68953,68908,68799,65250,53934,54149,3000,3810,2010,2054,2000,1872,No
130000,Female,2,1,48,0,0,0,0,-1,-1,23575,17719,12167,6500,6788,6887,1300,1200,1000,6788,6900,13041,No
140000,Female,2,1,47,-2,-2,-2,-2,-2,-2,0,0,0,0,0,0,0,0,0,0,0,0,No
350000,Female,3,1,36,0,0,0,0,0,0,42548,41593,40375,37959,36416,34875,2000,2000,2000,1200,1200,1500,No
150000,Female,1,2,30,0,-1,0,0,-2,-2,7674,432,2232,0,0,0,432,2000,0,0,0,5757,No
50000,Female,2,1,39,0,0,0,0,0,0,32802,31002,32115,31824,32498,21757,1497,2000,1000,1064,1059,290,No
50000,Female,3,1,47,0,0,0,-2,-2,-2,38909,14512,0,0,0,0,1000,0,0,0,0,0,No
30000,Female,2,2,36,0,0,0,0,0,0,11896,12990,14073,15131,15579,16175,1600,1600,1600,1000,1000,1000,No
20000,Female,3,1,38,0,0,0,0,0,0,15894,15354,14786,16457,15423,14837,1225,1329,2000,2000,700,1500,No
50000,Female,2,2,33,0,0,0,0,0,0,26740,12498,16264,17918,16072,17041,2000,4000,2000,1000,2000,2396,No
30000,Female,2,2,47,2,2,2,2,2,2,15089,16039,17080,17302,17521,17893,1500,1600,800,800,800,800,Yes
230000,Female,0,2,47,-1,-1,-1,2,-1,-1,8394,5743,1336,255,5425,4838,5743,1598,0,5425,4838,3840,No
70000,Female,3,1,43,2,2,0,-1,0,0,85863,78125,68899,69131,29289,29898,0,1378,70000,1185,1220,1119,Yes
30000,Female,2,2,49,0,0,0,0,2,2,15013,15856,18083,20275,20445,20971,1400,2500,2500,800,1000,800,No
150000,Female,3,1,33,0,0,2,0,0,0,147350,154848,151591,151549,146417,137835,11150,0,4845,8046,9200,5100,No
250000,Female,2,1,31,0,0,0,0,0,0,142905,113367,93844,74441,74553,64640,4000,4100,3010,2205,2045,2200,No
200000,Female,2,1,46,1,2,2,0,0,2,30783,33017,30413,32582,34727,36036,3058,0,3000,3000,2002,0,No
190000,Female,2,1,31,1,-1,-1,2,-1,-1,-92,465,3022,1397,1554,1561,2000,4000,0,1600,1600,1700,No
390000,Female,1,1,33,0,-1,0,0,0,0,5602,48329,45281,31219,24962,17002,48329,2287,1500,4962,815,10000,No
20000,Female,3,1,36,0,0,2,0,0,0,14822,17216,17541,18300,19100,2200,3641,900,1200,1000,100,0,Yes
200000,Female,2,1,47,0,0,0,0,0,0,193229,197253,158980,157837,127528,119550,9058,7260,7367,4303,4551,4411,No
60000,Female,2,1,38,0,0,0,0,0,0,58890,59620,60039,58887,29050,26055,2620,2906,2588,1055,2058,1339,No
30000,Female,2,2,39,0,0,0,2,0,0,28144,27470,30698,28981,27673,27826,2000,4000,0,1000,1000,0,No
230000,Female,2,2,38,-2,-1,0,0,0,0,845,53006,50879,50660,51282,53162,53021,2280,2133,1138,3186,1179,No
140000,Female,2,1,44,0,0,0,0,0,0,127254,109717,81545,81454,60176,79728,6050,3700,2000,3000,20000,1500,Yes
20000,Female,1,2,31,3,2,2,2,2,0,6186,5941,8541,8560,8274,9135,0,2869,305,0,1000,1000,Yes
100000,Female,2,2,35,-1,-1,-1,-1,-1,0,1046,2700,2187,678,2040,944,2702,2187,678,2040,0,0,No
210000,Female,2,2,45,1,-2,-2,-2,-2,-2,0,0,0,0,0,0,0,0,0,0,0,0,No
50000,Female,1,2,39,0,0,0,0,0,0,47381,48697,48322,45353,19426,19857,2116,2320,1300,1000,700,600,No
200000,Female,2,2,30,-2,-2,-2,-2,-2,-2,4690,2026,4900,1508,2451,2966,2028,4942,1508,2467,2972,6317,No
50000,Female,1,1,30,0,0,0,0,0,0,46791,42675,34256,30723,19766,20449,1593,1855,1341,706,1000,5454,No
150000,Female,1,1,31,0,0,0,0,0,0,138121,145763,134887,105822,86341,88072,10001,6712,5500,3400,3201,3403,No
30000,Female,2,1,32,0,0,0,0,-2,-2,17168,28655,29239,9435,724,724,12155,2000,1920,724,724,3294,Yes
30000,Female,2,2,34,1,2,0,0,0,0,29678,28878,26758,27462,28014,29826,0,1751,1455,1007,2268,0,Yes
30000,Female,2,1,38,0,0,0,0,0,2,19707,21022,22080,22810,25772,26360,1650,1700,1400,3355,1146,0,No
130000,Female,2,1,39,1,-2,-2,-2,-2,-2,0,0,0,0,0,0,0,0,0,0,0,0,No
30000,Female,2,1,43,2,2,2,2,2,2,28264,28703,26622,24022,24368,20859,2000,1300,2,1608,0,900,Yes
120000,Female,1,1,33,0,0,0,-1,-1,0,35563,25614,19747,1201,2333,2250,1426,6400,1500,2700,0,0,Yes
100000,Female,2,2,43,0,0,0,2,2,0,51146,54716,58766,58950,56889,60255,5000,5500,2300,0,5000,5000,No
100000,Female,2,1,38,0,0,0,0,0,0,88231,91090,95935,78939,28667,29549,4326,7400,2914,1500,1500,1500,Yes
70000,Female,2,2,44,0,0,0,-1,0,0,79696,75167,75183,69385,30103,3752,3100,1600,94540,1124,100,3091,Yes
320000,Female,1,1,36,-1,2,0,0,0,0,7868,6728,13355,16876,20443,24101,0,8000,5000,5000,5000,11906,No
210000,Female,2,1,45,0,0,0,0,0,0,209495,213691,214177,192223,125412,113281,8000,10730,7100,4052,4000,3300,No
90000,Female,3,1,37,0,0,0,0,0,0,78159,82779,86905,88310,79842,81235,8000,7500,4000,3000,2700,17000,No
360000,Female,2,1,35,0,0,0,0,0,-2,127548,61629,59194,59444,-2206,-2206,2145,3721,2839,1303,0,0,No
140000,Female,3,1,30,0,0,0,0,2,0,93157,96304,98007,82227,65000,60848,4700,4505,12906,0,2210,2300,No
300000,Female,1,1,32,-1,-1,-1,-1,0,0,3092,1589,2039,13926,13804,11600,1589,2039,13926,1304,0,5355,No
90000,Female,2,1,43,2,-1,2,-1,0,-1,390,780,390,780,390,780,780,0,780,0,780,0,Yes
170000,Female,3,2,44,1,-1,-1,-1,-1,-2,0,4142,2260,5053,0,0,4142,2260,5053,0,0,0,Yes
190000,Female,2,1,46,0,0,0,0,0,0,140626,114690,110884,111200,87619,92418,8000,5000,12028,5000,10418,5000,No
140000,Female,2,1,40,-1,-1,-1,-1,-1,0,815,8397,390,390,780,390,8419,390,390,780,0,390,Yes
200000,Female,1,1,37,0,0,0,0,2,2,37958,40487,41590,43967,44722,46032,3023,1600,2900,1600,2000,0,No
500000,Female,2,1,43,0,0,-2,-1,0,0,53477,0,0,113904,116168,117375,0,0,113904,4130,4356,4103,No
300000,Female,1,1,38,-1,-1,-1,-1,-1,0,2884,3558,2778,2778,5367,2589,3558,2778,2778,5367,0,3661,No
180000,Female,2,2,29,0,0,0,0,0,0,151652,146805,143134,136777,133938,133723,6000,7000,5000,5000,5000,4679,No
360000,Female,3,1,44,-1,-1,-1,-1,-1,-1,2877,1852,2068,2185,9561,321,1861,2078,2361,9608,322,322,No
90000,Female,2,1,32,0,0,0,0,0,0,68248,57751,45074,38489,28558,29245,2388,2000,2412,1200,1300,1200,No
150000,Female,2,1,44,-2,-2,-2,-2,-2,-2,0,0,0,0,0,0,0,0,0,0,0,0,No
500000,Female,1,1,30,0,0,0,0,0,0,224387,165727,119760,72506,60548,57212,10100,7041,4123,5039,5071,3548,No
80000,Female,2,2,29,0,0,0,0,0,0,24822,25824,26605,27920,28358,29000,1720,1500,1762,1200,1250,3200,No
10000,Female,3,2,46,1,2,-1,2,0,0,4474,189,3510,3306,3551,5577,0,3510,0,300,2260,2000,Yes
180000,Female,1,1,46,-1,-1,-1,-1,-1,-1,9509,15419,14188,11926,9718,34322,16359,14293,11949,9737,34449,25691,No
150000,Female,5,2,36,0,0,0,0,0,0,144833,141559,80614,110343,64419,18536,6041,13013,64442,3000,2000,4000,No
80000,Female,1,1,44,-1,-1,-1,-1,-1,-1,14686,3673,11285,500,500,6155,3673,11285,500,500,6155,1440,No
60000,Female,2,1,30,1,2,0,0,2,2,14135,13616,16065,18092,17504,19216,0,3000,2300,0,2000,0,Yes
240000,Female,1,1,35,-1,-1,-1,-1,-1,-1,380,380,380,380,0,380,380,380,380,0,380,760,No
50000,Female,3,1,35,-1,-1,0,0,0,0,10458,37907,33604,25303,17841,6980,37907,1599,1200,0,0,3570,No
230000,Female,1,2,33,0,0,0,0,0,0,19518,21735,22599,20600,24132,38793,3735,3599,3600,4132,15000,5865,No
40000,Female,2,2,33,0,0,0,0,0,0,34253,34954,36093,36891,37019,40734,1567,2000,2000,1318,4610,0,No
250000,Female,2,1,33,3,2,2,-2,-2,-2,2500,2500,0,0,0,0,0,0,0,0,0,0,Yes
50000,Female,2,1,32,1,2,2,2,0,0,51132,49594,50292,48532,27308,27539,0,4800,0,1200,1200,1400,No
120000,Female,3,1,39,2,2,2,2,4,3,49437,51505,53582,58310,57150,55961,3500,3500,6200,358,0,2100,Yes
50000,Female,3,2,41,2,2,2,2,2,2,23043,24064,24981,25473,25857,26298,1700,1600,1200,1100,1000,0,Yes
60000,Female,2,1,38,0,0,0,0,0,0,55120,47123,48367,48264,29144,27534,1735,1979,1443,988,974,2001,No
50000,Female,2,1,43,0,0,0,0,-2,-2,17870,9230,10000,0,0,0,1500,1000,0,0,0,0,Yes
400000,Female,1,1,48,-1,2,2,-2,-1,0,1908,1442,8162,-1010,3332,331,0,8513,457,4903,313,4816,No
50000,Female,2,3,39,0,0,0,0,0,0,49005,49407,45881,45784,50072,49112,6000,5000,5000,8000,4000,4000,No
100000,Female,3,2,31,0,-1,-1,0,-1,-1,15856,510,2279,1796,466,466,510,2279,1730,466,466,468,No
100000,Female,2,2,34,0,0,0,0,0,0,22173,22776,23837,24166,24216,24901,1372,1829,1554,1000,1000,586,No
360000,Female,1,2,35,-1,0,0,-1,0,0,1555,6392,3773,17917,21057,0,6000,3000,18117,5371,0,0,No
30000,Female,3,2,41,0,0,0,0,0,0,12001,12450,12040,12739,7610,7000,1485,1301,1000,152,140,780,No
50000,Female,2,1,32,0,0,0,0,0,0,36062,36345,10529,8337,2475,0,1500,1847,1000,0,0,0,No
80000,Female,2,1,28,2,0,0,0,0,0,52062,49884,22348,22063,8723,7254,2158,1708,1411,4,21,220,Yes
150000,Female,2,2,28,-1,-1,-1,-1,-1,0,326,326,326,326,652,326,326,326,326,652,0,326,No
10000,Female,3,1,33,2,2,2,0,0,0,7708,9912,9608,9639,9985,11084,2500,0,1200,500,1400,1,No
200000,Female,2,1,35,0,0,0,0,0,0,3773,7677,14704,8000,10285,16285,4000,7240,2000,2285,6000,1500,No
220000,Female,1,1,37,0,0,0,0,0,0,152197,154167,158981,162348,164162,168013,6000,7300,7500,6000,6500,7000,No
220000,Female,1,2,30,0,0,0,0,0,0,204491,176733,174680,61523,61415,61982,7000,7500,2369,2000,2078,2500,No
390000,Female,2,2,33,0,0,0,0,0,0,45818,144656,148366,99008,69990,71935,100000,6000,3704,2741,3314,2556,No
350000,Female,2,1,36,1,-2,-2,-2,-1,0,0,0,0,0,11525,11760,0,0,0,11525,235,2270,No
560000,Female,2,1,45,0,0,0,0,0,0,374663,382010,379652,387706,334908,341884,13195,13510,14292,11553,12130,11703,Yes
240000,Female,1,1,37,0,0,0,0,0,0,173677,176304,355496,176402,174440,172806,8000,9500,12448,6155,6453,6390,Yes
410000,Female,2,1,43,0,0,0,0,0,0,6917,7548,8726,9760,9570,8935,1130,2000,2200,312,500,363,No
90000,Female,2,2,36,1,-2,-2,-2,-2,-2,0,0,0,0,0,0,0,0,0,0,0,3500,Yes
30000,Female,1,2,31,0,0,0,2,0,0,28803,28635,30217,28919,29302,28603,1800,3600,0,1500,1500,3300,No
40000,Female,2,1,33,1,2,2,2,2,2,23734,24644,25749,26127,26401,25839,1600,1800,1100,1000,0,2300,Yes
390000,Female,2,1,41,0,0,0,0,0,0,216622,214504,212726,210556,208317,205339,7244,7500,7228,7103,7214,7000,No
90000,Female,2,2,32,3,2,2,2,0,0,27565,28613,29364,28596,30120,31285,1800,1500,0,2000,1650,1000,Yes
300000,Female,2,1,36,0,0,0,0,0,0,147051,138726,139649,104245,56788,57920,6700,5800,5000,2200,2200,2600,No
220000,Female,1,1,33,0,0,0,0,0,0,204205,210183,212877,189161,180715,171449,20000,10000,8140,8000,7000,10000,No
140000,Female,3,1,35,0,0,0,0,0,0,119184,130939,90894,85805,85907,88615,14113,5000,3000,4000,4000,10000,No
150000,Female,6,1,47,0,0,0,0,0,0,89327,90666,91721,93063,92758,93876,4539,4218,4204,3296,3408,3416,No
120000,Female,3,1,44,0,0,0,0,0,0,16735,18150,19528,19065,18617,21381,2000,2000,2000,1000,3000,2000,No
200000,Female,2,1,37,1,2,0,0,0,0,7841,7569,9282,10155,12470,13571,0,2000,1155,2470,1265,0,No
20000,Female,2,1,40,0,0,0,0,0,0,4314,5190,6554,6895,5844,6079,1500,2000,1032,155,1000,0,Yes
110000,Female,2,1,41,2,2,2,2,2,2,23078,25883,25182,28945,28183,29869,3200,0,4200,0,2300,0,Yes
290000,Female,2,2,34,0,0,0,0,0,0,305781,310403,315048,314085,317631,315820,12012,12012,12012,11016,11088,12031,No
210000,Female,3,1,45,0,0,0,0,0,0,124147,81641,54971,37849,42240,32981,5000,5000,4000,5000,1500,4000,No
370000,Female,2,2,40,-2,-1,0,0,0,2,11403,191438,189957,188960,195476,184094,191446,7002,6854,15960,0,122400,No
80000,Female,3,0,41,0,0,0,0,0,0,69964,52041,39864,38934,38816,38850,3082,2500,2200,2000,2000,2000,No
200000,Female,3,1,42,-2,-2,-2,-2,-2,-2,1261,1261,1261,1261,1261,1256,1261,1261,1261,1261,1256,1880,No
180000,Female,2,1,35,-1,-1,-1,-1,-2,-2,1264,176,1247,0,0,0,176,1247,0,0,0,1768,No
260000,Female,2,2,35,0,0,0,0,0,0,131211,132175,133289,134642,137065,108328,4001,4215,4101,4000,3300,3300,No
50000,Female,2,1,43,0,0,2,2,0,0,17102,19805,21188,20550,21209,21713,3000,2000,0,1000,1000,1000,Yes
150000,Female,3,1,40,-1,-1,-1,-1,-1,-1,5916,5876,5956,5876,5496,5116,5876,5956,5876,5496,5116,5496,No
190000,Female,3,1,45,0,0,0,0,0,0,76433,78472,80548,81778,83082,84811,3300,3331,3359,2663,2751,3000,No
160000,Female,2,2,42,-1,-1,-1,-1,-1,-1,13849,40862,2239,552,19367,-1,40991,2252,553,19425,0,649,No
180000,Female,2,1,37,0,0,0,0,0,0,107337,48433,46325,47354,48323,49416,2000,1771,1800,1750,1893,2000,No
130000,Female,2,2,32,0,0,0,0,0,0,7469,8472,9143,9741,9713,9458,1138,1173,1138,477,400,600,No
30000,Female,2,1,47,0,0,2,2,2,2,27119,29243,31037,30908,29969,29488,2894,2559,800,600,1000,0,No
100000,Female,2,1,36,1,2,2,2,2,0,32196,31379,33862,35007,34147,35437,0,3000,2000,0,2000,3500,Yes
20000,Female,2,2,37,1,2,0,0,0,2,16174,15617,16646,17648,18819,17992,0,1285,1287,1458,0,644,Yes
100000,Female,2,1,43,-1,-1,-1,-1,-1,-1,1597,2491,1709,574,556,2306,2491,1709,574,556,2306,2562,No
20000,Female,2,1,40,0,0,0,0,-1,-1,10470,10186,9936,10790,230,-160,1145,1546,1400,390,73,19371,No
20000,Female,2,1,35,2,0,0,2,2,2,5890,7282,9455,9154,10001,10046,1500,2454,0,1000,350,0,Yes
20000,Female,3,2,48,0,0,0,0,0,0,17332,18600,17947,18758,19292,19201,1580,1367,1178,712,742,2000,No
50000,Female,3,1,42,2,0,0,0,2,2,31422,32420,33462,36199,36803,37566,1521,1563,3300,1500,1500,1600,Yes
110000,Female,2,1,38,2,2,0,0,0,2,41619,40650,41744,42783,47476,45355,0,1750,1750,5400,700,1000,Yes
60000,Female,2,1,48,0,0,0,0,0,0,50806,50980,51874,51808,16941,17295,2000,2100,1400,600,1000,1000,Yes
50000,Female,2,2,35,1,2,0,0,-2,-2,50421,41408,35929,0,0,0,0,2180,0,0,0,0,No
200000,Female,1,2,40,2,2,0,0,0,2,185696,181236,185410,189069,197736,183299,0,8600,8300,13257,917,7000,Yes
360000,Female,2,1,48,-2,-2,-2,-2,-2,-2,0,0,0,0,0,0,0,0,0,0,0,0,No
110000,Female,2,1,35,0,0,0,0,0,0,46640,47686,48737,50157,51560,52965,1600,1600,2000,2000,2000,2000,No
180000,Female,2,2,39,0,0,-1,-1,-2,-2,2875,0,2125,0,0,0,0,2125,0,0,0,0,No
180000,Female,2,2,31,-2,-1,-1,-2,-2,-2,0,1152,3338,0,0,0,1152,3338,0,0,0,0,No
50000,Female,2,2,42,0,0,0,0,0,0,48080,48062,48667,49311,24663,24854,1763,2112,1756,324,336,351,No
570000,Female,1,1,39,-2,-2,-2,-2,-2,-2,2394,3872,3635,5130,7563,4889,3882,3653,5145,7573,4894,4232,No
30000,Female,2,1,45,1,2,2,2,2,2,13440,13923,17194,16625,17442,18016,1000,3500,0,1400,1000,1000,No
140000,Female,2,1,46,-1,-1,-1,-1,-1,-1,264,1024,264,1024,264,264,1024,528,1024,264,264,414,No
50000,Female,2,1,44,0,0,0,0,0,0,3351,4368,5391,6401,6528,6664,1077,1100,1106,233,241,243,Yes
50000,Female,1,1,35,0,0,2,2,2,0,44487,47438,46400,49276,48286,47915,4000,0,3700,0,2000,6000,Yes
120000,Female,1,2,35,1,-2,-1,-1,-1,-1,0,0,234,4394,3164,5700,0,234,4394,3164,5700,300,Yes
120000,Female,1,2,35,-1,-1,-1,-1,0,-1,2776,2549,2558,2577,249,1976,2549,2558,2577,0,1976,1000,Yes
180000,Female,2,1,40,-1,-1,-1,-1,-1,-2,899,2879,8750,9931,0,7760,2879,8750,9931,0,7760,3450,No
80000,Female,3,1,42,0,0,-2,-2,-2,-2,71650,0,0,0,0,0,0,0,0,0,0,0,No
300000,Female,1,1,43,-2,-2,-2,-2,-2,-2,-763,-754,-745,-1302,-527,-518,1000,1000,1100,1100,1000,2500,No
80000,Female,1,1,37,-1,-1,-2,-2,-2,-2,1330,0,0,0,0,0,0,0,0,0,0,0,No
70000,Female,2,2,34,2,0,0,0,0,0,71332,71122,70012,66541,31609,31259,2744,3239,3405,1085,1102,1155,Yes
320000,Female,2,1,40,0,0,0,0,0,0,96225,99606,100704,208794,213025,217400,5000,2704,108794,5123,5255,5333,No
500000,Female,1,2,35,0,0,0,0,0,0,12590,13598,14650,15559,14861,15173,1225,1277,1186,478,496,509,No
250000,Female,1,2,35,-1,-1,-1,-1,0,0,4807,10446,17904,99464,86180,36038,10446,17911,99738,4055,0,0,No
230000,Female,2,1,46,0,0,0,-1,-1,-1,8136,3590,2936,476,476,476,1500,1000,476,476,476,1685,No
80000,Female,3,1,45,0,0,0,0,0,0,35401,36399,37689,38580,39104,39484,1587,1877,1768,1292,900,1365,No
170000,Female,2,1,40,2,-1,2,-1,-1,-1,193,3760,3500,7190,9000,0,3760,0,7190,9000,0,0,Yes
110000,Female,3,0,31,0,0,0,0,0,0,89955,89989,84229,79288,73315,63818,7908,4000,5000,3000,3000,3000,No
240000,Female,1,2,31,0,0,-2,-2,-2,-1,43601,-15,-15,-15,-15,1185,0,0,0,0,1200,0,No
150000,Female,3,1,46,0,0,0,0,0,0,61510,62731,64047,65966,66671,68067,2240,2321,2980,2400,2468,2611,No
90000,Female,3,1,37,0,0,0,0,0,0,91193,91078,86785,79894,50546,34427,7006,5026,7031,6000,1345,1500,No
100000,Female,2,1,36,2,0,0,0,0,0,101483,101638,101461,101461,91752,91532,4500,5000,4000,3300,3400,15003,Yes
30000,Female,2,1,42,2,2,0,0,0,0,30149,28117,27761,28053,28249,23580,0,2000,1507,3100,3100,3100,Yes
80000,Female,2,1,40,2,0,0,-2,-2,-2,80934,82150,0,0,0,0,3800,0,0,0,0,0,Yes
260000,Female,2,1,49,-1,-1,-1,0,0,0,8046,2184,15475,10981,8566,4741,2184,15482,2000,3000,1000,5125,Yes
200000,Female,3,1,43,-1,-1,-1,-1,-1,-1,623,623,5477,623,623,773,623,5477,623,623,773,623,No
20000,Female,3,1,39,2,3,2,2,3,2,15307,14769,15232,16677,16119,16548,0,1000,2000,0,1000,1000,Yes
160000,Female,1,2,31,-1,2,-1,-1,-1,-1,1494,696,1395,898,894,2198,2,1399,903,896,2204,786,Yes
70000,Female,2,2,38,1,2,2,2,2,2,21047,22102,22949,23275,23596,23078,1700,1500,1000,1000,0,2100,No
20000,Female,2,1,43,0,0,0,0,0,0,6459,7470,8492,9547,20766,12197,1123,1145,1200,2000,3000,1000,No
200000,Female,1,1,45,-1,-1,-1,-1,-2,-2,632,337,670,0,0,0,337,670,0,0,0,451,No
440000,Female,3,1,49,0,0,0,0,0,0,386288,367400,347445,354373,307773,293357,14453,12611,13022,10572,10270,10722,No
20000,Female,3,1,43,4,3,2,2,0,0,20461,19833,20502,19461,19244,20130,0,1700,0,800,1600,1000,No
110000,Female,1,1,35,0,0,0,0,0,0,107905,101573,104079,104829,107400,105694,4000,5300,4000,4200,4000,3800,No
50000,Female,2,1,33,0,0,0,0,2,2,40738,43923,45409,47718,46480,48756,4200,2500,3500,0,2800,1400,No
290000,Female,1,1,35,-2,-2,-2,-1,0,0,0,0,0,2262,5205,8114,0,0,2262,3000,3000,0,Yes
480000,Female,2,1,38,-1,0,0,-1,0,0,4658,10545,13258,51723,40511,37226,6000,3066,51800,5030,3039,3112,No
30000,Female,2,1,30,0,0,0,0,2,0,24061,25156,25949,28478,27754,28186,1800,1500,3000,0,1001,2500,Yes
500000,Female,4,1,39,1,-1,-1,-2,-2,-1,-397,227,-37,-37,-37,213,2200,0,0,0,250,0,No
80000,Female,2,2,31,0,0,2,0,0,2,51160,54207,52775,53906,60099,61402,4500,0,2000,7100,2400,0,No
100000,Female,2,1,32,0,0,0,0,0,0,74136,72052,71007,69470,65424,64349,3200,3300,2910,2400,2340,2400,No
70000,Female,3,1,37,0,0,0,0,0,0,74117,72168,70177,65735,55468,53266,2589,2511,2254,2000,2000,1766,No
210000,Female,2,1,43,0,0,0,0,0,0,91152,92917,90651,85295,80416,76946,3348,3381,3400,2684,2744,2892,No
180000,Female,3,1,43,-1,-1,-1,-1,-1,-2,780,0,390,780,0,0,0,780,780,0,0,0,No
60000,Female,1,2,34,0,0,0,0,-1,0,39505,43497,49449,57500,4749,9749,5000,7000,10000,4749,5000,10000,No
50000,Female,2,1,40,-1,-1,-1,-1,-1,-1,4860,8389,22049,8110,3164,10148,8389,22049,8117,3164,10148,7949,No
70000,Female,3,1,38,1,2,0,0,0,0,59020,57400,21868,13514,14303,14211,50,1379,1500,1000,1000,1000,No
50000,Female,2,2,36,0,0,0,0,0,0,81793,84360,89215,93908,14308,14808,2682,5000,5000,1000,500,302,No
350000,Female,1,1,42,-1,-1,-1,-1,-1,-1,360,360,360,360,510,510,360,360,360,510,510,360,No
170000,Female,2,1,45,0,0,0,0,0,0,156993,159482,161921,165863,128038,130931,8000,6500,7000,5000,5000,5000,No
180000,Female,2,1,32,1,2,2,0,0,2,146549,150151,142421,110713,84928,83307,7641,3,6003,5826,0,2855,No
220000,Female,1,2,30,0,0,0,-1,0,0,213525,141764,53019,143408,136786,130596,6439,2261,143408,4754,4740,5190,No
80000,Female,3,1,30,2,2,2,2,2,2,40654,41687,42719,43018,44013,45058,2000,2000,1300,2000,1900,1900,Yes
360000,Female,2,1,33,0,0,0,0,0,0,30198,58332,66062,57374,40963,100369,30000,10043,20073,30000,90000,948,No
500000,Female,1,2,31,-1,-1,-1,-1,-1,-1,1779,644,1138,643,628,905,644,1138,643,630,905,3111,No
410000,Female,1,2,31,0,0,0,0,0,0,309531,313646,270317,209076,191671,192848,11270,15325,9099,7016,7703,100000,No
80000,Female,1,1,32,-1,3,2,-1,0,0,4927,4693,3342,4844,3728,2612,0,0,4844,0,0,0,Yes
180000,Female,1,2,33,2,2,2,2,2,2,118656,125175,126899,127336,125273,134210,10000,5200,4000,1500,11000,1000,Yes
280000,Female,1,2,31,-1,-1,-1,-1,-1,-1,410,3977,1713,1430,6877,6479,3977,1726,1430,6877,6479,720,No
20000,Female,1,2,31,-1,-1,-1,-1,-1,-1,416,416,0,416,416,416,416,416,832,416,416,416,No
30000,Female,2,2,31,3,2,2,2,2,0,29078,28312,29733,29183,28082,27434,0,1900,2600,11,1500,1700,Yes
200000,Female,1,1,31,-1,-1,-2,-2,-1,-1,1203,0,0,0,5032,0,0,0,0,5032,0,0,No
180000,Female,1,2,32,-1,-1,2,2,0,0,10831,17816,18247,33230,5168,0,7201,1000,0,103,0,0,Yes
140000,Female,1,2,33,2,0,0,0,0,0,130104,131356,136107,128738,126491,125213,4900,7005,7000,4762,5000,5000,No
130000,Female,2,2,29,0,0,0,2,0,0,86584,88345,94597,92077,93272,96298,4100,8600,0,3500,7100,3600,No
20000,Female,2,1,30,0,0,-2,-2,-1,0,3366,0,0,0,2105,2105,0,0,0,2105,0,0,No
120000,Female,1,2,29,-1,2,-1,-1,0,-1,632,316,316,632,316,316,0,316,632,0,316,782,Yes
50000,Female,2,2,30,0,0,0,0,0,0,35758,36664,30897,14693,247,0,3000,3000,5000,0,0,0,No
310000,Female,2,1,30,-1,0,0,0,0,0,13768,17520,21218,40531,41630,51983,4000,4000,20003,3027,20006,10056,No
420000,Female,1,2,30,0,0,0,0,0,0,46209,26552,15189,13787,9199,4405,1543,2005,5000,2000,1000,240,No
60000,Female,2,2,30,0,0,0,0,0,0,10809,11160,10913,12469,6060,5382,3160,2604,2160,4060,3382,3751,No
140000,Female,1,1,30,1,-2,-2,-2,-2,-2,0,0,0,0,0,0,0,0,0,0,0,0,No
80000,Female,2,2,30,2,2,2,2,4,4,56761,58920,60385,64876,65245,63647,3700,3000,6100,2000,0,2000,Yes
220000,Female,2,1,31,0,0,0,0,0,0,79226,78693,78297,78980,77817,77569,3900,3500,4000,2700,3000,10000,No
360000,Female,2,1,33,0,0,0,-2,-2,-2,11596,11775,0,0,0,0,1058,0,0,0,0,0,No
290000,Female,1,2,29,0,0,0,0,0,0,10370,5681,7124,8038,4029,6059,1400,1507,2580,2050,2030,0,No
260000,Female,1,2,30,1,2,0,0,0,0,96549,94114,96689,101023,93738,96218,0,5000,6000,5000,4000,8000,No
170000,Female,1,2,29,0,0,0,0,0,0,24717,26659,28592,29364,29096,29353,3000,3000,2000,1000,977,5000,No
200000,Female,1,2,34,-2,-2,-2,-2,-2,-2,0,0,0,0,0,0,0,0,0,0,0,0,Yes
140000,Female,2,1,35,0,0,0,0,0,0,127794,120770,116399,112055,107364,107762,4317,4189,5411,3800,4024,4100,No
170000,Female,2,2,39,0,0,0,0,0,0,161277,162706,166677,167049,38377,33668,5856,7424,7169,1241,1187,1396,No
220000,Female,1,1,45,0,0,0,0,0,0,142389,143557,142698,145875,143254,145368,6200,7300,7510,5000,5000,5200,No
230000,Female,1,1,44,-1,-1,-2,-1,0,0,756,0,0,11660,11898,14898,0,0,11660,238,3000,1252,Yes
360000,Female,3,2,38,-1,-1,-1,-2,-1,-1,1638,3060,0,0,1444,-1382,3060,0,0,1444,1382,0,No
340000,Female,1,1,36,0,0,0,0,0,0,242518,247338,252656,257535,262670,266351,8849,9300,9200,9226,9530,10139,No
360000,Female,1,1,37,-2,-2,-2,-2,-2,-2,0,0,0,0,0,0,0,0,0,0,0,0,Yes
90000,Female,3,2,42,0,0,0,0,0,0,91240,92795,93557,47166,48406,49695,4895,4806,1547,3000,3000,1720,No
130000,Female,2,1,47,2,2,2,2,2,2,123896,120452,129137,129956,130946,130814,0,12200,4500,4502,5000,0,Yes
400000,Female,1,1,41,0,-1,-1,-1,0,0,104083,8,1274,19143,20305,22063,8,1274,19143,1305,2063,1695,No
240000,Female,2,2,43,0,0,-1,-1,-1,-1,225159,216829,27620,24873,24511,24000,20000,27662,24873,24511,24000,37645,No
10000,Female,2,1,46,1,2,2,2,2,2,7660,8689,8403,9505,8889,10263,1306,0,1735,0,2000,0,Yes
240000,Female,1,1,41,-1,-1,0,0,0,0,3087,10839,16665,13039,9439,11378,10839,10000,3500,0,5000,5000,No
130000,Female,1,1,40,-1,-1,-1,-1,-1,-1,989,989,989,989,990,702,991,991,991,992,703,992,No
20000,Female,3,1,44,0,0,2,2,2,0,20313,20111,18057,18536,11532,19450,3030,0,2175,0,10000,931,No
30000,Female,2,1,44,1,4,4,3,2,2,28864,30108,29367,28605,27855,29649,2000,0,0,0,2400,1300,No
280000,Female,2,1,42,0,-1,0,0,0,0,255527,256675,253682,260274,153516,156830,273844,13000,11000,8000,5866,8000,No
290000,Female,2,1,49,-2,-2,-1,2,0,0,-236,-236,11764,11186,6863,6179,0,12000,0,0,0,0,No
500000,Female,3,2,46,-1,0,-1,-1,0,0,24239,36674,1558,310852,301854,133761,15000,1558,310852,10000,5000,5000,No
80000,Female,2,1,40,1,2,0,0,2,0,63340,53262,39422,33954,29070,27785,6,2006,4000,0,1118,3000,No
120000,Female,2,1,47,0,0,0,0,0,0,97989,101458,103840,105646,86127,67269,5100,5500,5170,3543,3000,3238,No
80000,Female,2,1,48,0,0,0,0,0,0,49526,48304,27864,27033,27617,26761,1740,1800,1500,1000,965,1500,No
210000,Female,2,2,41,0,0,0,0,0,0,227271,211597,99865,77754,49529,30683,9000,4000,3018,2000,3000,3000,No
100000,Female,2,2,30,2,2,2,2,0,0,96604,94153,102623,100090,101511,103503,0,10000,0,4000,7816,0,Yes
210000,Female,1,1,41,1,-2,-1,-1,-2,-1,-28,-28,3330,0,0,300,0,3358,0,0,300,0,No
500000,Female,2,1,44,0,0,0,0,0,0,193136,186610,180153,173454,166546,159651,6610,6480,6230,5900,5720,5420,No
230000,Female,1,1,39,0,0,0,0,0,0,63370,64621,65380,66520,66343,63498,2305,2515,2370,2180,2500,2200,No
110000,Female,2,1,40,0,0,0,0,0,0,23303,23978,22369,20608,20608,20606,1511,1772,1320,750,745,747,No
210000,Female,1,1,46,0,0,0,0,0,0,112901,110089,108775,107090,104037,101337,4910,3939,3792,3657,3631,3500,No
320000,Female,2,2,35,-1,0,0,0,0,0,61687,59130,121486,22337,23358,13536,3500,3300,6000,5000,2000,3000,No
140000,Female,2,2,37,0,0,-1,-1,-1,-1,143118,140955,1876,1876,1876,3372,6400,1876,1876,1876,3372,104005,No
40000,Female,1,1,48,0,0,0,0,0,0,38549,37924,37648,38804,39651,40794,2000,1700,2000,2000,2000,2000,No
280000,Female,1,1,35,2,-1,0,0,0,0,47,97767,99036,96383,86060,62312,99007,5000,3027,6025,2001,1903,No
250000,Female,2,1,37,0,0,0,-1,0,0,59023,102006,56412,37764,23876,16891,45000,2012,72791,16891,0,5617,No
70000,Female,1,2,34,0,0,0,0,0,0,36467,40505,43333,36959,27296,23474,5000,5000,1500,546,1000,1746,No
70000,Female,1,1,35,0,0,0,0,0,0,59795,60684,69521,45001,37214,23807,2479,10128,4086,1348,13032,10059,No
300000,Female,1,1,47,-1,-1,-1,-1,-1,-1,514,2392,148,148,148,0,2392,148,148,148,0,747,Yes
50000,Female,3,1,40,0,0,0,0,-1,0,117191,48729,49929,-596,28348,30530,2325,2525,283,29334,3000,2000,No
70000,Female,1,2,36,0,0,0,0,0,0,79640,75021,71101,73831,46898,48686,3000,2893,4231,8000,2500,1675,No
50000,Female,3,1,35,0,0,0,0,0,0,49930,48261,49027,49564,28609,28302,2300,3000,2503,1500,1204,2000,No
120000,Female,2,1,34,0,0,0,0,0,0,119287,116995,114061,116067,116294,118759,4400,4137,4400,4320,4500,4600,No
70000,Female,1,1,35,2,2,2,2,2,2,51143,53185,55030,56530,55027,58461,3500,3300,3000,0,4500,2500,Yes
440000,Female,1,1,40,0,0,0,0,0,0,416044,424528,434015,434419,393135,385578,16500,17500,17000,14500,14500,13500,No
280000,Female,1,1,41,0,0,0,0,0,0,96590,99755,81244,81193,82470,49630,5000,3000,3007,5000,2000,1700,No
360000,Female,1,1,42,0,0,0,0,0,0,174857,179851,186961,201703,189455,194373,10000,10005,20117,15018,10027,20057,No
150000,Female,1,1,43,-2,-2,-2,-1,0,-1,885,-123,-123,240,123,123,123,0,363,0,123,123,No
300000,Female,3,2,44,-2,-2,-2,-2,-2,-2,0,0,0,0,0,0,0,0,0,0,0,0,Yes
20000,Female,2,1,42,1,2,2,2,0,0,8395,8114,10293,9979,10329,10391,0,2479,0,515,377,617,No
380000,Female,2,1,38,0,0,0,-2,-2,-2,12538,6666,0,0,0,0,1000,0,0,0,0,0,No
340000,Female,2,1,44,0,0,0,-1,0,0,240851,171731,61404,114807,114560,85272,8297,4951,199726,4476,3257,3497,No
60000,Female,2,1,41,2,0,0,2,0,0,56483,55643,54941,50291,35829,36602,2203,4687,11,1500,1500,2000,Yes
130000,Female,1,1,46,0,0,0,0,0,-1,15393,16624,18932,22001,3403,3859,1593,3000,4000,0,3860,249,No
340000,Female,1,1,43,0,0,0,0,0,0,15928,18338,20035,24238,20315,16378,3000,2000,5000,1000,723,5000,No
170000,Female,2,1,49,-1,0,0,0,0,0,12769,13557,20245,15429,16594,14035,3557,8245,5429,4500,5415,6000,No
360000,Female,2,1,43,-1,-1,2,-1,2,-1,9011,4045,1780,2380,2230,2275,4045,0,4760,0,2275,2280,No
60000,Female,2,1,35,2,2,2,2,2,2,3167,5601,5366,6772,6515,7906,2500,0,1500,0,1500,0,No
360000,Female,1,1,37,-1,-1,-1,-1,-1,-2,5625,367,1726,396,-66,-66,368,1734,398,200000,0,150000,No
280000,Female,2,1,41,0,0,0,0,0,0,9551,12848,15345,19211,22817,37323,5000,5000,5000,5000,16000,0,No
240000,Female,1,1,34,-1,-1,2,-1,-1,-1,2799,855,858,1048,2695,0,855,3,1054,2695,0,0,No
120000,Female,1,2,34,-1,-1,-2,-1,2,0,17067,0,0,7304,7154,9055,0,0,7304,0,5000,1857,No
100000,Female,1,1,34,0,0,0,0,0,0,101620,101747,100750,98953,99114,101501,4000,3838,3563,3563,4000,3475,No
410000,Female,1,1,34,1,-2,-2,-2,-2,-2,0,0,0,0,0,0,0,0,0,0,0,3996,No
190000,Female,1,1,43,2,0,0,0,0,0,191869,193660,174848,124776,92684,100151,7305,6099,4793,3684,12251,1265,No
220000,Female,1,1,36,0,0,0,2,0,0,184765,190691,206000,194930,130938,134664,9000,20000,0,5000,6000,8000,No
120000,Female,1,2,30,0,0,0,0,0,0,170263,157881,160796,160168,156165,158850,5520,5700,5815,5500,5522,6000,No
10000,Female,3,2,50,3,2,2,2,2,2,600,600,600,600,600,2050,0,0,0,0,1450,0,Yes
500000,Female,1,1,50,0,0,0,0,0,0,378981,372392,353719,348365,306196,303114,20002,16023,13009,10008,10000,20004,No
120000,Female,2,1,51,-1,-1,0,0,0,0,4777,60332,60702,58677,51549,46552,62462,2299,1919,1838,2200,90000,No
120000,Female,2,1,50,0,0,2,0,0,0,38261,58084,33018,19172,14938,21290,23000,0,10076,10000,10000,10000,No
220000,Female,1,1,51,-1,-1,-1,2,2,-2,2262,2255,8105,2224,150,1000,2276,8117,0,150,1000,2619,Yes
240000,Female,2,1,50,-1,-1,-1,2,0,0,978,193,386,579,386,193,193,386,386,0,0,536,No
150000,Female,1,2,36,1,-1,-1,-1,-1,-2,0,990,0,234,0,0,990,0,234,0,0,0,No
500000,Female,1,1,50,-1,-1,-1,-1,-1,-1,21794,12574,12608,-134,22466,1969,12610,12694,0,22600,16837,0,No
150000,Female,1,1,50,-1,-1,-2,-2,-2,-2,6350,0,0,0,0,0,0,0,0,0,0,0,No
60000,Female,2,1,49,0,0,0,0,0,0,58928,59446,56761,41130,27097,27331,2500,2300,1547,1396,1200,2000,No
30000,Female,3,1,50,2,2,2,2,-1,0,29468,29688,28919,28000,13393,10539,1000,159,28426,24682,12,0,Yes
320000,Female,2,1,53,0,0,0,0,0,0,319711,33589,34608,38544,44486,52319,3000,3000,6000,8000,10000,1900,No
470000,Female,1,1,61,-2,-2,-2,-2,-2,-2,228,5215,3161,762,3637,16847,5241,3176,766,3673,16906,1437,No
50000,Female,2,1,51,0,0,2,2,3,2,44664,48028,46985,50484,50404,50241,4110,0,4600,1000,2000,0,No
220000,Female,2,1,51,0,0,0,0,0,-2,36022,12838,8605,5352,-5048,-5048,3010,3040,1000,0,0,0,No
360000,Female,1,1,54,1,-2,-2,-1,0,-1,0,0,0,2580,2580,6941,0,0,2580,0,6941,0,No
90000,Female,3,1,58,-2,-2,-2,-2,-2,-2,5563,0,0,0,0,0,0,0,0,0,0,5156,No
50000,Female,3,2,60,2,2,2,0,0,0,46554,50774,49551,22673,17147,17505,5000,0,2300,1000,635,580,Yes
50000,Female,2,1,56,0,0,0,0,0,0,50586,46993,33136,34475,19666,19128,2000,2000,2000,1000,1259,1000,No
290000,Female,3,1,58,1,2,2,2,0,0,68445,66757,76983,74891,78100,83325,0,12000,0,5000,6000,0,No
350000,Female,2,1,50,0,0,0,0,0,0,263390,267494,205636,203844,204114,207448,10532,9219,8797,8004,10012,10006,Yes
110000,Female,3,1,52,1,2,0,0,0,2,23969,11137,16401,18670,19670,1187,0,6000,7000,1200,0,3000,No
40000,Female,2,1,53,0,0,2,2,0,0,4621,6527,7776,7502,7651,7811,2150,1500,0,274,283,436,Yes
50000,Female,3,1,59,1,-2,-2,-2,-2,-2,-639,-639,-1800,0,0,0,0,900,1800,0,0,0,Yes
110000,Female,1,1,55,-1,2,2,-1,0,-1,632,316,0,632,316,632,0,0,948,0,632,0,No
360000,Female,3,1,70,-1,-1,2,2,-2,-2,1960,732,735,-10,-10,-10,800,3,0,0,0,0,No
200000,Female,3,2,63,-1,3,2,-1,-1,-1,632,632,316,316,316,316,0,0,316,316,316,316,Yes
140000,Female,2,2,53,0,0,0,0,0,0,8068,9446,13271,11243,12091,12691,1535,5004,1451,1000,1000,3194,No
80000,Female,2,2,61,1,-2,-2,-2,-2,-2,0,0,0,0,0,0,0,0,0,0,0,0,Yes
260000,Female,2,1,56,0,0,-2,-2,-1,0,2338,0,0,0,58,1058,0,0,0,58,1000,1000,No
340000,Female,1,1,56,-1,-1,-1,-1,0,0,5610,5399,12347,8612,5479,0,5399,12353,8619,0,0,0,Yes
30000,Female,2,1,58,1,2,2,2,2,2,11223,10746,13545,13531,13017,14008,0,2993,500,0,1200,0,Yes
30000,Female,3,1,54,2,2,2,2,4,3,22147,24770,26068,28842,28094,27361,3000,2000,3500,0,0,1000,No
440000,Female,3,1,50,0,0,0,0,0,0,250825,167091,144804,67729,66077,60074,10043,8608,25031,25030,22053,20030,No
230000,Female,2,1,55,0,0,0,0,0,0,7302,4561,5975,11072,10021,14431,2001,2001,6018,5007,5010,7053,No
50000,Female,3,1,61,-1,-1,-2,-2,-2,-2,2020,0,0,0,0,0,0,0,0,0,0,202,No
150000,Female,2,3,54,0,0,0,0,0,0,138765,135287,140600,142836,145714,148731,4772,6427,4951,4062,4188,4824,No
330000,Female,3,1,55,0,0,0,0,0,0,21333,25915,25036,21804,19228,18799,5000,5200,6000,4300,5000,4000,No
370000,Female,3,2,50,-1,0,-1,-1,-2,-2,48303,129317,1364,0,0,0,124174,2000,0,0,0,2463,No
130000,Female,3,2,53,0,0,0,0,0,0,101156,100184,99001,88214,90167,90682,3615,4700,3200,3403,3300,3500,No
10000,Female,3,1,51,3,2,2,7,7,7,2400,2400,2400,2400,2400,2400,0,0,0,0,0,0,Yes
360000,Female,2,1,54,0,0,0,0,0,0,277688,271867,272796,279597,253333,253737,10450,10414,11330,9081,9500,9000,No
20000,Female,3,1,61,1,-2,-2,-2,-2,-2,0,0,0,0,0,0,0,0,0,0,0,0,Yes
180000,Female,3,2,52,0,0,0,0,0,0,173065,171015,162516,163447,134939,135815,5902,7693,5464,4893,5095,4862,No
80000,Female,3,1,62,0,0,0,0,0,0,36088,37257,36288,37630,26424,27342,2100,2100,2400,1100,1500,1500,No
50000,Female,2,1,55,2,0,0,0,0,0,41696,41768,42561,42871,7606,11267,1674,2079,2001,500,4423,4000,Yes
150000,Female,1,2,64,1,2,0,0,0,0,157231,153171,148994,80196,74328,66806,3,6103,3220,3028,5052,15000,No
30000,Female,3,1,56,1,3,2,2,2,2,25158,24466,24087,25890,25175,26870,0,300,2500,0,2100,0,No
50000,Female,3,1,52,0,0,0,0,0,-1,5976,6405,6828,6229,390,390,2000,2000,1004,10,390,390,No
20000,Female,2,3,56,0,0,0,0,-1,-1,17977,19194,18405,0,380,-400,3000,1000,400,380,0,1720,No
130000,Female,3,2,55,0,0,0,0,0,0,116336,121544,128243,115204,101158,95895,10063,20000,10009,10000,5000,5000,No
320000,Female,3,2,53,0,0,0,0,0,0,188373,281060,261698,265703,175925,188982,276698,11020,11000,9486,20000,10000,No
300000,Female,3,1,62,-2,-2,-2,-2,-2,-2,0,0,0,0,0,0,0,0,0,0,0,0,No
330000,Female,1,1,53,0,0,0,0,0,0,304922,292517,211831,153841,156866,155679,14000,7507,6000,6171,6000,6000,No
50000,Female,2,2,53,0,0,0,0,0,0,51320,50602,50095,34120,33235,32377,1952,1979,1495,1144,1165,946,No
70000,Female,3,2,60,0,0,0,0,0,0,10083,11091,12117,13125,13407,13692,1184,1210,1218,500,500,543,No
70000,Female,3,3,58,0,0,0,0,0,0,70012,67714,68412,69016,69701,70898,2418,2500,2456,2500,3000,2533,No
100000,Female,3,1,58,0,0,0,0,0,0,96821,98389,97831,93937,78063,79707,3589,3656,3677,2763,2787,2881,No
110000,Female,2,1,54,2,2,2,0,0,2,95090,94938,91453,92097,96509,93773,3400,0,3290,7000,0,3500,Yes
100000,Female,2,1,58,2,2,2,0,0,0,86654,87851,85594,87095,88357,77155,3500,0,3300,2839,3000,4000,Yes
160000,Female,3,1,53,1,-2,-1,2,2,-2,0,0,3613,2722,0,0,0,3613,0,0,0,0,No
70000,Female,3,2,55,0,0,0,0,0,0,4664,5680,6703,7853,7316,7350,1100,1123,1273,407,300,300,No
60000,Female,2,1,59,4,4,4,5,4,3,54506,56998,59111,59595,58079,56892,4000,3601,2000,0,0,0,No
80000,Female,2,1,61,0,0,0,0,0,0,74156,73878,64656,60537,42610,42769,3000,2506,3008,3000,2000,3000,No
230000,Female,1,1,66,1,-2,-2,-2,-2,-2,0,0,0,0,0,0,0,0,0,0,0,142,Yes
60000,Female,3,3,64,0,0,-1,-1,0,0,15463,14046,218,12716,10686,10400,1410,218,12723,483,600,9132,No
160000,Female,2,1,58,-1,-1,-1,-1,-1,-1,1443,1443,1443,1443,1443,1443,1443,1443,1443,1443,1443,1443,No
310000,Female,1,1,62,2,2,2,2,2,2,327289,323125,308878,314524,308637,283200,12500,2100,22053,10654,0,10450,No
60000,Male,2,1,46,0,0,0,0,0,0,57487,59228,60040,58722,19790,19250,2706,3004,1475,690,1000,1200,No
50000,Male,2,1,64,2,3,2,2,0,0,28433,27682,28403,27648,28202,30008,0,1459,0,1013,2264,0,No
140000,Male,3,1,58,2,0,0,0,0,0,98985,98702,96753,94310,92182,88818,4520,4034,5050,6034,3202,5000,No
20000,Male,2,2,27,-1,2,-1,-1,-1,-1,780,390,390,0,780,0,0,390,0,780,0,0,No
10000,Male,2,2,38,1,-2,-2,-1,0,0,-58,-58,-58,7242,8123,8993,0,0,7300,1000,1000,330,No
80000,Male,2,2,29,-1,0,0,-1,0,0,10278,5991,4457,75743,76343,76567,1085,1000,75743,2667,3395,1772,No
160000,Female,2,1,51,2,0,0,0,2,0,65312,67610,69908,78087,75255,78593,4000,4000,10000,0,5000,3000,Yes
500000,Female,1,2,51,1,-2,-2,-2,-2,-2,0,0,0,0,0,0,0,0,0,0,0,0,No
470000,Female,2,1,54,1,2,0,0,0,0,358581,351295,358671,367492,374249,381132,0,13033,14800,14359,13897,14425,No
210000,Female,1,1,54,-1,-1,-1,-1,-1,-1,1494,6545,11755,5808,3974,0,6555,11800,5818,4015,0,0,No
50000,Male,3,2,23,-1,-1,2,0,0,-2,1789,4249,4038,5275,0,0,2500,0,1500,0,0,0,Yes
30000,Male,1,2,24,2,0,0,0,0,0,29015,27080,25933,26319,28754,17491,1400,1800,1100,3000,500,1000,Yes
50000,Male,1,2,23,0,0,0,0,0,0,18666,15554,17159,8402,6646,7534,2000,2000,1500,500,1000,2000,No
80000,Male,1,2,24,0,0,0,0,0,0,77225,75429,71977,56023,47582,48039,3649,2502,2205,1702,1800,1908,No
30000,Male,2,1,23,2,2,2,2,2,2,27172,28224,29276,28635,30127,30525,1800,1800,150,2250,1000,0,Yes
150000,Male,1,2,28,-2,-2,-2,-2,-2,-2,5797,434,11021,6253,6257,4152,436,11086,6284,6288,4172,3207,No
170000,Male,2,2,27,0,0,0,0,0,0,169106,141998,134212,133450,127020,123490,5000,5508,5915,3000,4000,4000,No
220000,Male,2,2,30,-2,-2,-2,-2,-2,-2,15872,19053,19303,19867,12826,19847,20066,20063,20057,12863,20061,13191,No
30000,Male,2,2,35,2,0,0,2,2,2,18915,20290,24727,24031,25579,25030,2000,5100,0,1949,0,912,Yes
100000,Male,2,2,23,-1,-1,-1,-1,-1,-1,291,291,291,291,291,291,291,291,291,291,291,291,No
10000,Male,2,2,24,3,2,2,3,3,3,1050,1050,1050,1050,1050,1050,0,0,0,0,0,0,Yes
140000,Male,2,2,24,-1,-1,-1,-1,-1,-1,6312,-148,8431,11034,5040,7838,0,8579,11034,5040,7838,11737,Yes
50000,Male,2,2,24,1,2,2,2,2,2,25932,24924,22599,24613,23922,25481,1800,0,2700,0,2100,0,No
20000,Male,2,2,22,0,0,0,2,0,0,8785,8134,9992,10526,11049,11865,1142,2000,1000,1000,1000,1000,No
10000,Male,2,2,22,1,2,2,2,2,2,6829,6571,8950,8658,9413,9117,0,2500,0,900,0,971,Yes
10000,Male,3,2,22,1,-1,0,0,0,0,0,7492,8589,9365,7740,1000,7492,1224,1000,175,0,0,No
50000,Male,2,2,23,0,0,0,0,0,0,49283,48570,49362,47907,18145,17495,1781,3264,1400,3000,350,133,No
100000,Male,2,2,24,0,0,0,0,0,0,87478,88627,92187,95030,29470,3470,3500,5000,5000,4000,3000,5000,Yes
20000,Male,3,2,24,0,0,0,0,0,-1,18661,17895,19598,19701,3486,199,1400,2000,1000,400,199,0,No
20000,Male,2,2,25,0,0,0,-2,-2,-2,17584,20000,0,0,0,0,3000,0,0,0,0,0,No
100000,Male,2,2,25,0,0,-1,-1,-1,-1,49199,48285,390,390,390,390,1000,390,390,390,390,390,No
50000,Male,2,2,25,1,2,0,0,0,0,15491,15934,17168,18376,19068,19760,1000,1500,1500,1000,1000,2500,Yes
100000,Male,1,2,24,-1,0,0,0,0,0,33921,34920,36030,37173,35875,36263,1563,1673,1816,1213,1248,1212,No
50000,Male,2,1,25,0,0,0,0,0,0,42238,43259,35307,23096,18970,19514,1807,1405,1366,1000,1000,1000,Yes
50000,Male,2,2,25,-2,-2,-2,-2,-2,-2,-1587,-5174,-2587,-2587,-2587,-2587,0,0,0,0,0,0,Yes
50000,Male,1,2,25,0,0,0,0,0,0,60200,61600,71000,73000,78000,80000,2000,10000,2000,5000,2000,0,No
50000,Male,5,2,23,0,0,0,0,0,0,42407,13244,48845,43129,28385,23876,7275,47166,12064,12176,780,6200,No
50000,Male,1,2,25,0,0,0,0,0,0,48848,48208,48265,43451,19790,17790,1845,1967,1400,396,0,0,No
50000,Male,2,2,25,0,0,0,0,0,0,50547,49480,50643,48123,18092,28728,1900,2000,2000,2000,11041,1056,No
380000,Male,2,2,26,0,0,0,0,-1,0,64900,43514,10626,312,986,284729,2600,1626,312,1007,284069,11340,No
50000,Male,1,2,24,2,0,0,2,0,0,5524,6474,8896,7088,7109,6898,1500,2700,0,500,500,500,Yes
30000,Male,2,2,24,2,4,3,2,0,0,31529,30752,29991,29192,28210,28543,0,0,0,1100,1300,2000,No
150000,Male,2,1,25,-1,-1,-1,-1,-1,-2,890,-180,101,480,0,0,0,281,600,0,0,0,No
180000,Male,2,2,25,0,0,0,0,0,0,12891,14275,15737,16603,17395,17182,1600,2000,1500,1003,1003,1006,No
80000,Male,3,2,26,0,0,0,0,0,0,79558,81906,76228,76841,9534,7371,3694,3470,3305,500,300,500,Yes
110000,Male,2,2,24,2,2,2,2,2,2,98428,101402,104878,105325,102220,107970,5500,6600,3700,0,7500,0,Yes
30000,Male,3,2,25,0,0,0,0,0,0,23075,23996,25407,27312,8810,6355,2000,2500,3000,178,1000,0,No
110000,Male,2,2,25,0,0,2,0,0,2,23459,27157,26549,34222,44062,45036,4000,0,9000,10700,1700,0,Yes
280000,Male,2,2,26,0,-1,-1,-1,-1,-2,51951,25360,6183,261,-91,-91,25486,6213,262,0,0,18342,No
10000,Male,2,2,23,0,0,-1,0,0,0,5583,8959,4408,9071,9038,5005,5000,7000,5000,5000,1000,10000,Yes
10000,Male,2,2,23,-1,-1,-1,-1,-1,-1,1473,1863,0,390,390,780,1863,0,390,390,780,0,No
20000,Male,2,2,24,2,2,2,2,2,2,16239,16276,16715,18327,17735,19446,600,1000,2200,0,2000,0,No
170000,Male,2,2,26,0,0,0,0,0,-1,85914,78411,57061,49734,14285,136394,10050,5050,6000,3561,139898,6000,No
20000,Male,3,2,26,3,3,2,0,0,0,21667,21081,19661,26158,13560,15324,0,25,2000,1000,2000,1000,Yes
200000,Male,1,2,26,2,2,2,2,2,2,196979,200055,202494,162228,154294,147514,7800,7500,0,6700,5000,7000,Yes
250000,Male,2,2,26,0,0,0,0,0,0,115497,114716,117212,112623,110178,108176,3835,4068,3859,3597,3822,3825,No
80000,Male,2,2,27,0,0,0,0,0,2,48329,45920,47186,46882,49170,48269,5004,5013,5000,4000,0,2002,No
180000,Male,1,2,27,-1,0,0,0,0,0,3210,13852,6482,3246,2016,2334,12000,5004,1000,1000,2300,3000,No
120000,Male,2,2,28,0,0,0,0,0,0,70124,71355,72962,58163,33358,16829,3000,2830,1600,3600,300,1000,No
20000,Male,2,2,26,1,2,2,2,0,0,16167,15615,18047,17322,17122,0,0,3000,0,0,0,0,No
190000,Male,2,2,26,-1,0,0,0,0,0,2204,3479,4886,6258,8969,9009,1800,1797,1785,3142,490,2000,No
180000,Male,2,2,27,0,0,0,0,0,0,147310,152047,143809,112323,112208,113887,7503,30018,4011,3802,4106,4006,No
50000,Male,2,2,28,0,0,0,0,0,2,48431,45008,40226,41256,43962,44913,1700,2000,1700,3400,1800,0,No
140000,Male,1,2,25,0,0,0,0,0,0,92465,93536,96820,97000,97467,79872,3500,4790,3092,3148,2981,3912,No
80000,Male,2,2,26,-2,-2,-2,-2,-2,-2,2970,-10,-10,-10,16587,0,0,0,0,16597,0,0,No
80000,Male,2,2,25,2,0,0,0,0,-2,76915,78270,79693,20335,0,0,3149,3039,1550,0,0,0,No
20000,Male,2,2,28,0,0,0,0,0,0,8723,10265,12086,13180,13660,14288,2000,2000,1600,1000,1000,1000,No
10000,Male,2,1,26,3,2,2,7,7,6,2400,2400,2400,2400,2400,1800,0,0,0,0,0,0,Yes
240000,Male,1,2,27,-1,-1,-1,-1,-1,-1,19365,1928,4879,11650,12614,7922,5534,4879,11650,12614,7922,6980,No
50000,Male,2,2,28,1,-1,0,0,0,0,-727,50268,50860,40580,44532,46442,53860,3000,5000,5000,3000,1784,No
90000,Male,2,2,26,-1,2,-1,0,0,0,481,1149,39674,38968,39853,8064,1000,39674,1200,1217,1025,500,Yes
60000,Male,1,2,28,-1,0,0,0,0,0,40784,41723,42665,43254,43757,44378,2001,2001,1690,1501,1617,1502,No
120000,Male,1,2,28,-1,-1,-1,-1,0,0,4660,5929,1774,76528,73164,72721,6074,1774,119366,3484,2600,3000,No
10000,Male,2,1,28,0,0,0,0,0,0,1474,2641,3745,4642,5642,6342,1196,1300,1000,1000,700,1208,No
60000,Male,1,2,28,0,0,0,0,0,0,26129,30544,21712,23284,24945,25402,5000,2000,2000,2000,2000,2000,No
130000,Male,1,2,29,0,0,-2,-2,-2,-2,120000,0,0,0,0,0,0,0,0,0,0,0,No
30000,Male,3,1,30,3,2,2,7,7,7,2400,2400,2400,2400,2400,2400,0,0,0,0,0,0,Yes
360000,Male,1,2,30,-1,-1,-1,-1,0,-1,2020,28057,6085,90872,81622,11576,28057,6179,90872,0,11576,8718,No
80000,Male,2,2,30,0,0,-1,-1,-1,-1,31299,37446,539,16673,21473,10715,20000,539,16673,21473,10715,10000,No
20000,Male,2,2,27,0,0,0,0,0,0,15993,17016,18356,19028,38688,19897,1600,1621,1293,830,1548,626,No
50000,Male,2,2,28,0,0,0,2,0,0,8608,10300,12711,12210,12508,13306,2000,2900,0,500,1000,1000,No
80000,Male,3,2,27,1,-2,-2,-2,-2,-2,0,0,0,0,0,0,0,0,0,0,0,0,Yes
150000,Male,1,1,27,-1,-1,-1,-1,-2,-2,390,0,780,0,0,0,0,780,0,0,0,0,No
60000,Male,2,2,27,0,0,0,0,2,0,26437,27741,28465,31040,29827,28254,1701,1425,3000,0,955,942,No
10000,Male,3,2,23,0,0,0,0,0,0,5807,6974,7838,9002,9182,9729,1270,1134,1298,478,847,0,No
50000,Male,2,2,26,2,0,0,0,0,0,49586,49865,41132,31538,28896,28315,2268,2200,1917,1200,1030,1300,No
50000,Male,1,2,26,0,0,0,0,0,0,48924,48593,49459,50160,49244,50531,2200,2200,1890,2000,2000,1800,No
220000,Male,1,2,28,0,0,0,0,0,0,22399,24203,24081,25356,20952,18340,3000,2000,2000,1000,1200,900,No
450000,Male,1,2,29,1,-2,-2,-2,-2,-2,1261,1261,1261,1261,1261,1261,1261,1261,1261,1261,1261,1261,No
240000,Male,2,1,33,1,2,2,0,0,2,172618,174842,141471,39578,46489,45632,6765,0,2000,7592,0,140000,No
500000,Male,2,2,29,0,0,0,0,0,0,39345,40382,40740,16316,10705,-42,2014,4135,3256,53,0,36368,No
170000,Male,1,2,28,0,0,0,0,0,0,56061,57179,58450,58556,51671,51090,2051,2197,1934,1793,2500,2000,No
100000,Male,2,2,29,2,0,0,0,0,2,43531,45103,45779,46912,49715,48791,2600,2200,2200,3900,0,6100,Yes
60000,Male,1,2,29,-1,-1,2,0,-1,-1,816,2440,1444,1634,1335,1825,2440,0,1000,1335,888,150,No
200000,Male,1,2,30,-1,-1,-1,-1,0,0,6589,3423,2785,54271,60326,63339,3449,2798,54271,7000,4000,6000,No
200000,Male,2,2,27,2,0,0,0,0,0,189605,191628,180604,181273,180385,185370,14635,10019,8029,7010,10022,7049,Yes
110000,Male,1,2,27,0,0,0,0,0,0,87487,90120,93661,96185,99667,102978,5000,5000,5000,5000,5000,4000,No
100000,Male,2,2,28,0,0,0,0,0,0,32480,33237,34300,35623,35515,36413,1600,1600,1901,1275,1470,1400,No
30000,Male,3,2,28,0,0,0,0,-1,-1,11064,10030,9019,7970,1479,1635,1159,1159,1000,1479,1635,780,No
30000,Male,2,2,28,1,-2,-2,-2,-1,-1,0,0,0,0,2805,0,0,0,0,2805,0,0,No
50000,Male,2,1,29,3,2,2,4,4,4,400,400,400,400,400,400,0,0,0,0,0,0,No
20000,Male,3,2,29,1,2,0,0,0,0,5957,4909,5865,17935,19353,20094,0,2000,13500,2500,2000,1500,Yes
50000,Male,2,2,30,0,0,0,0,0,-2,26666,21062,6495,2207,0,0,2000,2000,1000,0,0,0,No
60000,Male,2,2,28,2,2,2,0,0,0,61743,62197,59892,60228,57969,55220,2800,0,3000,3000,3000,23000,Yes
50000,Male,2,2,32,-1,-1,2,0,0,-1,1473,5486,3787,3246,1473,390,5486,0,1000,0,390,1090,Yes
20000,Male,2,2,25,0,0,2,2,2,0,14193,16489,15936,18015,17431,18000,2850,0,2355,0,1000,900,Yes
100000,Male,2,2,28,2,0,0,0,2,0,58566,56770,56300,54288,25759,25775,5100,2825,5000,0,2000,0,Yes
20000,Male,2,1,38,0,0,0,0,0,0,8337,11191,12219,14009,15773,17515,3000,1210,2000,2000,2000,1200,Yes
150000,Male,3,2,44,0,0,0,0,0,0,151009,148047,147851,151310,107033,109350,6913,5937,6500,4000,4000,4000,No
70000,Male,1,2,33,0,0,0,0,0,0,62615,63845,65443,65169,64370,15082,2870,3224,1680,3000,142,142,No
250000,Male,1,1,40,0,0,0,0,0,0,7351,6225,3645,3090,3700,1190,3039,2000,1000,1000,0,90403,No
50000,Male,3,1,32,2,2,3,2,2,2,38023,39589,40160,40796,41526,42209,2500,1500,1600,1700,1500,3600,Yes
90000,Male,2,1,34,0,0,0,0,0,0,86371,85679,87036,88742,49148,48396,3073,3700,3374,1543,1405,1500,Yes
90000,Male,2,2,32,0,0,0,0,0,0,73814,73132,67854,53952,47277,35547,3700,4100,3900,3000,2200,1000,No
120000,Male,1,2,33,2,2,2,2,2,2,87310,89273,91057,91981,89605,95245,4300,4100,3300,0,7100,0,Yes
240000,Male,2,2,25,0,0,-2,-2,-2,-2,24640,0,0,0,0,0,1700,0,0,0,0,0,No
50000,Male,2,2,25,0,0,0,0,0,0,43785,38971,34836,18488,19716,17932,1795,1660,1272,1500,644,704,Yes
100000,Male,2,1,29,2,2,2,2,3,3,81839,82781,85536,90018,91151,89429,3200,5000,6800,3500,0,3400,Yes
390000,Male,3,1,49,0,0,0,0,0,0,282849,281836,284397,284241,285615,282611,12000,13000,12000,12000,10266,9800,No
50000,Male,3,1,36,2,0,0,0,0,0,47097,46006,36272,11521,2678,5468,1796,1284,1060,100,99,273,Yes
190000,Male,2,1,38,0,0,0,0,0,0,194670,194690,189950,194092,192638,189113,9000,8400,8800,7500,7100,7450,No
10000,Male,2,1,40,3,2,2,3,3,3,1050,1050,1050,1050,1050,1050,0,0,0,0,0,0,Yes
10000,Male,2,1,44,0,0,2,0,0,0,6696,9080,8794,9604,9604,9800,2668,0,1192,0,196,0,No
180000,Male,1,2,30,-1,-1,-1,-1,-1,-1,4027,2130,25770,11475,69910,21949,2130,25770,11475,69910,21949,11600,No
230000,Male,2,2,31,0,0,0,0,0,0,170041,174811,177733,182106,183965,186979,9800,6418,8000,7000,6618,11000,No
20000,Male,2,2,31,0,0,0,2,0,0,12214,13694,16660,16100,17521,19237,2000,3200,0,2000,2000,0,No
230000,Male,2,2,32,2,0,0,0,2,2,253935,237858,242378,235163,234032,225822,10183,10057,19000,9100,0,16500,Yes
200000,Male,1,2,32,0,0,0,0,0,0,190530,194796,194205,195154,166778,167833,9000,9000,8000,6900,6000,6000,No
470000,Male,1,2,34,0,0,0,0,0,0,57566,55340,43455,33039,18638,14202,5344,3457,1520,1659,2208,75938,No
150000,Male,1,3,45,0,0,0,0,0,0,108434,111178,32220,33247,34164,34878,3000,1300,1300,1200,1200,0,No
70000,Male,3,1,37,0,0,0,0,0,0,71742,70978,70949,68782,68100,68677,2721,2714,2632,2600,2800,2573,No
50000,Male,2,2,37,0,0,0,0,0,0,49473,48970,46220,47459,27056,28452,2314,2261,2500,2000,2000,1500,No
330000,Male,1,1,40,0,0,0,0,0,0,309055,314927,322077,166654,170008,174723,12500,13306,6000,6000,7333,8000,No
140000,Male,2,2,33,0,0,0,0,0,0,133336,134483,131805,107950,88622,85165,5000,5000,4005,3500,3500,3000,No
280000,Male,2,2,32,0,0,0,0,0,0,35038,36558,39070,40545,42995,46278,2000,3000,2000,3000,4000,7200,No
150000,Male,3,2,30,0,0,0,0,0,0,80220,47272,141568,97990,96017,79743,3095,135332,2848,2330,2204,2100,No
80000,Male,2,1,35,0,0,0,0,0,0,79875,77201,78535,79296,75274,78051,4000,3500,3322,3000,5007,3000,No
120000,Male,1,1,42,0,0,2,2,2,0,7722,9591,10687,11905,11420,12081,2000,1400,1700,0,1000,700,Yes
50000,Male,2,1,45,0,0,0,0,0,2,14488,15798,16867,17759,19354,17726,1558,1627,1519,2114,0,600,No
230000,Male,2,1,43,0,0,0,0,0,2,3472,4053,4503,4964,4400,3979,1061,1275,1000,200,0,227,No
160000,Male,2,2,36,1,-2,-2,-2,-2,-1,0,0,0,0,0,1000,0,0,0,0,1000,0,No
50000,Male,3,2,37,0,0,0,0,0,0,28951,29631,29177,29544,19863,18812,1765,1653,1400,0,0,300,No
100000,Male,3,1,49,0,0,0,0,0,0,82214,74983,71958,68808,68769,68955,2659,2656,2372,2360,2574,2759,No
200000,Male,2,1,43,2,3,2,2,2,2,94529,92126,94772,92368,101837,103764,0,5000,0,12000,3700,0,Yes
50000,Male,2,1,43,0,0,0,0,0,0,25387,25435,23268,23365,19602,18462,1374,1418,1295,677,669,686,No
200000,Male,3,1,46,-2,-2,-2,-2,-2,-2,0,0,0,0,0,0,0,0,0,0,0,0,No
50000,Male,3,2,41,0,0,0,0,0,0,43383,43397,43395,42334,12316,9997,1992,2251,1451,540,503,430,No
50000,Male,3,2,45,0,0,0,0,0,0,35962,34725,33219,31688,29425,29747,1857,1851,1820,1057,3300,0,No
300000,Male,2,1,39,-1,-1,-2,-2,-2,-2,29997,592,1049,-25,-25,-25,598,1057,0,0,0,0,No
130000,Male,2,2,32,0,0,0,0,0,0,21395,31030,40523,54838,78769,82478,10000,10000,15000,25000,5000,5000,No
80000,Male,1,2,33,2,2,2,2,2,2,67206,65537,69361,67647,72524,74068,0,5500,0,6000,3000,0,Yes
120000,Male,1,2,34,0,0,0,2,0,0,32773,28002,32493,16258,8871,2000,1509,5000,7,0,2000,1666,No
140000,Male,1,2,32,0,0,0,0,0,0,130134,131475,137236,121914,71210,72778,5000,8000,5485,5000,3000,2000,Yes
220000,Male,1,2,48,0,0,0,0,2,0,113061,115294,117945,130365,126780,129570,5600,6000,16000,0,5000,6300,No
70000,Male,2,2,32,0,0,0,0,0,0,71336,70393,131412,63823,52339,40836,3609,2523,2441,3038,2029,70004,Yes
20000,Male,3,2,45,0,0,0,0,0,0,18416,13656,9022,5961,3970,780,1303,1518,1000,79,0,0,No
200000,Male,1,1,49,1,-1,-1,-1,-1,-1,0,492,0,489,320,732,492,0,489,320,732,5335,No
20000,Male,2,1,31,1,2,2,2,2,2,6313,6559,7789,8505,9212,8922,500,1500,1000,1000,0,400,Yes
510000,Male,1,2,32,0,0,0,0,0,0,63573,62933,62320,61012,60519,58856,2900,3000,2400,2500,1800,1900,No
450000,Male,1,2,34,-1,2,-1,2,-1,-1,42713,6496,9341,2857,83527,0,0,9511,20,84000,0,116,No
50000,Male,2,1,34,0,0,0,0,0,0,45459,45695,45866,46165,10142,10825,2000,3000,2200,1200,1000,1000,No
120000,Male,2,3,48,0,0,0,0,0,-2,61673,60679,61943,58744,-36156,-36156,2345,3419,5026,15651,0,0,No
50000,Male,3,1,45,1,-2,-2,-2,-2,-2,0,0,0,0,0,0,0,0,0,0,0,0,Yes
280000,Male,2,2,31,0,0,0,-2,-2,-2,4821,3469,0,0,0,1047,1017,0,0,0,1047,56970,No
30000,Male,1,2,33,4,3,2,2,2,2,22303,21657,21022,23661,22983,25607,0,0,3000,0,3000,0,Yes
20000,Male,2,1,35,1,2,0,0,0,2,5659,5422,6283,7454,8181,7905,0,1107,1278,1005,0,300,No
80000,Male,2,1,42,0,0,0,0,0,0,78216,62890,52973,52328,49214,50245,2115,5004,1834,1562,1621,2196,No
120000,Male,2,1,45,0,0,0,0,0,0,52574,47092,44208,32652,24115,20399,2000,2000,1256,1000,750,623,No
370000,Male,2,1,38,0,0,0,0,0,0,189567,183292,187344,192213,193602,196470,8000,8000,9000,7000,7000,6500,No
50000,Male,2,2,45,0,0,0,0,0,0,30359,28717,16177,15949,14319,17319,2000,2000,2000,1000,3000,2200,No
20000,Male,3,2,39,0,0,0,0,0,0,30892,16348,13593,10236,17541,16322,5000,2015,3000,10005,3414,270,No
160000,Male,2,1,36,0,0,0,0,0,0,59675,61085,62503,63867,65206,69584,3000,3000,3000,3000,5600,2600,No
170000,Male,3,2,44,0,0,0,0,0,0,167077,170965,172541,159546,137410,136680,12275,10000,8009,6000,30000,5322,No
100000,Male,2,2,36,0,0,0,0,-2,-2,2069,3521,5399,0,0,0,1500,2000,0,0,0,1700,No
210000,Male,1,1,42,-1,-1,-1,-1,-1,-1,2827,3517,4412,2700,3578,4075,3527,4425,2708,3588,4087,1841,No
100000,Male,3,2,32,0,0,0,0,-1,-1,54483,45433,40870,10726,1121,61067,2460,2220,1400,1121,61067,2210,No
230000,Male,1,1,33,0,0,0,0,0,0,213859,218094,225070,227528,121751,219354,9285,12000,9100,4600,4200,4100,Yes
240000,Male,1,1,38,-1,3,2,-1,-1,0,6333,3360,1291,2740,2241,1060,0,10,2740,2241,0,2731,No
240000,Male,3,2,36,0,0,0,0,0,0,135053,141213,116710,93057,55419,59336,10000,10000,10000,5000,5000,5000,No
80000,Male,2,1,46,0,0,0,0,0,0,79707,79876,79919,64237,47890,48036,3542,3500,2500,2000,2500,2000,No
50000,Male,3,2,41,0,0,0,0,0,0,94962,49032,50135,50269,29182,29096,4200,2200,3300,1200,1100,1100,No
50000,Male,2,1,36,0,0,0,0,0,0,43900,42499,17494,18178,18541,18929,2268,1604,1288,651,674,734,No
440000,Male,1,2,37,0,0,0,0,0,0,186061,232558,312398,222336,223882,130672,50000,100448,7015,6422,6086,4000,No
220000,Male,3,2,42,0,0,0,0,0,0,26595,33330,36720,40729,44762,48914,9000,5000,5000,5000,5000,5000,No
70000,Male,1,2,30,0,0,0,-1,0,0,16163,1050,0,21280,21625,22275,1000,0,21280,1000,1000,1200,No
240000,Male,1,2,32,-2,-2,-2,-2,-2,-2,3162,3162,3124,3162,3162,3162,3162,3124,3200,3162,3162,3131,No
360000,Male,3,2,42,0,0,0,0,0,0,52460,40764,31185,25603,20394,29138,3000,3000,5000,5000,19138,1000,No
360000,Male,1,2,32,-2,-2,-2,-2,-2,-2,8971,2284,21669,-3,15866,-46,2303,21785,0,15869,0,0,No
80000,Male,1,2,33,-2,-1,2,0,0,0,251594,264594,4374,5495,5902,6804,13000,0,1200,500,1000,1000,No
30000,Male,2,2,36,1,2,2,2,0,0,13208,13692,14176,14642,15397,16147,1000,1000,1000,1000,1000,1000,Yes
160000,Male,2,2,37,1,2,2,0,0,0,99793,101325,98706,90457,90588,92533,4300,0,4200,3238,3400,3550,Yes
150000,Male,2,2,39,2,0,0,0,0,0,155896,159891,164830,95000,98000,100000,5500,7103,3000,3000,2000,0,Yes
100000,Male,2,2,30,0,0,0,0,0,0,55776,44953,46922,48677,49496,51010,3000,3000,3000,2000,2000,2000,No
70000,Male,2,2,33,1,2,8,7,7,6,26181,37611,37026,38922,38318,38133,12000,0,2500,0,1000,1500,No
90000,Male,2,1,39,2,2,2,2,2,2,26493,30034,29268,31776,32456,31800,4000,0,3000,1500,0,2600,Yes
800000,Male,1,2,46,-2,-2,-2,-1,-1,-1,6229,4636,3810,6193,1957,3175,4644,3832,6219,1961,3183,27201,No
90000,Male,2,1,41,1,2,0,0,0,2,86699,84423,86173,87942,92756,91146,0,4008,4100,7200,0,3271,Yes
300000,Male,3,2,43,0,0,0,0,0,0,303747,299685,279613,286449,191187,194333,11500,14000,20000,6500,8000,7000,Yes
30000,Male,3,1,46,1,2,0,0,0,0,19523,18917,20004,21063,21416,22667,0,1700,1700,1000,1749,0,Yes
50000,Male,2,2,37,0,0,0,0,0,0,48566,48206,48659,47248,48241,49196,2088,2120,1750,1700,1800,2023,No
110000,Male,2,1,30,2,0,0,3,2,2,54404,57503,66128,64477,65413,66520,4000,9600,0,2600,2300,3000,Yes
80000,Male,1,2,37,0,0,0,0,0,0,155342,159672,163959,168187,171869,175524,6000,6000,6000,5500,5500,5500,No
140000,Male,2,1,31,0,0,2,2,0,0,134039,143937,143649,118593,95257,93145,13650,4700,114,3500,3500,3400,No
50000,Male,2,1,44,0,0,0,0,0,0,48659,34763,16158,11950,9903,10224,1345,1197,1152,495,1014,0,No
20000,Male,3,2,40,0,0,0,2,2,0,13195,14197,15657,14418,13561,13291,1238,2959,580,0,435,518,No
50000,Male,3,2,46,0,0,0,0,0,0,48060,48923,48924,33778,19492,19582,2326,2000,1235,622,1000,1000,No
50000,Male,1,2,34,1,-2,-2,-2,-2,-2,0,0,0,0,0,0,0,0,0,0,0,0,No
90000,Male,2,1,45,0,0,2,0,0,0,46608,49999,43996,44069,41317,36912,4500,0,1750,1425,1412,1231,No
30000,Male,3,1,44,-2,-2,-2,-2,-2,-2,2180,0,0,0,0,0,0,0,0,0,0,0,No
50000,Male,2,1,49,0,0,0,0,0,0,33346,33536,34923,37192,39341,27561,2000,3500,3000,3000,5000,5000,Yes
170000,Male,1,1,39,-2,-2,-2,-2,-2,-2,0,0,905,0,0,0,0,905,0,0,0,0,No
290000,Male,1,2,31,2,0,0,0,0,0,45021,44702,35181,28847,28131,3016,2700,1707,1800,0,0,2411,Yes
20000,Male,3,1,47,0,0,0,0,0,0,16013,14334,9086,5096,5096,5200,1419,1270,1200,0,104,0,No
180000,Male,1,2,38,2,2,2,0,0,0,114091,124233,125768,126202,127677,99764,12100,5000,4200,3000,5000,2000,Yes
360000,Male,1,1,35,1,-2,-2,-2,-2,-2,396,396,396,396,396,396,396,396,396,396,396,396,No
20000,Male,3,2,31,0,0,0,0,0,0,7222,13627,11974,11467,10469,9380,10009,2004,5013,3010,3690,4384,No
140000,Male,2,2,33,0,0,0,0,0,0,279184,259478,25020,21629,18367,15161,7000,2000,2000,2000,2000,2000,No
90000,Male,2,1,34,0,0,0,0,0,0,53105,54154,55683,56798,58508,63177,2525,3000,2637,3242,6783,0,No
120000,Male,2,1,40,0,0,0,0,0,0,35671,37073,38472,39510,40873,42082,2000,2000,2000,2000,2000,3000,No
160000,Male,1,1,31,-1,-1,-1,-1,-1,-1,24465,7747,17002,17170,14685,4328,7751,17016,17185,14685,4328,5827,No
280000,Male,2,1,32,2,2,2,2,2,2,204057,199262,211391,214343,215633,210876,0,18000,8000,7500,0,8000,Yes
500000,Male,1,1,46,-1,-1,-1,-1,-1,-2,991,4073,6738,2500,0,0,4082,6738,2510,0,0,1000,No
100000,Male,2,2,38,2,0,0,0,0,-1,106989,98751,32099,18811,9960,10000,3910,1733,1000,1149,10000,0,Yes
160000,Male,3,2,31,0,0,0,0,0,0,108963,105748,109050,112243,114513,114902,4500,5000,5000,4100,4192,6000,No
20000,Male,2,1,42,0,0,0,0,0,0,14124,15132,16483,18391,18783,19176,1249,1600,2500,1000,696,862,No
400000,Male,1,2,39,2,2,2,2,2,2,49354,50747,49666,52727,51286,55077,2500,0,4500,0,4800,1600,No
30000,Male,2,1,45,2,4,4,3,2,2,28854,30467,29721,28961,29397,29988,2372,0,0,1200,1200,1163,No
70000,Male,2,2,40,1,2,0,0,0,0,79237,71627,73326,69645,19799,-1,0,2986,20150,500,0,0,No
110000,Male,2,1,42,1,2,0,0,2,2,45461,44434,45395,50402,50217,48199,0,1980,5987,2000,1,3027,No
50000,Male,2,2,44,0,0,0,0,0,0,50677,76727,78937,50205,30506,29860,4000,4695,2300,2500,2000,3000,No
170000,Male,2,1,40,-1,-1,-1,-1,-1,-1,4599,3409,3790,2578,2100,2400,3409,6530,2578,2100,2400,6665,No
30000,Male,1,1,33,0,0,0,0,0,0,28700,28639,30171,29322,28572,0,1800,2300,1508,1000,0,0,No
50000,Male,3,1,29,0,0,0,-1,-1,-1,9527,9907,9660,880,990,780,2000,1092,880,990,780,0,No
50000,Male,2,2,30,-1,2,2,-2,-2,-2,780,780,0,0,0,0,0,0,0,0,0,0,Yes
90000,Male,3,1,44,1,-2,-2,-2,-2,-2,0,0,0,0,0,0,0,0,0,0,0,0,Yes
240000,Male,2,2,46,0,0,0,0,0,0,47379,49274,51171,52716,54229,56191,3000,3000,3000,3000,3000,3000,No
360000,Male,3,1,42,-2,-2,-2,-2,-2,-2,0,4435,0,3666,2749,2921,4435,0,3666,2878,2921,5270,No
290000,Male,2,2,45,0,0,0,0,0,0,212643,192933,174184,163792,120754,236402,6755,6900,6733,5632,235024,8700,No
180000,Male,2,1,43,0,0,0,0,0,0,158843,152507,143489,146139,73718,137304,6029,7035,10007,20000,4000,10000,No
50000,Male,2,2,43,0,0,0,0,0,0,47669,48102,45718,44142,40981,43634,2000,1731,1955,1454,3300,0,No
500000,Male,1,2,47,-2,-2,-1,-1,0,-1,21376,20473,3581,18855,6783,5921,20473,3587,18860,146,5923,9464,No
50000,Male,2,1,35,0,0,2,2,0,0,5219,7633,8562,8276,8638,8851,2500,1200,0,500,500,500,Yes
50000,Male,3,1,37,5,4,3,2,0,0,54078,52946,51841,50306,49706,49706,0,0,0,0,0,0,No
400000,Male,1,2,32,-1,-1,-1,-1,0,0,525,1610,566,21373,16663,7873,1610,285,22240,4200,905,4607,No
150000,Male,2,1,31,0,0,-1,-1,0,0,64276,64226,4254,145578,148012,126848,3500,4508,145578,5115,10000,7598,No
50000,Male,3,2,31,3,2,2,2,2,2,15208,14667,21204,21363,20722,22384,0,6828,800,0,2000,0,Yes
150000,Male,1,1,34,1,-1,-1,-1,-1,-1,0,347,-13,4085,4006,826,347,0,4098,4006,826,3146,No
50000,Male,3,1,41,0,0,2,0,0,0,2602,12150,11670,12167,2210,2406,10000,0,1036,79,232,110,Yes
360000,Male,1,2,40,-1,-1,-1,-1,-1,-1,3457,1997,5115,3295,222,2854,2020,5115,3295,222,2862,2129,No
100000,Male,1,1,38,2,2,2,2,2,0,72437,74645,76063,77224,75385,78991,4000,3200,3000,0,5000,3200,Yes
30000,Male,2,2,44,2,2,0,0,0,0,44072,39489,36794,33991,30820,29323,0,1820,1600,1012,2586,2656,No
260000,Male,1,2,36,-2,-2,-2,-2,-2,-2,16751,5877,427,-73,-73,-73,10000,10000,0,0,0,0,No
140000,Male,2,1,29,0,0,0,0,2,0,140933,140883,138087,141620,110532,111638,5503,7210,15128,0,4200,4300,No
30000,Male,3,1,48,-1,-1,-1,-1,-1,-1,1261,1261,1261,1261,1261,1261,1261,1261,1261,1261,1261,1261,No
60000,Male,2,2,36,2,2,2,2,2,2,48547,49446,49857,50737,52602,53613,2000,1500,2000,3000,2000,2000,Yes
10000,Male,2,2,29,1,2,2,2,2,0,8393,9069,8019,5819,5626,5621,1000,2000,1000,0,2000,1000,No
110000,Male,3,2,34,2,2,2,2,2,2,86345,88492,81753,84368,80262,80529,4504,30,7000,2600,3500,2,Yes
40000,Male,1,2,34,0,0,2,0,0,2,38849,40315,38401,39224,40364,38391,3600,0,2100,3226,0,1531,Yes
50000,Male,3,1,47,2,0,0,0,0,0,49386,49693,51136,20171,19286,19292,1818,2261,1296,672,688,834,Yes
50000,Male,2,2,40,0,0,0,0,0,0,44310,45244,47922,46307,45983,50635,3003,5007,2008,3004,7019,12,No
450000,Male,1,2,34,0,0,0,0,0,0,260733,228515,232762,208005,194608,201044,20255,50171,7096,6604,10012,10000,No
50000,Male,2,2,42,0,0,0,0,0,0,49495,50586,49200,49763,18373,19187,3000,3000,3003,5000,2000,1500,No
170000,Male,3,1,39,0,0,0,0,0,0,54397,55501,56823,56269,48558,45690,2009,2239,2067,1594,1576,1503,No
100000,Male,2,1,41,1,2,0,0,0,0,96310,78965,74289,70534,61450,65482,0,2600,6459,2500,5000,0,No
140000,Male,1,1,36,0,0,0,0,0,0,39598,40836,41878,42977,43960,45093,2200,2001,2100,2000,2000,2000,No
250000,Male,1,2,29,1,-1,2,2,-2,-1,0,5023,2460,0,0,3081,5023,0,0,0,3081,0,No
360000,Male,3,1,36,-2,-2,-2,-2,-2,-2,222,1256,-9,1840,0,0,1256,0,1849,0,0,0,Yes
270000,Male,2,1,39,-1,0,-1,-1,-1,-2,18232,24290,11452,2295,0,0,14341,14468,2295,0,0,0,No
140000,Male,2,1,40,0,0,0,0,0,2,139934,132948,135695,121943,111348,107488,6500,6500,4322,12200,0,4200,No
150000,Male,2,2,32,0,0,0,0,0,0,151594,139114,92720,86468,79600,80866,4523,3500,3500,3000,2776,4019,No
200000,Male,1,2,33,-1,-1,-1,-1,-1,0,1431,1491,1000,9373,185994,188730,1491,1326,9373,192994,7000,7000,No
280000,Male,1,1,34,0,0,0,0,0,0,188698,353481,152132,138990,136778,137641,6337,6000,4974,5041,5215,7000,No
80000,Male,3,2,35,2,0,0,0,0,0,88027,85314,84147,59671,80941,27436,3264,4092,2400,43532,1511,1200,Yes
240000,Male,3,2,40,0,0,0,0,0,0,245311,237034,242807,226872,233115,239229,8491,9600,8896,10690,223765,9395,No
20000,Male,1,2,42,3,2,2,3,3,3,1050,1050,1050,1050,1050,1050,0,0,0,0,0,0,Yes
300000,Male,1,1,38,0,0,0,0,0,0,113807,103759,90827,78887,57682,35493,4511,3300,4505,4200,2500,25151,No
250000,Male,1,2,41,-1,3,2,2,2,-2,173,173,1573,1400,0,0,0,1400,0,0,0,0,Yes
50000,Male,1,2,49,0,0,0,0,0,0,48135,15317,12579,29035,17878,18586,1314,1506,19300,1000,1000,700,Yes
50000,Male,3,1,41,0,0,2,2,2,2,5620,46907,45880,48697,49504,50577,42100,0,3900,1900,2000,0,No
30000,Male,2,2,39,2,4,3,2,2,4,25999,25305,24624,23930,28807,27781,0,0,0,5288,0,0,Yes
240000,Male,1,1,38,2,2,-2,-2,-2,-2,2500,0,0,0,0,0,0,0,0,0,0,0,Yes
200000,Male,2,1,40,0,0,3,2,2,2,154090,172516,168401,164199,174420,178485,21000,0,0,13000,7000,1170,Yes
50000,Male,1,2,39,0,0,0,0,0,0,57436,58483,55825,54888,58115,57299,2055,2655,1862,4007,2517,37793,No
280000,Male,1,1,42,1,-2,-2,-2,-2,-2,0,0,0,0,0,0,0,0,0,0,0,0,No
200000,Male,3,2,33,0,0,0,0,0,-1,223147,211336,200691,136379,17000,36932,8376,8589,6137,2300,18649,616,No
300000,Male,2,1,41,0,0,0,0,0,0,163033,140472,96234,64482,100558,76056,5505,5000,3000,95000,4000,3500,No
420000,Male,1,2,36,-1,-1,-1,2,2,2,9464,37856,31429,22483,16437,-2474,40146,23040,63,104,23,50212,No
350000,Male,1,2,34,0,0,0,0,0,0,259524,213822,220211,225601,105586,111276,8432,9000,9500,10000,7000,10000,No
110000,Male,2,1,48,2,2,2,0,0,2,65070,69480,67800,69182,73431,72132,5500,0,2512,5400,0,3000,Yes
100000,Male,1,2,32,0,0,0,0,0,0,81210,78785,69138,69604,69448,69744,3019,2600,3100,3000,3000,3000,No
240000,Male,1,1,36,-2,-2,-2,-2,-2,-2,0,0,0,0,0,0,0,0,0,0,0,0,Yes
130000,Male,5,2,37,0,0,0,0,0,0,22335,23040,20487,21497,21617,22268,1617,1644,1654,774,1000,1021,No
170000,Male,1,2,48,0,0,0,-1,0,0,6203,9932,-157264,166969,164040,166416,5079,0,332809,6000,6000,6100,No
60000,Male,2,1,42,2,2,2,2,2,0,4136,6355,7604,7603,7332,7712,2300,1500,270,0,500,500,Yes
200000,Male,3,1,42,0,0,0,2,0,0,151392,148467,153409,145476,119025,115255,7000,14834,0,4575,4180,4634,No
210000,Male,2,1,48,0,0,0,0,0,0,186004,169351,163576,115854,111606,120885,8100,7000,4000,5000,105015,4100,No
100000,Male,2,2,35,0,0,0,0,0,0,95271,97243,99400,88037,59213,56651,3558,3803,3146,2514,3000,2500,No
380000,Male,1,1,37,0,0,0,0,0,0,83852,88996,77202,70542,65765,58355,13014,5068,2100,1947,2000,1600,No
240000,Male,1,2,38,0,0,0,0,-1,2,6865,2519,6646,-1776,3235,1612,2000,6500,0,5011,0,1834,No
60000,Male,2,2,35,0,0,0,0,2,0,34604,35625,36701,39048,37269,38000,1900,1953,3300,0,1430,1300,No
350000,Male,2,1,37,0,0,0,0,0,0,219376,221056,224591,255247,259512,283724,7669,7957,35300,9247,29459,20000,No
300000,Male,1,1,33,-1,-1,-1,-1,-1,-2,250,1280,0,320,0,0,1280,0,320,0,0,0,No
160000,Male,3,1,42,-1,0,0,0,0,0,75847,89094,88956,62768,64410,82919,30000,4326,4000,3000,20000,3500,No
130000,Male,1,2,37,0,0,0,0,0,0,91390,88381,89091,91212,29441,29683,5000,3424,4193,1042,1100,1080,No
50000,Male,3,2,38,0,0,0,0,-2,-2,4269,5478,6190,0,0,0,1288,1000,0,0,0,0,No
270000,Male,2,1,40,0,0,0,0,0,0,42598,44610,46666,48685,49574,50622,3036,3092,3111,2000,2000,2000,Yes
90000,Male,1,2,36,0,0,0,2,0,0,87678,84296,53990,51752,50346,48811,3573,5100,0,200,20,1146,No
240000,Male,1,1,37,-2,-2,-2,-2,-2,-2,4081,7608,154353,9617,11360,3842,7644,155142,9661,11489,3870,3539,No
450000,Male,1,1,45,0,0,0,0,0,0,201015,177028,136434,126121,115050,105901,10000,6000,5087,5000,5000,5000,No
280000,Male,1,2,36,-1,-1,-1,2,-1,-1,10831,4211,3057,1333,302,5419,4216,4585,0,302,5419,1005,Yes
270000,Male,1,1,38,-2,-2,-2,-2,-2,-2,0,0,0,0,0,0,0,0,0,0,0,0,No
10000,Male,3,2,46,3,2,2,3,3,3,1050,1050,1050,1050,1050,1050,0,0,0,0,0,0,Yes
50000,Male,1,3,37,0,0,2,0,0,0,45553,49457,47080,45833,45310,6313,6324,0,1200,1000,126,1000,No
100000,Male,1,1,33,0,0,0,2,2,2,34139,38219,42604,44607,45576,46495,5000,5000,3000,2000,1800,1600,No
190000,Male,1,2,32,0,0,0,0,0,0,183594,191367,192221,136916,99307,98753,15000,7171,5427,4000,3518,4758,Yes
240000,Male,1,2,33,0,0,0,0,0,0,85603,63733,61710,50106,18874,18994,2500,3354,1800,1000,1200,2000,No
220000,Male,1,1,33,0,0,0,0,0,2,171182,175334,179024,183050,207481,204082,7000,6500,7000,27640,0,16000,No
300000,Male,1,2,32,0,0,2,2,-1,0,8077,10566,11293,12000,3458,56338,2800,1200,1200,9427,55000,2000,Yes
500000,Male,1,2,30,-2,-2,-2,-1,-1,0,3317,22426,12762,11692,184515,168259,11393,25742,18076,184637,841,37384,No
200000,Male,1,2,30,-1,-1,-2,-1,0,0,8985,247,6015,34314,23403,-1839,805,6144,34418,230,1839,0,No
260000,Male,2,2,31,0,0,0,0,0,0,3113,3117,2924,2784,2413,902,1300,1100,1000,300,0,1261,No
160000,Male,3,2,31,0,0,0,0,0,0,50901,53859,55814,59726,61615,65939,4000,3000,5000,3000,5000,2000,No
340000,Male,1,2,31,0,0,0,0,0,0,85292,66486,62918,53322,50180,57000,17241,16000,13322,10005,9081,9080,No
310000,Male,1,1,32,1,2,0,0,2,0,310392,301861,225003,234185,222139,224655,56,9950,17828,9,7951,8070,No
360000,Male,2,1,30,-1,-1,-1,-1,-1,-1,1431,3914,-15,3041,21801,3837,3933,0,3056,21910,3856,31772,No
110000,Male,1,1,36,2,0,0,0,0,0,36152,37246,38340,39018,40122,41069,2000,2000,1500,1500,1500,1135,Yes
390000,Male,1,1,36,-2,-2,-2,-2,-2,-2,8040,7818,8051,-5,1965,3088,7857,8091,0,990,3108,8486,No
140000,Male,1,2,31,-1,-1,-1,-1,-1,-2,4900,393,0,814,0,0,393,0,814,0,0,0,No
30000,Male,3,2,32,0,0,0,0,0,0,27995,28977,29366,29553,27677,16364,1456,2000,1400,554,327,0,No
200000,Male,1,2,33,1,-1,-1,-1,0,0,-168,416,83,667,251,-165,1000,499,1000,0,0,1000,No
110000,Male,1,2,40,0,0,0,0,0,0,101781,101811,105848,103018,42298,43464,3700,5700,3100,2000,2000,1700,No
20000,Male,1,1,35,2,2,2,-1,0,0,20547,17089,15824,17840,18140,0,1250,0,30000,500,0,0,Yes
210000,Male,2,1,41,2,2,2,2,2,2,85639,87705,90376,90687,91888,93852,4200,4800,2500,3900,3400,3400,Yes
380000,Male,2,1,42,-2,-2,-2,-2,-2,-2,2588,38981,6267,19774,12297,2700,39529,6930,19873,12361,2713,5291,No
70000,Male,1,1,42,0,0,0,0,-2,-2,25317,24806,24100,0,0,0,2000,1010,0,0,0,0,No
20000,Male,2,2,32,0,0,0,-1,0,-1,14549,11292,7120,8115,2594,1610,1306,3045,10000,0,1610,0,No
260000,Male,1,2,32,-1,-1,-1,2,-1,0,2112,728,100,100,499,499,733,100,0,499,0,0,No
200000,Male,1,1,46,0,0,0,0,0,0,53643,54300,55039,55712,56421,57203,1765,1828,1811,1816,1880,4123,No
190000,Male,2,2,36,0,0,0,0,0,0,154456,142409,119290,99767,101761,105150,6176,5000,3815,3614,5000,5000,Yes
50000,Male,2,2,42,0,0,0,0,0,0,47282,47535,46578,17029,10575,9478,2500,2000,2500,500,500,500,No
20000,Male,2,2,35,0,0,0,0,0,0,17042,17544,15292,16509,12261,14550,1500,1500,1506,452,2500,691,No
400000,Male,1,1,49,-2,-2,-2,-2,-2,-2,749,1503,33956,44258,56526,776,1530,34229,44258,56526,776,2131,No
280000,Male,2,1,49,0,0,0,0,0,0,236168,242865,243515,215853,189911,161830,11000,10500,8010,7000,6000,4600,No
250000,Male,1,1,47,-2,-2,-2,-2,-2,-2,0,0,0,0,0,0,0,0,0,0,0,0,No
400000,Male,1,2,41,-1,-1,-1,-1,0,-1,11461,5864,5300,6534,5222,500,5877,5300,6534,0,500,360,No
180000,Male,2,1,46,0,0,0,0,0,0,97660,95200,99380,77876,65494,66559,6000,7007,5000,3000,5000,2500,No
50000,Male,2,1,45,0,0,0,0,-2,-2,51132,43020,30180,0,0,0,2800,1000,0,0,0,0,No
220000,Male,2,2,39,0,0,0,0,0,0,103159,91253,81847,79489,77040,78892,5000,3000,4000,3000,3000,3000,No
20000,Male,3,2,61,3,2,2,-1,0,0,1930,1742,-780,1170,780,0,0,0,1950,0,0,1320,No
100000,Male,2,1,44,0,0,0,2,0,0,11509,11119,12376,4419,2946,1473,1270,3000,0,0,0,3230,No
500000,Male,1,1,44,0,0,0,0,0,0,48533,49623,50969,52182,52821,53927,2200,2447,2660,2100,2109,2000,No
120000,Male,2,2,38,-1,-1,-2,-1,2,2,500,0,0,974,974,1624,0,0,974,0,650,0,No
360000,Male,1,1,37,-2,-2,-2,-2,-2,-2,-40,8147,1564,4941,2666,588,8187,1571,4965,2679,590,529,No
240000,Male,2,2,30,-2,-2,-2,-2,-2,-2,13989,7976,2088,7795,1335,2928,7976,2088,7795,1335,2928,4319,No
200000,Male,1,1,45,-2,-2,-2,-2,-2,-2,3659,1710,5033,1125,1088,4469,1718,5069,1130,1093,4491,0,No
50000,Male,2,1,46,-1,-1,-1,-1,-2,-1,4270,1600,3106,0,0,1370,1600,3106,0,0,1370,3930,No
260000,Male,2,1,44,2,-1,2,-1,0,0,802,4541,3896,119498,109399,111203,4541,0,119498,3500,3983,3579,Yes
300000,Male,2,1,35,0,0,0,2,0,0,142378,146621,153217,154879,156692,154911,8000,10800,6000,6000,6000,6000,Yes
130000,Male,2,1,37,-1,-1,-1,-1,-1,-1,923,1632,545,1262,1019,530,1632,545,1262,1019,530,1518,No
50000,Male,2,2,48,0,0,0,0,2,0,4975,6878,8106,9962,9656,11328,2000,1500,2000,0,2000,1000,Yes
20000,Male,1,1,36,0,0,0,2,0,0,16736,17834,20025,28806,14463,18668,1700,4000,300,10000,5000,1000,No
50000,Male,3,1,45,0,0,0,0,0,0,43469,44462,45510,46501,47119,47321,2015,2063,2054,1672,1946,1700,No
70000,Male,2,2,39,2,2,2,2,2,2,33521,36303,37424,38512,37596,39877,3350,2000,2000,0,3055,1700,Yes
70000,Male,2,1,45,2,0,0,0,0,0,68722,69693,70206,70032,50973,48529,3100,3000,3100,2000,1800,1700,No
450000,Male,3,2,38,0,0,0,0,0,0,322402,301522,290124,281667,289459,262269,15000,11000,10013,20000,30000,30000,No
70000,Male,2,1,40,0,0,0,0,0,0,5481,6495,7514,8582,9038,9490,1113,1132,1200,600,600,600,No
120000,Male,2,2,45,0,0,0,0,0,0,123772,121289,116645,119191,116549,119507,6000,5800,6000,4400,5000,4800,No
80000,Male,2,2,33,-1,-1,-1,-1,-1,-1,32394,23160,31484,396,3832,3867,23185,31610,396,3832,3867,1500,No
20000,Male,2,2,40,1,2,2,2,3,2,8545,10177,10467,11987,11503,11175,1923,600,2000,0,0,1000,Yes
480000,Male,1,2,49,0,0,0,0,0,0,449336,456668,424843,325772,320760,325841,17124,14706,15377,10481,11003,11303,No
490000,Male,1,1,42,0,0,0,0,0,0,283484,245832,230346,215437,176688,170548,10000,9002,10000,7000,7000,7000,No
100000,Male,1,2,33,0,0,0,0,0,0,68073,64109,65302,73056,74034,44825,5000,3200,10000,10000,10000,10000,No
360000,Male,1,1,43,1,-1,-1,-1,-1,0,-985,7542,6169,2391,8539,10068,10000,30000,5000,10004,5000,0,No
160000,Male,1,2,34,-2,-2,-2,-1,-1,-2,0,150,1397,690,0,0,150,1397,690,0,0,0,No
360000,Male,3,2,34,0,0,0,0,0,0,304883,301286,258122,255309,233946,235916,15000,9221,9225,8112,8369,9000,No
320000,Male,2,1,36,0,0,0,0,0,0,154188,14512,303265,310715,318340,268942,5000,300000,14000,15000,12000,10000,No
210000,Male,2,1,42,-2,-2,-2,-2,-2,-2,0,1145,1000,2000,500,5305,1145,1005,2000,500,5305,3640,No
140000,Male,1,1,41,0,0,0,0,0,0,44635,45891,48149,50341,51897,53058,2000,3000,3000,3000,2000,3000,No
20000,Male,2,2,39,0,0,0,0,0,0,13231,14306,15370,16411,16839,17267,1300,1300,1300,700,700,700,Yes
300000,Male,1,3,50,0,0,0,0,0,0,301731,230617,306116,291201,241557,193103,60000,80006,10523,8565,8700,3412,Yes
130000,Male,2,1,50,0,0,2,0,0,2,122079,127725,129558,126907,99773,98086,7700,6000,5800,5800,2895,400,No
200000,Male,3,1,50,0,0,2,2,2,2,119657,127855,128447,115045,117299,105456,11754,4100,0,14000,0,10365,No
120000,Male,2,2,51,2,2,0,0,0,0,137965,128953,126516,123530,95921,88090,0,4940,4806,4107,4026,85750,Yes
50000,Male,2,3,52,0,0,0,0,0,0,49854,51215,50144,10683,9953,9567,2500,1500,1300,800,1000,1500,No
180000,Male,1,1,51,0,0,0,0,0,0,40310,41634,44959,50198,52361,55510,2000,4000,6000,3000,4000,3000,No
230000,Male,1,1,53,1,-2,-2,-2,-2,-2,0,0,0,0,0,0,0,0,0,0,0,0,Yes
10000,Male,3,1,50,0,0,0,3,2,2,4674,6422,9145,8854,8563,9918,2000,3000,0,0,1500,0,No
20000,Male,2,1,49,2,2,2,2,0,0,13380,13264,19195,18497,18160,19067,400,6180,0,454,1000,400,Yes
200000,Male,2,2,48,0,0,0,0,0,0,111664,113884,116545,120396,121486,121518,4080,4500,5800,4500,5000,5000,No
360000,Male,2,1,49,1,2,-1,-1,0,-1,3295,1645,1656,1866,1473,1080,0,1656,1866,1080,1080,0,No
210000,Male,2,1,53,0,0,0,0,0,0,170760,174141,177856,181002,184690,188813,7700,8000,7600,6700,7100,6900,No
80000,Male,2,1,53,2,2,2,2,0,0,6469,8947,9853,9546,9890,10479,2600,1200,0,503,900,0,Yes
60000,Male,2,2,51,0,0,0,0,0,0,27293,27898,28574,29059,29244,29462,1450,1516,1391,966,997,948,No
100000,Male,3,1,56,1,2,2,2,2,2,51021,53878,54046,52193,55151,55873,4388,2000,0,4212,2126,0,No
50000,Male,2,1,54,2,2,2,3,2,2,35068,34205,39148,38233,37318,39757,0,5500,0,0,3036,2000,Yes
300000,Male,3,1,56,0,0,0,0,0,-1,110350,102556,103834,99368,101600,560,4052,6122,1987,2232,560,0,No
140000,Male,3,1,50,0,0,0,2,0,0,143090,139095,147204,139896,136922,130098,5411,16000,0,5341,4830,4621,No
400000,Male,3,1,57,-1,0,0,-1,0,0,17253,161057,192054,20660,18242,15609,160002,42263,20663,6020,3500,1003,No
50000,Male,3,2,58,2,0,0,0,0,0,7831,7556,7312,6959,5813,3985,1123,1140,1048,163,135,151,No
90000,Male,1,1,56,0,0,0,0,0,0,58438,60208,62000,60673,22196,29809,2572,3188,2661,1000,8000,1000,No
60000,Male,2,1,57,0,0,0,0,0,0,59617,47807,35136,34163,27197,26528,3099,3000,5005,2000,4001,3016,No
80000,Male,3,1,52,0,0,2,2,0,0,27308,29536,31756,30946,31830,0,3000,3000,0,1700,0,0,No
160000,Male,2,1,55,-2,-2,-1,0,0,0,-64,-64,140184,141992,143277,146438,0,140248,6600,5122,5464,5372,No
10000,Male,3,2,51,0,0,0,2,0,0,7282,8311,10398,10000,10000,0,1311,2398,0,0,0,0,No
190000,Male,2,1,50,1,2,2,2,2,2,19871,19259,21734,21087,22732,22228,0,3100,0,2000,0,1900,Yes
160000,Male,1,1,51,0,0,0,2,2,2,131124,129673,135778,132505,124622,127646,5000,12501,4700,0,9500,0,No
300000,Male,3,1,57,1,-1,-1,-1,-1,-1,0,176,1269,11347,369,860,176,1269,11347,369,860,0,No
440000,Male,1,1,79,0,0,0,0,0,0,429309,437906,447326,447112,438187,447543,15715,16519,16513,15800,16531,15677,No
50000,Male,3,1,54,1,2,0,0,0,0,48679,47597,48503,49517,19592,19868,0,2100,2500,800,1000,900,No
350000,Male,1,1,50,0,0,0,0,0,0,348938,326648,228830,198817,193859,154477,11000,8500,15022,7000,20000,20000,No
50000,Male,2,1,47,2,0,0,0,0,0,10492,11913,13012,13789,14560,15025,1600,1600,1300,1000,700,600,Yes
30000,Male,2,2,52,2,2,0,0,0,0,30119,28682,29058,29320,29787,27599,0,1803,1733,1200,1200,2000,Yes
150000,Male,1,2,52,0,0,0,0,0,0,227634,356216,247706,239805,242653,39496,18000,12370,6552,6936,395,0,No
100000,Male,1,1,60,0,0,3,2,0,0,4814,8311,8031,5790,3860,2599,3591,0,0,0,0,2712,Yes
350000,Male,1,1,55,-1,-1,-1,-1,-1,-1,3297,11634,12952,39274,5474,14837,11637,12991,39278,6000,14837,931,No
80000,Male,2,1,52,0,0,0,0,0,0,75113,76860,77456,21118,22260,23396,3500,2202,1500,1500,1500,1500,No
80000,Male,3,1,55,0,0,0,0,0,0,80037,79788,81571,75814,49784,51408,63000,25000,7704,8700,3000,12900,No
10000,Male,3,1,54,4,3,2,2,2,2,7936,7662,8386,9069,9966,8410,0,1000,1000,1000,0,2000,Yes
210000,Male,2,1,66,-1,2,-1,-1,-1,0,780,390,390,390,780,390,0,780,390,780,0,390,Yes
500000,Male,1,1,62,1,-2,-2,-2,-1,-1,0,0,0,0,1981,1700,0,0,0,1981,1700,13969,No
20000,Male,2,1,61,3,4,3,2,2,4,18618,18040,17471,16893,21318,20412,0,0,0,4726,0,0,Yes
250000,Male,1,1,58,0,0,0,-1,0,0,1635,2491,-60,600,600,0,1025,0,660,0,0,0,No
420000,Male,1,1,54,-2,-1,2,-1,0,0,1003,1632,629,13371,12383,8260,1632,0,13371,15,0,2512,No
90000,Male,2,1,53,-1,0,0,0,0,0,24782,26302,27465,27943,26152,25941,3000,3000,2000,1000,936,1010,Yes
180000,Male,3,2,52,0,0,0,0,0,0,77408,74156,75659,72046,70355,71208,3293,3350,3111,2615,2689,2766,No
50000,Male,3,1,51,0,0,0,0,0,0,47877,48519,46538,45465,18654,19042,2516,2106,2048,783,806,652,No
200000,Male,2,1,53,1,-1,-1,-2,-2,-1,0,2920,0,0,0,6753,2920,0,0,0,6753,0,Yes
100000,Male,1,1,63,0,0,0,0,0,0,61228,59936,59038,52735,46667,49009,2810,2954,2307,1756,3181,0,No
150000,Male,1,1,55,1,-1,-1,0,-1,-1,0,780,4639,100940,3284,2090,780,4639,100000,3284,2576,2576,No
360000,Male,1,1,62,-1,-1,-1,-1,-1,-1,5875,7279,6894,7143,1787,19526,7289,6918,7148,1792,19541,3689,No
50000,Male,2,2,57,0,0,0,0,2,0,51867,51136,51039,52079,49523,49128,2200,2500,4000,0,2000,2000,No
30000,Male,2,3,58,3,2,0,0,0,2,23496,22820,23952,27052,28631,28037,0,1500,3500,2336,0,6900,No
330000,Male,3,1,56,-1,-1,2,-1,-1,0,360,1499,360,360,7143,5725,1499,0,360,7143,3000,2383,No
70000,Male,2,3,47,0,0,0,2,0,0,27847,29073,34578,33723,35156,37370,2000,6000,0,2000,2784,0,Yes
420000,Male,1,1,51,0,-1,-1,-1,0,0,57815,1000,0,287921,291770,299232,1000,0,288921,10000,21100,0,No
130000,Male,1,1,51,0,0,0,0,0,0,124108,126571,130870,132213,52755,53463,4530,6338,5530,1877,1937,1939,No
200000,Male,2,1,55,0,0,0,0,0,2,184505,182475,180103,180647,76236,71415,8000,7512,8034,5600,0,2700,No
180000,Male,3,1,58,2,2,2,2,2,2,36086,37196,36322,38808,39474,40297,2000,0,3405,1600,1600,1700,Yes
170000,Male,2,1,59,2,2,2,2,2,2,44619,45386,46365,47304,47727,49315,1800,2000,2000,1500,2500,0,Yes
200000,Male,1,1,54,1,2,0,0,0,0,7111,4803,4629,14915,8523,5586,10,1215,12000,4000,4978,1000,No
460000,Male,2,1,55,0,0,-1,0,0,0,5352,8240,76653,75117,76616,78248,3000,76653,20000,2481,2600,2600,No
190000,Male,1,1,54,0,0,0,0,0,0,205824,201269,197129,192803,161324,156576,7154,7385,7520,5593,6000,5516,No
10000,Male,2,2,54,0,0,0,2,2,0,3697,5186,8225,8244,7963,8134,1561,3300,300,0,299,2000,No
90000,Male,2,1,57,0,0,0,0,0,0,10635,10889,10953,11155,15210,19425,3007,3000,3000,5000,6000,8000,No
440000,Male,1,1,54,-1,-1,-1,-1,0,0,8517,0,241,8544,1361,855,0,241,8598,857,4,2227,No
480000,Male,2,1,58,0,0,0,0,0,0,470310,472072,475509,466730,469490,398335,16898,17546,15921,15981,14420,14230,No
360000,Male,3,1,56,-1,-1,-1,-1,-1,-1,22000,7746,1198,2087,1026,1026,7772,1198,2097,1026,1026,1019,No
500000,Male,1,1,69,-2,-2,-2,-2,-2,-2,1149,203,15183,3399,8311,-2,205,15259,3416,8353,0,0,No
30000,Female,3,1,28,0,0,0,0,2,0,23176,23182,19083,19632,15252,14021,2867,2000,2000,0,1500,1353,No
80000,Female,3,1,33,-1,2,-1,-1,-1,-1,780,390,814,390,390,390,0,814,390,390,390,1578,Yes
200000,Male,2,1,66,-1,-1,2,-1,-1,-1,389,778,389,389,389,775,779,391,390,390,776,1,Yes
350000,Male,1,1,57,-2,-2,-2,-2,-2,-2,1910,0,1638,0,0,0,0,1638,0,0,0,0,No
150000,Male,2,1,55,0,-1,-1,-1,0,0,1540,780,0,580,780,0,780,0,580,200,0,0,No
360000,Male,3,2,54,-2,-2,-2,-2,-2,-2,0,0,0,0,0,0,0,0,0,0,0,0,Yes
20000,Female,3,1,31,1,2,0,0,0,0,15903,15350,16438,17250,17601,17982,0,1343,1155,506,538,600,Yes
310000,Female,2,1,47,0,0,0,0,0,0,290211,296743,303686,226605,224937,228912,10989,12100,8000,8000,9000,7670,No
200000,Female,1,2,31,1,-2,-2,-1,-1,-1,3028,1431,1818,4192,6066,1616,1473,1818,4192,6066,1616,2512,No
210000,Female,3,1,40,0,0,0,0,0,0,160292,144217,123657,112910,97400,9806,3720,3229,3165,1979,9806,390,No
30000,Female,3,1,47,0,0,0,0,0,0,15979,17705,19107,20281,20941,21799,2000,2000,1500,1000,1200,2000,No
110000,Female,1,2,31,1,-2,-2,-2,-2,-2,0,0,0,0,0,0,0,0,0,0,0,0,No
50000,Female,3,2,27,2,0,0,-1,-1,-1,13979,11243,4396,3120,1805,16820,1261,1396,3125,1805,16820,3000,No
50000,Female,1,2,26,0,-1,-1,-1,-2,-2,4197,934,252,-570,-570,-1000,1000,252,0,0,0,0,Yes
20000,Female,1,2,23,0,0,0,0,0,0,16931,17644,18679,18275,7953,8323,1300,1340,1207,300,500,500,No
230000,Female,3,0,30,-1,-1,-1,2,0,-1,291,763,2403,2205,1210,291,763,2403,0,0,291,291,No
80000,Female,2,2,32,0,0,0,0,0,0,16007,19643,23213,27547,31151,37673,5000,5000,6000,5000,8000,10000,No
150000,Female,2,1,53,-1,-1,-1,-1,-1,-1,2337,5335,508,9634,3822,1769,5336,509,9636,3822,1779,1017,No
240000,Female,2,1,28,-1,-1,-1,-1,-2,-2,1444,2553,747,0,0,0,2553,747,0,0,0,1295,No
450000,Female,1,1,36,-2,-2,-2,-2,-2,-2,3961,2483,74,-73,14590,-70,2495,100,0,14663,0,14121,No
180000,Female,2,2,24,-1,-1,-1,-1,-1,-1,316,316,316,316,316,316,316,316,316,316,316,316,Yes
30000,Female,2,2,22,0,0,0,0,0,0,24426,25429,26491,27132,27672,28253,1712,1774,1415,955,991,1358,No
50000,Female,2,1,22,0,0,0,0,0,0,48560,49644,47247,42541,19716,20145,2000,2003,1298,1000,800,879,Yes
20000,Female,2,1,31,2,2,2,2,2,0,17727,18840,18255,20129,19528,40068,1700,0,2500,0,800,792,No
20000,Female,2,1,29,0,0,0,0,0,0,5586,6599,7615,8472,8640,8971,1268,1284,1141,309,470,321,Yes
40000,Female,2,1,25,0,0,0,0,0,2,40633,40633,40311,39380,41389,40628,1950,4300,2000,2938,0,3700,Yes
180000,Female,2,1,30,1,-1,-1,-1,0,0,1591,150,8834,19565,14170,9017,150,8857,19565,502,3000,2707,No
80000,Female,2,2,29,0,0,0,0,0,0,78626,78262,80000,82025,78521,78947,3400,3600,4000,3500,3000,4000,No
50000,Female,2,2,24,0,0,0,0,0,0,45397,47264,44090,36501,28493,24663,3015,3025,2029,2015,1001,2000,No
150000,Female,1,2,24,-2,-2,-2,-2,-2,-2,1495,2053,0,0,0,0,2060,0,0,0,0,0,No
20000,Female,2,2,22,0,0,0,0,0,0,15847,16885,18418,18915,17639,0,1300,1803,1300,1333,0,0,No
360000,Female,1,2,29,1,-2,-2,-2,-2,-2,0,0,0,0,0,0,0,0,0,0,0,0,No
200000,Female,1,2,33,0,-1,0,0,0,0,8819,8565,14567,157631,143678,159782,8656,14040,154888,12848,50000,10000,Yes
20000,Female,1,2,28,0,-1,-1,2,0,0,4647,3567,20330,13463,9192,7315,5057,17000,0,0,0,1183,No
50000,Female,2,2,23,1,-1,-1,-1,-1,0,18085,4120,0,261,28606,24041,7000,0,261,46506,2000,3000,No
70000,Female,2,2,23,0,0,0,0,0,0,64882,63824,63352,28085,28487,27006,2782,2700,1732,1134,1128,1003,Yes
120000,Female,2,2,23,0,0,0,0,0,0,116314,115653,108971,83592,22321,32150,6019,5000,5000,2000,20000,10000,No
50000,Female,3,1,46,0,0,0,0,2,0,13406,15175,16227,17746,7496,7877,2000,1600,2100,1930,500,500,No
310000,Female,1,1,36,0,0,0,0,0,0,157173,160555,170288,175252,177855,181846,6000,12398,7814,7000,7000,6597,No
60000,Female,2,2,24,0,0,0,0,0,0,54216,55313,56127,57149,53721,54703,2000,2100,2000,2100,2000,2153,No
20000,Female,1,2,22,0,0,0,0,0,0,23050,22101,20912,19480,19129,20014,1336,2502,1700,807,2002,1007,No
20000,Female,2,2,22,2,2,0,0,0,3,6900,6643,7872,9077,10989,10529,0,1500,1500,2225,0,0,Yes
50000,Female,1,2,22,0,0,0,2,0,-1,3560,4582,7692,12048,3750,95,1090,3200,0,2000,95,29355,Yes
80000,Female,2,2,22,0,0,0,0,0,0,18429,19500,14366,15369,14595,14363,2015,1500,1252,330,1829,207,No
20000,Female,2,2,22,0,0,0,0,0,0,16990,17960,18923,19706,19818,20006,3000,3001,3000,2000,1002,783,No
20000,Female,6,2,22,0,0,0,0,0,0,19568,19420,15535,1434,500,0,4641,1019,900,0,1500,0,Yes
10000,Female,1,1,23,0,0,0,0,0,0,7641,8557,9080,1410,9508,8997,1262,1000,1115,9329,331,1000,No
20000,Female,2,1,21,-1,0,0,0,2,0,17617,17540,25816,12957,9602,9357,1489,2302,2400,0,2000,3000,No
30000,Female,2,2,22,0,0,0,0,0,-1,18424,18905,15037,2986,4212,1161,1311,1065,1000,1226,1161,748,No
20000,Female,1,2,21,0,0,-1,-1,-1,0,2798,3214,647,0,7273,6490,2000,647,489,7273,130,0,No
20000,Female,1,2,22,0,-1,-1,0,-1,-1,18479,2005,7839,5386,10690,3413,2022,15210,1000,10690,3413,390,No
20000,Female,2,2,22,1,2,0,0,0,3,15712,15162,16188,17212,19363,18771,0,1276,1300,2443,0,0,No
50000,Female,2,2,22,1,2,0,0,0,0,51798,50497,30935,14010,19110,19500,0,1663,1544,5500,390,0,No
50000,Female,1,2,23,0,0,0,0,0,0,8889,10234,13734,14754,16499,18223,1500,4000,1255,2000,2000,3000,No
50000,Female,3,2,23,-1,-1,-1,-1,0,0,3237,5365,8263,14054,22071,20506,5389,8276,14075,15022,3012,3018,Yes
20000,Female,2,2,22,0,-1,2,-1,-1,-2,10294,3203,199,2780,0,0,4000,0,2780,0,0,0,Yes
20000,Female,2,2,22,2,4,3,2,0,0,8628,8350,8076,7798,8110,10194,0,0,0,441,2368,0,Yes
80000,Female,1,2,23,-2,-2,-2,-2,-2,-2,390,390,390,390,740,552,390,780,390,740,552,4390,No
80000,Female,2,2,23,0,0,0,0,0,0,43275,42504,42471,43302,40516,43487,1700,1800,1600,1500,3500,2000,No
130000,Female,2,2,23,-1,-1,-2,-2,-2,-2,69,0,0,0,0,0,0,0,0,0,0,0,No
200000,Female,1,2,24,-2,-2,-2,-2,-2,-2,675,1053,0,500,2057,23322,1053,0,500,2057,23322,4299,No
50000,Female,1,2,24,0,0,0,-1,-1,-1,27320,50339,40791,13676,9457,390,27704,5000,13676,9457,14000,568,No
20000,Female,2,2,22,1,2,2,0,0,0,15706,15757,15436,16331,10229,10250,1000,1000,1200,900,700,2300,Yes
50000,Female,2,2,22,1,2,0,0,0,0,44980,41140,31888,28639,26737,24784,7,1580,1621,1020,2473,1079,Yes
60000,Female,2,2,23,1,2,-1,0,0,0,9491,9094,43457,34481,28695,26040,0,43460,1700,1100,1000,1000,No
130000,Female,2,2,22,0,-1,-1,0,-1,0,8570,527,11249,7816,16578,16129,527,11249,1200,16578,0,33232,No
170000,Female,2,2,34,0,0,0,0,0,0,156526,160926,162960,165645,168386,129230,7500,6116,5600,5000,5000,5000,No
20000,Female,2,1,23,-1,-1,-1,-1,0,-1,3426,11581,10713,4272,4285,16542,11615,10739,4272,13,16687,952,No
20000,Female,1,2,23,-1,-1,-1,-1,-1,-1,1207,0,174,1200,1434,0,0,174,1200,1434,0,974,No
80000,Female,2,2,23,0,0,0,0,-1,-1,38587,27558,23470,21539,14578,11766,5000,5000,10006,14614,11766,18000,No
30000,Female,2,2,22,0,0,0,2,2,2,26568,27556,29963,28835,30174,28603,1762,3500,0,2297,40,1755,Yes
30000,Female,3,1,23,2,2,2,0,0,2,15003,15955,15410,17149,18362,18919,1500,0,2000,1500,1000,700,Yes
150000,Female,2,2,23,-2,-1,0,0,0,0,956,66470,66187,65419,61645,64189,66470,2451,2543,5000,4189,10000,No
50000,Female,1,2,23,0,0,0,0,0,-1,40756,48482,47226,11151,-2897,48211,10000,2500,3002,1500,52000,1900,Yes
80000,Female,2,2,23,1,-1,-1,2,0,-1,-1678,75061,3647,2173,390,780,78000,3647,0,0,780,0,No
30000,Female,1,2,23,0,0,0,0,-1,-1,20958,12186,5754,5070,759,2480,1092,1109,1000,759,2480,0,Yes
100000,Female,2,2,23,0,0,0,0,0,0,42409,43404,44446,45704,54916,56063,1700,1742,2000,10000,2025,2150,No
140000,Female,1,2,23,0,-1,-1,-1,-1,0,1217,866,390,0,2601,179,866,390,0,2601,0,1326,No
70000,Female,2,2,22,2,0,0,0,0,0,34970,19188,19998,22919,23128,23030,1313,1689,4000,958,1036,6000,No
30000,Female,2,1,28,2,2,2,2,0,0,21588,20942,23691,23012,26105,30500,0,3100,0,3500,5000,1000,Yes
50000,Female,3,2,22,2,-1,-1,2,0,0,1261,1261,2136,1560,1170,780,1261,2136,0,0,0,0,Yes
50000,Female,2,2,22,2,2,2,0,0,0,49559,49548,50148,48910,29848,26159,1100,1700,1500,1000,1000,1300,Yes
30000,Female,3,1,22,0,0,0,0,0,2,23185,24194,25529,26563,28120,28558,1400,1730,1760,2310,1033,0,No
30000,Female,3,2,23,0,0,0,0,0,0,28371,28238,28963,29991,22876,22177,2000,2000,2000,2000,2000,2000,Yes
30000,Female,1,2,24,-2,-2,-2,-2,-2,-2,0,0,0,745,0,0,0,0,745,0,0,930,No
20000,Female,1,2,25,0,0,0,0,0,0,11629,11936,12643,13447,8199,8416,1193,1290,1094,1000,316,1000,No
60000,Female,4,2,23,0,0,0,0,0,0,60876,60606,58227,60538,45018,38086,2523,2155,45088,1722,1523,2000,No
200000,Female,1,2,23,0,0,0,0,0,0,72853,73688,56073,57790,58356,60135,2933,2100,2659,2100,2700,2599,No
80000,Female,1,2,23,1,-2,-2,-2,-1,-1,0,0,0,0,826,1803,0,0,0,826,1803,0,Yes
170000,Female,1,2,23,0,0,0,0,0,0,15639,14431,15437,13838,14915,10090,1265,3437,2115,2920,1500,1053,No
230000,Female,2,2,24,-1,-1,-1,-1,-1,0,160,237,436,12488,932,317,237,586,12511,1249,0,0,Yes
290000,Female,2,2,24,0,0,0,0,0,0,262476,180959,162007,143679,375499,222575,8000,6500,6100,235075,10047,7500,Yes
60000,Female,2,2,24,0,0,-1,2,0,0,8086,6936,4102,3891,4669,6083,3015,4102,0,1000,1500,1000,No
20000,Female,1,2,24,-2,2,2,2,2,0,18252,19650,19054,20285,19563,17899,2000,0,2000,0,356,3431,Yes
210000,Female,2,2,23,0,0,0,0,0,0,9987,14769,16658,21032,19497,3510,5000,5000,5000,8000,2000,4209,No
90000,Female,2,2,23,0,0,0,0,0,0,29357,26003,27090,27767,28108,29848,1500,1500,1800,1100,2200,1500,No
50000,Female,2,2,23,0,0,0,2,0,0,32206,65339,33329,20935,15809,16133,1630,6348,0,420,593,500,No
20000,Female,3,2,24,0,-1,0,0,0,0,1360,1301,2257,2641,5041,248,1301,1267,1648,4041,0,3422,No
360000,Female,2,2,23,0,0,-2,-2,-2,-2,37927,2047,3794,8521,7119,5725,2057,4294,8535,1535,5753,7792,No
30000,Female,1,2,24,-1,0,0,0,0,0,19998,21212,18127,14439,11026,10523,3001,2013,2001,2002,1500,20000,No
30000,Female,1,2,23,0,0,0,0,0,0,17462,27086,28299,29585,27952,29790,10000,2013,3016,759,2042,3705,No
70000,Female,2,2,23,0,0,0,0,0,0,45743,38365,38988,38192,28775,16497,1619,4000,1200,592,330,177,No
20000,Female,2,2,25,2,0,0,0,0,-2,18696,20086,20285,16530,0,0,1705,1418,2011,0,0,0,Yes
80000,Female,2,2,25,-1,-1,-2,-2,-2,-2,390,0,0,0,0,0,0,0,0,0,0,240,No
80000,Female,2,2,24,0,0,0,0,0,0,80690,79451,80672,79681,78569,79817,2852,2906,2828,2790,2887,3100,No
50000,Female,2,2,25,0,0,0,0,0,0,49173,50141,96860,48803,19324,19668,1800,2100,2600,1000,1000,1000,No
30000,Female,5,2,22,0,0,0,0,0,0,13738,10455,19869,26173,26848,27266,4000,10001,7000,1107,1000,1010,No
30000,Female,1,2,22,0,0,2,0,0,-1,28000,30463,29697,29760,21061,1894,3703,0,1000,421,1894,5514,No
70000,Female,2,2,22,0,0,0,0,0,0,53399,49108,49674,44568,31156,30954,1841,2243,1467,1076,1096,1494,No
30000,Female,2,2,24,0,0,0,0,0,0,30767,28818,30411,28805,26895,27162,1600,2517,4006,2000,1000,1500,No
110000,Female,2,1,24,1,1,-1,0,0,0,9787,-1256,65064,66102,54275,51791,5,68500,3114,4016,2000,2000,No
160000,Female,2,2,24,0,0,0,0,0,0,55559,51972,34983,26514,17602,9308,3010,3000,2000,1000,2000,0,No
30000,Female,2,2,22,2,2,2,2,2,0,29412,27559,31090,31247,30493,31148,0,4000,1000,0,1100,1091,Yes
40000,Female,2,2,24,2,0,0,0,0,0,19012,20018,21047,22360,22499,22969,1326,1355,1668,807,834,837,Yes
160000,Female,2,2,25,1,-1,0,0,0,-2,0,1000,2043,3133,0,0,1000,1043,1133,0,0,7482,Yes
50000,Female,2,2,23,2,0,0,0,0,0,33999,34997,36030,36740,37469,38254,1867,1900,1610,1339,1387,1395,Yes
160000,Female,1,2,23,0,0,0,0,0,-1,77947,78960,79594,49777,327,222,4000,3000,1000,0,222,2682,Yes
30000,Female,2,2,22,0,-1,-1,0,0,-1,3077,390,1946,2503,0,780,390,1946,1000,0,780,1160,No
70000,Female,2,2,23,2,3,2,2,0,0,64655,63031,64440,62816,63473,65112,0,3000,0,2300,2661,2035,No
150000,Female,2,1,24,-1,-1,-1,-1,-1,-1,12769,424,177,1596,405,0,902,177,1596,405,0,0,No
50000,Female,2,1,24,0,0,0,0,0,2,46485,34462,26809,27809,29705,26856,1523,1609,1500,2305,0,1701,No
80000,Female,1,1,24,0,0,0,0,0,2,79393,77400,78453,48027,52378,49750,3400,3000,5027,8500,0,4000,No
50000,Female,2,2,24,2,0,0,0,0,2,35845,36449,37858,38924,41170,40379,1500,2000,2000,3200,0,1700,Yes
50000,Female,2,2,24,0,0,0,0,0,0,54519,53638,53676,51786,34919,33571,2000,2880,1950,1050,1010,1220,No
30000,Female,3,1,25,0,0,0,0,0,0,26277,25896,27460,27735,27711,28643,2000,2000,2000,2000,1500,1500,No
250000,Female,3,1,27,2,3,2,2,0,0,324204,308506,294198,278964,270046,265787,5000,6000,5000,9600,14000,14000,No
70000,Female,1,1,23,-1,-1,-2,-2,-2,-2,3000,0,0,0,0,0,0,0,0,0,0,0,No
150000,Female,2,2,23,-1,-1,-1,0,0,0,330,330,63917,59865,59258,57924,330,63917,2100,2100,2200,2200,No
320000,Female,1,2,25,0,0,0,0,0,0,179893,183466,187397,187999,191388,40940,6558,7254,4308,4274,1296,1017,No
80000,Female,5,2,25,0,0,0,0,0,-2,11521,5219,4560,5450,0,0,1500,2000,1000,0,0,0,No
30000,Female,3,2,26,1,2,2,2,2,2,11167,13281,13773,14647,14713,14337,2600,1000,1400,600,0,700,Yes
50000,Female,1,2,23,0,0,0,0,-1,-1,47160,51034,50204,44580,4712,3914,5000,4000,1010,5504,5500,5000,No
30000,Female,3,2,23,0,0,0,0,0,0,33171,32678,32218,31963,30942,29945,1524,1537,1755,1207,1076,1188,No
200000,Female,2,1,25,0,0,0,0,0,0,108174,111378,113751,110828,110592,103734,5000,4200,3820,4000,3760,4006,Yes
20000,Female,2,2,22,0,0,0,0,2,2,12932,13940,14654,16712,16149,18112,1532,1246,2304,0,2390,634,Yes
100000,Female,2,2,24,2,3,2,0,0,0,84098,83160,81265,83012,84933,94362,1000,0,3100,3300,11000,0,Yes
20000,Female,1,2,26,1,2,2,2,2,2,18194,19043,18451,19961,19229,19694,1446,0,1956,0,651,0,Yes
130000,Female,2,2,24,0,0,0,0,0,0,10071,50961,44362,43359,39010,36546,46034,1800,1659,1200,1150,1158,No
50000,Female,5,2,24,0,0,0,0,0,0,42207,43517,44330,45404,46363,47630,2000,1800,1800,1700,2000,3700,No
20000,Female,2,1,25,1,-2,-2,-2,-2,-2,0,0,0,0,0,0,0,0,0,0,0,0,Yes
20000,Female,2,1,26,1,2,0,0,0,0,7072,1514,1898,2558,2498,4074,2,1198,1500,500,2000,0,No
100000,Female,1,2,26,1,2,2,2,0,-1,3144,2949,4480,764,528,933,0,1795,0,13,933,3000,No
170000,Female,2,2,24,0,0,0,0,0,0,64142,54347,55677,59096,50536,15851,3000,3000,5000,10000,5000,6000,No
80000,Female,1,2,22,0,0,0,0,0,0,48305,48823,41495,36733,27692,27872,1739,1701,1439,980,1005,1216,No
130000,Female,1,2,26,-2,-2,-2,-2,-2,-2,1815,3520,727,-173,-173,-173,3532,857,1000,0,0,0,Yes
50000,Female,3,1,26,2,2,2,0,0,0,50002,51190,47959,49099,28540,29114,2330,0,2470,1215,1231,1000,Yes
280000,Female,2,2,26,0,0,0,0,0,0,25989,27052,28111,29138,29852,30717,1800,1800,1800,1500,1500,1500,No
130000,Female,2,2,27,-1,-1,-1,-1,0,0,3359,-191,191,2898,4728,5149,0,382,2898,1900,500,500,No
150000,Female,2,1,27,-1,-1,-1,-1,-1,-2,9377,11908,-5132,20710,0,0,11908,3038,42429,0,0,53867,No
130000,Female,1,2,23,-2,-2,-2,-2,-2,-2,0,0,0,0,0,1250,0,0,0,0,1250,0,No
30000,Female,2,2,23,0,0,2,0,0,0,20194,24860,24180,25467,26241,30637,5000,0,2000,1500,5000,2528,No
120000,Female,2,2,24,0,0,0,0,0,0,89240,87970,82837,73297,73084,68697,8000,3500,3500,3000,3000,3000,No
30000,Female,2,2,24,0,0,0,2,0,0,28218,28704,30428,28914,29357,29955,2000,3600,0,1200,1200,1300,No
80000,Female,2,2,25,0,0,0,0,0,0,69816,71257,72812,74305,75872,77554,2600,2700,2700,2800,2900,4300,No
80000,Female,1,2,23,-1,-1,-2,-2,-1,-1,1178,2550,182,-2194,2188,6424,2550,1026,1350,4382,6443,5438,No
20000,Female,1,2,23,0,0,0,0,0,0,15781,20124,19423,20140,19991,20079,5000,2000,1500,1000,600,1000,Yes
80000,Female,3,1,23,-1,-1,-1,-1,-1,-1,333,333,333,333,0,75,333,333,333,0,75,0,No
30000,Female,2,1,27,2,0,0,2,0,0,25243,26261,29038,28289,28543,30544,1730,3500,0,1011,2450,0,No
120000,Female,1,2,26,-1,-1,-1,-1,-1,-1,6500,4899,6500,6825,5635,2833,4899,6500,6825,5635,5497,7921,No
110000,Female,1,2,26,0,0,0,0,-2,-2,104804,107979,93600,0,0,0,4988,1872,0,0,0,0,No
300000,Female,1,2,25,1,-1,-1,-1,-1,-1,0,9048,4040,0,1092,1681,9048,4040,0,1092,1681,0,No
150000,Female,2,2,25,0,0,0,0,0,0,44552,43702,44798,44280,38006,32978,2022,2118,1800,1300,1300,1300,No
210000,Female,2,1,47,-1,-1,-1,-1,-1,-1,2295,561,2607,3586,3676,4095,566,2617,3591,3680,4095,8699,Yes
20000,Female,2,2,26,0,0,0,0,0,0,16976,17687,18894,19693,19894,3473,1300,1500,1250,451,160,69,No
240000,Female,2,2,26,0,0,0,0,0,0,150886,141315,128940,124226,113133,113966,6537,6349,5834,3870,4000,3825,No
60000,Female,2,2,25,-1,-1,0,0,0,0,995,7348,7242,6682,6223,7007,7353,2007,2011,2005,3003,3005,No
20000,Female,2,2,25,0,0,2,2,2,2,7712,14042,14371,17963,17185,16638,6742,1100,4100,6,2000,0,No
130000,Female,2,2,25,1,2,0,0,0,0,136963,133293,133207,131578,101612,101650,0,6867,5660,3800,3677,3620,No
330000,Female,2,1,25,0,-1,0,0,0,0,118053,197622,25664,9461,6407,15791,198842,25000,9004,6000,15000,6000,No
50000,Female,1,1,25,0,0,0,0,0,-2,48294,48993,50702,49663,0,0,1805,2514,2475,0,0,0,Yes
110000,Female,1,2,24,0,0,0,0,0,0,67729,64388,63447,65394,66810,68732,3000,3000,3000,2500,3000,4000,No
50000,Female,3,1,24,0,0,0,0,0,0,44742,45737,46814,47978,48733,50241,1737,1814,1978,1733,2241,1700,No
90000,Female,2,2,24,0,0,-2,-2,-2,-2,24179,0,0,0,0,0,0,0,0,0,0,0,No
130000,Female,2,2,26,0,0,0,2,2,2,131336,123443,132517,133747,134230,131986,6000,12600,4900,5105,0,5050,No
150000,Female,3,1,26,0,0,0,0,0,-2,92802,91166,99655,100000,0,0,7500,10000,2000,0,0,0,No
140000,Female,2,2,27,-1,-1,-2,-2,-2,-2,515,0,0,0,0,0,0,0,0,0,0,0,No
150000,Female,2,2,24,0,0,0,0,0,0,143212,137963,139520,99814,100810,103233,5500,5500,4500,3500,4000,4000,No
50000,Female,2,2,26,2,0,0,0,-1,-1,48510,48217,25192,15741,3041,0,1800,3000,1000,3041,0,0,Yes
40000,Female,1,2,26,0,0,0,0,-1,-1,6223,7944,8961,3090,390,795,2000,1196,1000,1950,795,1170,Yes
170000,Female,2,2,27,0,0,0,0,0,0,164646,162671,166202,161973,167201,161327,7200,7500,6000,10000,7000,16000,No
60000,Female,2,2,24,-1,2,-1,0,0,0,3485,2488,20956,22462,21476,23164,0,24419,2018,15000,2000,2000,No
200000,Female,2,2,25,-2,-2,-2,-2,-2,-2,0,169,1192,1599,0,0,169,1192,1599,0,0,0,No
80000,Female,1,2,25,1,-1,0,0,0,0,-51,68779,70239,72556,75372,75406,72500,2564,3500,4000,3000,3101,No
140000,Female,1,2,26,0,0,0,0,0,0,131863,136170,139270,137548,96340,94201,6500,6799,5100,3300,3400,7461,No
90000,Female,2,2,26,0,0,0,0,0,0,70457,64479,31470,28996,26067,23292,2850,1900,1700,1000,1000,1200,No
70000,Female,5,1,26,0,0,0,0,0,0,71993,71158,70557,37209,28905,28455,2851,3500,1500,1300,1100,1000,No
120000,Female,1,2,26,0,0,0,0,0,0,80975,82069,83808,85414,84569,85771,4000,3061,3019,2987,3174,2996,No
60000,Female,2,1,26,0,0,0,0,0,0,28768,29510,30389,24914,25408,25941,1524,1403,1500,908,941,946,No
150000,Female,2,2,26,0,0,0,0,0,0,107506,108154,43027,4946,3460,4112,5109,1316,1004,104,2012,108008,No
50000,Female,3,1,24,0,0,0,0,0,-2,27172,28078,21165,1515,0,0,1390,1650,1000,0,0,0,No
80000,Female,3,1,26,0,0,0,0,0,0,78627,46314,75145,76846,58422,58131,3000,50000,4021,3300,2100,2100,No
310000,Female,2,2,27,0,0,0,0,0,0,60692,63668,68612,73441,123966,127957,4000,6000,6000,52000,6000,5500,No
20000,Female,2,1,23,0,0,2,0,0,0,12483,15032,14506,15516,15561,15910,3071,0,1555,600,600,700,Yes
80000,Female,1,2,24,0,0,0,2,0,0,4711,5737,8818,8471,8644,8820,1266,3347,0,173,176,180,Yes
180000,Female,1,2,25,-1,-1,-2,-2,-2,-2,2654,-632,-632,-632,-632,-632,0,0,0,0,0,0,No
50000,Female,2,1,23,0,0,0,0,0,0,40544,41098,28383,28937,29119,29334,2000,1500,1432,1004,1035,1178,No
70000,Female,2,2,22,0,0,0,0,0,0,66505,67514,69038,69927,50579,49483,2501,3001,2608,1777,1792,1793,Yes
20000,Female,2,1,25,0,0,3,2,0,0,17294,21821,21197,20400,20000,20000,4821,0,0,0,0,0,No
60000,Female,2,1,24,2,2,0,0,0,0,28600,27073,27396,27499,28060,27472,0,1460,1439,1000,1014,1078,Yes
30000,Female,2,2,25,2,2,2,0,0,0,25267,26353,25650,26416,27178,28332,1800,0,1500,1200,1750,1300,No
20000,Female,2,2,24,2,0,0,0,0,3,2968,3980,5075,5979,6796,6463,1223,1318,1183,1000,0,0,Yes
280000,Female,4,2,25,0,0,0,0,0,0,8574,10420,12211,12639,22439,18096,2000,2000,3000,10000,5096,12704,No
30000,Female,2,2,25,-2,-2,-1,0,0,0,0,1232,27287,27874,28430,29093,1232,31484,1444,1000,1100,1491,No
40000,Female,1,2,26,2,2,2,2,2,2,26487,27255,26532,29089,28522,28914,1500,0,3000,200,1000,1200,Yes
130000,Female,2,2,25,0,0,0,0,0,0,14351,10473,9429,10413,7874,7158,2000,3000,3000,4000,1000,2000,No
90000,Female,2,2,25,0,0,0,0,0,0,44727,42751,43421,45878,46054,47252,2000,1851,3500,1519,2000,2000,No
260000,Female,2,2,25,0,-1,-1,0,0,0,5008,10698,3863,56173,15700,5049,10698,3863,56006,5712,1000,100,No
100000,Female,1,2,26,-1,-1,-1,-1,-1,-1,123,123,123,123,123,123,123,123,123,123,123,396,Yes
50000,Female,1,2,24,0,0,0,0,0,0,33879,35211,36263,37061,37943,42305,1900,1918,1700,1500,5000,0,Yes
70000,Female,2,2,22,0,0,0,2,0,0,32845,31377,31420,30940,24765,25942,3100,6000,1125,1300,3000,2500,No
50000,Female,2,1,26,0,0,0,0,0,0,49855,51099,51192,50895,19535,20093,4100,3000,3500,1000,1000,1100,No
40000,Female,2,2,26,0,0,2,0,0,0,37423,40742,38582,39478,39620,38687,3967,0,1858,1500,5000,1605,No
200000,Female,1,2,26,0,0,0,0,0,0,203025,201474,158869,145723,139960,142193,10010,10000,7000,6000,5500,6000,No
220000,Female,2,2,26,-1,-1,-1,-1,-1,-1,1534,3524,2130,7510,1117,916,3524,2130,7521,1117,916,2719,No
200000,Female,2,1,27,-1,-1,-1,-1,-1,-1,14753,3670,5865,1303,4579,1107,3670,5865,1303,4579,1107,2109,No
50000,Female,3,1,27,2,2,-2,-1,-1,-1,1884,570,180,2672,3101,5465,570,0,2672,3101,5465,0,No
170000,Female,1,2,25,0,0,0,-1,0,0,8046,6130,3653,32511,24814,25293,1085,1000,32517,1023,10000,5000,No
250000,Female,3,0,26,0,0,0,0,0,0,28507,138894,131031,83674,64760,52397,129565,10000,3011,3000,2500,2000,No
80000,Female,2,2,26,2,2,2,0,0,0,76540,81373,79496,78641,48837,50592,8000,0,3300,2000,3800,0,No
110000,Female,2,2,23,0,0,0,0,0,0,19980,20683,21654,21998,23255,24527,2500,2000,1400,2000,1800,1100,No
20000,Female,2,2,23,0,0,-1,0,0,0,10513,3367,444,20444,18976,19802,1000,444,20000,600,1000,1000,No
20000,Female,2,1,25,2,2,2,2,0,0,11202,12228,12738,11207,6720,5071,1500,1005,0,511,1283,0,Yes
60000,Female,2,2,24,0,0,0,0,0,0,29832,18628,15069,15761,5879,-2879,1538,1308,1000,118,1329,41378,No
170000,Female,2,2,24,0,0,0,0,0,0,19103,14434,160153,160823,128646,124547,3000,157541,8020,5260,5000,6000,No
150000,Female,2,2,24,0,0,0,0,-1,-1,66731,64787,38948,24707,304,635,3000,3125,2065,307,635,0,No
210000,Female,2,2,24,-2,-2,-2,-1,-1,-1,973,4197,1772,7293,1508,2498,4224,2631,8132,1563,2506,2135,No
230000,Female,2,2,25,0,0,-1,0,-1,-1,10379,7835,8926,13283,20060,3904,2255,8926,5291,20060,3904,13000,No
160000,Female,2,2,25,-1,-1,-1,-1,0,0,1532,0,465,1791,1644,956,0,465,1792,33,0,2394,No
150000,Female,2,2,25,0,0,0,0,0,0,38494,38667,32794,30786,24250,20052,1516,1693,2007,1007,1000,1000,No
210000,Female,2,2,26,-1,-1,-1,-1,-1,-1,4341,402,11305,1368,2684,1397,402,11401,1368,2684,1397,0,No
300000,Female,2,2,28,-1,-1,-1,-2,-2,-1,603,4728,0,0,0,279,4747,0,0,0,279,423,No
340000,Female,1,2,27,-1,-1,-1,-1,0,-1,7453,2928,1564,7726,4536,4961,2942,1586,7742,1300,4985,5956,No
150000,Female,1,2,24,-2,-2,-2,-2,-2,-2,2901,0,0,0,0,0,0,0,0,0,0,0,Yes
50000,Female,2,2,25,0,0,-1,0,-1,0,8481,2158,3359,2158,2470,662,1000,3359,1000,2470,500,1500,No
160000,Female,1,2,27,-2,-2,-2,-2,-2,-2,717,3265,5105,3326,5482,2698,3269,5109,3328,5494,2864,2367,Yes
50000,Female,1,2,25,0,0,2,0,0,0,40067,43099,42133,43127,44210,45844,4000,0,2000,1800,2500,5500,Yes
70000,Female,2,2,25,1,2,0,0,0,0,5412,5177,6291,9085,9270,6821,0,1206,3000,185,200,0,Yes
120000,Female,2,1,25,0,0,0,0,0,-2,79108,46864,75624,42754,15927,2405,3000,30000,5200,15000,2405,0,No
200000,Female,1,2,25,-2,-2,-2,-2,-2,-2,-3,773,0,1107,586,0,776,0,1107,586,0,0,No
50000,Female,2,2,25,0,0,2,0,0,0,20123,19184,16834,15970,14502,12671,2880,0,1166,452,451,370,No
50000,Female,2,2,24,0,0,0,0,0,0,27890,27788,19742,20672,16336,16921,2000,2000,1600,1000,1000,1000,No
300000,Female,4,2,24,-1,-1,-1,-1,-1,-1,2892,4009,4725,2595,2110,20984,4039,4751,2600,2110,20984,4366,No
160000,Female,2,2,25,0,0,0,0,0,0,156753,153392,143297,140984,120742,115637,10000,8000,7000,5000,5000,5000,No
90000,Female,2,2,25,0,0,0,0,0,0,67004,65533,67475,69136,51217,50490,3000,3000,3000,2000,2000,2000,No
160000,Female,2,1,25,0,0,0,0,0,0,116744,94894,97589,78487,78592,81326,4000,4500,3000,3000,4000,5000,No
500000,Female,1,2,25,-1,0,0,0,0,0,119193,163856,170201,162212,145184,118467,70005,10051,6119,7303,15090,10191,No
390000,Female,1,2,26,-2,-2,-2,-2,-2,-2,0,280,0,0,0,48425,280,0,0,0,48425,2000,No
50000,Female,1,2,26,-2,-2,-2,-2,-2,-2,3655,-1,-1,-1,-1,349,0,0,0,0,350,351,No
200000,Female,4,2,27,1,-1,-1,-1,-1,0,777,14893,5635,7518,13226,13845,15103,5652,7529,13226,4906,4666,No
90000,Female,2,2,27,0,0,-1,-1,-2,-2,4403,1995,300,0,0,0,1000,300,0,0,0,0,No
360000,Female,2,2,27,0,0,-1,-1,-1,-2,12389,-5,1145,1169,-1,-1,0,1150,1174,0,0,0,No
180000,Female,1,2,27,-1,-1,-1,-1,-1,-1,264,264,264,264,264,264,264,264,264,264,264,264,No
60000,Female,2,2,24,-1,0,-1,0,0,0,9970,7699,9479,10213,10000,11832,1020,9479,1000,200,1832,5889,No
250000,Female,2,2,24,-2,-2,-1,0,0,0,0,0,19449,20623,21283,21943,0,19449,1500,1000,1000,1000,Yes
20000,Female,1,2,25,0,-1,-1,-2,-2,-2,15312,2846,0,0,0,0,3000,0,0,0,0,0,No
110000,Female,1,2,24,0,0,2,2,0,0,9334,108868,96998,94480,90860,85529,100082,4200,0,3000,3140,4900,No
150000,Female,2,2,25,-1,-1,-1,-1,0,0,69333,2299,5290,17205,27130,3801,3401,5294,17211,14635,1,32784,No
30000,Female,2,2,25,1,2,0,0,2,0,13785,13272,14310,16059,15506,15687,0,1560,2300,0,580,1000,No
30000,Female,1,2,24,1,2,2,2,0,0,29492,29697,30737,27808,28204,28792,1000,3513,0,1155,1190,1502,No
280000,Female,1,1,26,-2,-2,-2,-2,-2,-2,4664,1578,646,3689,560,-150,1578,646,3689,560,0,1605,No
120000,Female,1,2,28,1,-1,2,2,-1,-1,0,780,390,0,762,-18,1170,0,0,762,0,0,No
360000,Female,3,1,27,0,0,0,0,0,0,115730,102973,96363,85616,79033,72152,4371,5438,3415,2430,2568,3017,No
310000,Female,3,2,27,0,0,0,0,0,0,83756,86353,90960,89993,92229,94473,4000,6000,3000,3000,3000,3000,No
80000,Female,2,1,27,-2,-2,-2,-2,-2,-2,390,390,390,390,390,930,390,390,390,390,930,0,No
180000,Female,1,2,28,0,0,0,0,0,0,171237,172787,174667,176618,141697,143738,8000,7000,7000,5010,5200,6000,No
130000,Female,1,2,26,-1,-1,-1,-1,-1,-1,11149,3150,8552,5459,2850,9611,3160,8591,5463,2855,9611,8901,No
70000,Female,3,1,24,0,0,0,0,0,0,66380,68083,50822,31179,28686,10806,4000,3012,5000,2000,3000,3000,No
400000,Female,2,2,24,0,0,-1,-1,-1,-1,14925,12559,3926,500,1236,11975,5000,3926,500,1236,11975,253,No
20000,Female,1,2,22,1,2,0,0,0,0,19849,15995,16572,15556,18268,17319,0,4000,1238,4500,675,3000,Yes
30000,Female,1,2,23,0,0,-2,-2,-2,-2,4242,3891,1005,5308,8430,0,3915,1005,5308,8443,0,1120,No
80000,Female,2,2,25,1,-1,-1,-1,-2,-1,0,9000,380,0,0,363,9000,380,0,0,363,0,No
150000,Female,2,2,26,0,0,0,0,0,0,11474,15023,17467,19789,20173,21696,5001,3000,2616,1000,2000,1000,No
20000,Female,3,2,24,-1,-1,-1,-1,-1,-2,5103,3773,10132,4818,0,0,3773,10139,4830,0,0,1960,No
20000,Female,1,2,25,-1,-1,-1,-1,-1,-1,1983,326,3242,1206,326,326,326,3242,1206,326,326,326,No
150000,Female,1,2,26,-1,-1,-1,-1,-1,-1,15079,5018,6701,54574,983,25580,5018,6701,54579,983,25580,26738,No
60000,Female,2,2,27,0,0,0,0,0,0,41546,45025,38840,31965,30297,29814,5845,2000,1812,1037,1218,1085,No
320000,Female,1,2,27,0,0,0,0,0,0,120158,122307,112144,107318,105952,109626,6000,5000,5333,5000,5000,3000,No
80000,Female,2,2,27,-1,-1,-1,-1,-1,-1,725,2959,1838,2899,1376,1320,2968,1838,2899,1376,1320,1107,No
130000,Female,1,2,25,0,0,0,0,-2,-2,123945,127883,133400,0,0,0,6000,9000,0,0,0,0,No
20000,Female,1,2,25,0,0,0,0,0,0,15810,15947,6012,5689,4587,2293,1249,1125,1000,92,0,20505,No
60000,Female,1,2,24,-1,-1,-1,-1,-1,-1,6686,1049,14020,4880,2034,978,1049,14020,4880,2233,2968,8067,No
50000,Female,1,1,24,0,0,2,0,0,0,14345,16927,16366,17380,17876,18097,2836,0,1289,785,657,720,Yes
20000,Female,1,2,25,0,0,0,0,0,0,14785,15262,17650,19311,18650,20061,3000,2650,2000,1000,1561,1000,No
100000,Female,2,1,25,0,0,0,0,0,0,99203,97294,99377,101577,99453,101879,3485,3654,3900,3729,4200,3702,No
140000,Female,1,2,25,-1,0,0,0,0,0,2555,4502,6259,7115,8135,1459,2000,2000,1000,1020,100,2500,Yes
110000,Female,1,2,25,0,0,0,0,0,0,103135,99731,101945,82873,68587,65648,4800,5000,4000,3000,2500,2600,No
350000,Female,1,2,27,0,0,0,0,0,0,83415,76562,64995,61464,44664,51550,4000,3312,4050,1165,20055,20076,No
50000,Female,1,2,24,2,0,0,0,0,0,43878,42490,36540,16077,12134,12389,2068,2065,1246,450,451,475,Yes
210000,Female,2,2,26,0,0,0,2,0,0,107948,107525,108971,96011,87644,82077,5407,9145,12,3004,3000,4370,No
50000,Female,3,2,25,0,0,0,0,0,0,33831,34763,41674,15066,14066,17043,2000,10003,5001,10032,10001,10005,No
80000,Female,5,1,25,0,0,0,0,0,0,74180,75296,74792,75825,77454,78862,3500,4000,3400,4000,3349,2784,No
30000,Female,2,2,26,2,0,0,2,0,0,22364,23732,30699,29727,28834,16361,1753,8500,9,700,1179,138,Yes
150000,Female,2,2,26,0,0,0,0,0,0,153070,149027,151632,151855,150713,148958,6000,6000,7000,5480,5400,5300,No
270000,Female,1,2,26,1,-2,-1,-1,-2,-2,0,0,6336,0,0,0,0,6336,0,0,0,0,No
50000,Female,2,2,27,2,2,2,2,2,2,41126,42244,43264,43751,44731,45770,2100,2000,1500,2000,1900,1900,Yes
380000,Female,2,2,27,0,0,0,0,-2,-2,118624,118871,120550,550,100,550,3700,3011,550,100,1000,736,No
60000,Female,1,2,28,0,0,0,0,0,0,23518,25542,27649,29718,30171,30678,2700,2800,2800,1200,1100,1200,No
50000,Female,3,2,26,1,2,2,2,2,2,31336,32320,33408,32577,34329,33643,1800,1900,0,2600,0,1700,Yes
120000,Female,2,1,26,-1,-1,-1,-1,-2,-1,9267,29600,1980,0,0,10853,29600,1980,0,0,42138,26341,No
260000,Female,1,2,26,-1,-1,2,0,0,2,1608,19948,20330,21369,22728,21983,29447,1000,1700,2000,0,1500,No
190000,Female,2,2,26,1,4,3,2,2,2,51799,50667,52175,51159,54225,54826,0,2500,0,4308,1500,2000,No
80000,Female,1,2,26,0,0,-2,-1,-1,0,4301,0,0,2883,1856,2856,0,0,2883,1856,1000,2000,No
110000,Female,2,2,26,-1,-1,-1,-1,-1,0,1687,400,300,922,3509,1979,400,300,922,3509,0,5192,Yes
150000,Female,1,2,27,-2,-2,-2,-2,-2,-2,35688,14736,36490,3125,7603,2995,14820,36672,3232,7641,3010,982,No
50000,Female,2,1,27,-1,2,-1,-1,0,-1,780,390,390,780,390,390,0,390,780,0,390,0,Yes
80000,Female,2,2,25,0,0,0,0,0,0,83931,82122,81028,81331,60614,63153,3500,3820,3220,4010,6700,7,No
20000,Female,1,2,24,0,0,0,0,0,0,22515,24146,25374,19075,18907,18507,2000,2024,2000,1005,1188,2002,No
200000,Female,2,2,24,0,0,0,0,0,0,225931,229787,233553,206398,145825,140249,8271,8182,6576,5073,5095,5172,No
80000,Female,1,2,25,-1,-1,2,-1,-1,-2,746,4824,690,6097,0,0,4830,0,6097,0,0,2169,No
70000,Female,2,2,25,0,0,2,2,2,4,33390,34832,35472,38369,42729,41496,2000,1500,3500,5300,0,0,Yes
160000,Female,3,2,26,0,0,0,0,-2,-2,2454,3488,4443,0,0,0,1083,1038,0,0,0,97502,No
90000,Female,2,2,26,0,0,0,2,0,0,86183,87561,92996,89866,48574,41746,4100,8548,0,1527,1617,1490,No
200000,Female,1,2,27,-1,-1,-1,2,2,2,10603,0,2500,2500,2500,2500,0,2500,0,0,0,0,No
150000,Female,1,2,28,1,-1,-1,-2,-2,-1,0,382,0,0,0,904,382,0,0,0,904,0,No
80000,Female,2,2,27,0,0,0,2,0,0,78933,78244,81584,78795,79402,80385,3400,6900,0,2800,3100,3000,No
390000,Female,1,2,28,0,0,0,0,0,0,249265,253883,250654,253336,256281,257151,8903,9300,9402,10343,7000,6600,No
190000,Female,2,1,28,0,0,0,0,0,0,4639,4718,5610,7300,4694,2250,1100,1610,2310,2000,1000,300,No
240000,Female,1,2,28,-2,-2,-2,-2,-2,-2,8451,1419,37307,1086,1494,7724,1419,37307,1086,1494,7724,1101,No
200000,Female,1,2,29,-1,0,-1,-1,0,0,5612,28352,6282,5906,8787,14988,25004,6282,5911,6000,10000,20000,No
130000,Female,2,1,29,-2,-2,-2,-2,-2,-2,1451,1175,2751,2995,2018,938,1175,2751,2995,2018,938,0,No
100000,Female,2,1,29,0,0,0,0,0,0,118008,116686,113939,111079,107257,105377,5614,5600,5500,4500,5000,6000,No
190000,Female,2,2,29,-1,-1,-1,-1,0,0,4460,5531,20867,12895,9968,9968,5537,20879,12895,0,0,0,No
90000,Female,1,2,29,0,0,0,0,0,0,84515,85777,86778,79424,78955,45916,4200,4000,3100,2000,3000,3000,No
20000,Female,3,1,27,0,0,0,2,0,0,6294,2388,4087,4339,3288,3288,1500,1748,500,0,0,0,Yes
90000,Female,2,2,26,1,2,2,2,2,2,50200,49092,53295,53826,54548,55525,0,5000,2000,2200,2000,2500,No
90000,Female,2,2,26,1,2,2,2,2,2,86335,88520,90311,91431,92840,91205,4500,4100,3500,3800,0,3500,No
40000,Female,2,1,28,2,2,3,2,2,2,31131,33815,33002,32173,34629,33940,3500,0,0,3000,0,2000,No
50000,Female,2,1,22,0,0,2,0,0,0,25561,26951,26570,28085,27009,28142,2134,1000,2001,910,1510,500,No
150000,Female,1,2,25,0,0,0,2,0,0,78823,80514,87096,84806,85822,87504,3000,7900,0,3300,3200,3300,No
200000,Female,1,2,27,-2,-2,-2,-2,-2,-2,0,127,133,386,393,286,127,133,386,400,286,500,No
160000,Female,1,2,27,0,0,0,0,0,0,27058,28173,21159,20018,15761,12643,3173,1459,2018,1761,1643,503,No
80000,Female,2,2,28,0,0,0,0,0,0,79688,78165,68579,50312,44277,44488,2800,2398,2000,2000,1700,2005,No
30000,Female,2,2,22,0,0,0,0,0,0,28681,27862,27365,28038,28607,29234,1850,1700,1300,800,860,883,No
50000,Female,1,2,23,-1,-1,-2,-2,-2,-2,2332,0,0,0,0,0,0,0,0,0,0,0,No
310000,Female,2,1,25,0,0,0,0,0,0,191767,185445,188255,187384,184222,183544,6612,8321,7022,6021,6005,6042,No
50000,Female,2,2,26,0,0,0,0,0,0,8056,5997,5602,6478,5453,2261,1500,1500,1011,1000,1000,1000,Yes
200000,Female,2,2,26,-1,-1,-1,-1,-1,0,41906,17969,29789,11740,27004,4039,18089,30223,42749,27124,22,58869,No
20000,Female,2,2,22,0,0,0,0,0,0,15499,16505,35110,19495,19019,18134,1270,1320,2260,784,1000,2000,Yes
30000,Female,3,1,22,-2,-2,-2,-2,-2,-2,0,0,0,0,0,0,0,0,0,0,0,0,No
20000,Female,1,2,23,-1,-1,-1,-1,-1,-1,1174,1283,0,2616,600,0,1283,0,2616,600,780,1398,Yes
50000,Female,2,2,22,0,0,0,0,0,0,28544,28681,23306,16282,9451,9408,1450,1400,1300,400,400,400,No
230000,Female,2,2,28,0,0,-1,-1,-1,-2,24867,24437,3900,870,0,0,4300,3900,870,0,0,0,No
130000,Female,1,2,29,-1,-1,-1,-1,-1,-1,430,430,230,630,430,14802,430,230,830,430,14802,430,No
500000,Female,1,2,29,-1,0,0,0,0,0,14217,33651,33134,34571,36003,37416,20000,18000,20000,20000,20007,20007,No
200000,Female,2,1,29,0,0,0,0,0,0,78201,80895,82692,86305,88961,92513,4000,4000,5000,5000,5000,5000,No
110000,Female,1,2,29,-2,-2,-2,-2,-2,-2,7397,-18,-18,-18,-18,-18,2000,0,0,0,0,0,No
230000,Female,1,1,30,1,2,2,2,0,0,6168,5951,8698,8398,10898,7299,0,3000,0,2500,0,11236,No
80000,Female,2,1,30,-1,-1,-1,-2,-1,-1,36968,390,0,0,19688,5800,390,0,0,19688,5800,0,No
120000,Female,2,2,27,0,0,0,0,0,0,15234,8247,9624,20129,10388,13316,1137,1514,1069,278,3000,0,Yes
200000,Female,1,2,27,1,-2,-2,-2,-1,0,0,0,0,0,3012,3021,0,0,0,3012,9,363,No
70000,Female,2,1,28,0,0,0,2,0,0,16030,15502,12637,11204,10983,11901,1500,3000,0,2000,2000,0,No
230000,Female,2,2,28,0,0,0,0,0,0,33057,33698,36652,38421,37459,54778,1500,4767,3000,3092,17411,5000,No
60000,Female,3,1,28,1,2,2,0,0,0,60718,60791,46345,44425,17785,17796,2258,0,1573,800,800,800,No
60000,Female,2,2,28,2,2,2,2,2,2,48322,51587,52664,53059,51468,54511,4692,2500,2000,0,4019,0,No
360000,Female,2,1,28,-2,2,0,-1,-1,-1,9278,6198,5154,2453,570,0,6213,1025,2465,572,0,0,Yes
100000,Female,2,2,25,0,0,0,0,0,0,62665,63694,65169,66501,66818,69335,2300,2500,2500,2500,3500,2602,No
240000,Female,1,2,25,1,-1,-1,-1,-1,-2,0,587,0,2417,0,0,587,0,2417,0,0,7642,No
130000,Female,1,2,25,2,2,-2,-2,-2,-2,1990,0,0,0,0,0,0,0,0,0,0,0,No
130000,Female,2,3,25,-1,2,2,-2,-1,-1,3148,1574,0,0,12677,30582,5,0,0,12677,30582,0,Yes
150000,Female,1,1,26,2,2,2,2,2,0,69716,72156,70507,59123,39386,20561,5211,111,2371,0,702,341,Yes
200000,Female,1,2,28,-1,-1,-1,-1,-1,-1,18134,18410,1213,9095,18393,612,18410,1297,9113,18393,612,54856,No
320000,Female,1,2,28,-2,-2,-2,-2,-2,-2,4392,11684,1127,1943,13312,-5,11700,1135,1952,13375,5,0,No
160000,Female,2,2,27,1,-2,-2,-2,-2,-2,0,0,0,980,0,0,0,0,980,0,0,0,No
210000,Female,1,2,26,0,0,0,0,0,0,186544,188366,173694,163481,128216,113292,8102,7798,12246,5268,5000,10000,No
70000,Female,1,2,25,0,0,2,2,2,0,37017,39980,39063,41592,39101,40310,3900,0,3500,0,2000,1813,Yes
250000,Female,2,2,25,0,0,0,0,0,3,25823,26114,27446,28371,4715,4358,1500,1575,1500,1000,0,0,No
130000,Female,1,2,27,0,0,0,-1,0,0,58811,44572,10348,104698,88251,90189,1500,2753,110094,3002,3200,3100,No
30000,Female,1,2,27,0,0,2,2,2,2,10562,12873,14371,13843,15611,15221,2500,2000,0,2000,0,1000,No
210000,Female,1,2,27,0,0,0,0,0,0,161055,156712,157087,177934,136807,139230,6000,7000,8000,6574,5500,5500,No
170000,Female,2,2,27,2,0,0,0,0,0,173577,171480,171794,166637,169021,164531,6500,7100,6100,6000,5600,7700,Yes
50000,Female,2,1,28,1,2,0,0,0,0,41468,40507,41464,35334,26875,23338,0,1970,1827,1044,993,1999,No
130000,Female,1,2,27,0,0,0,-2,-2,-2,49964,50000,0,0,0,0,1000,0,0,0,0,0,No
30000,Female,2,2,26,0,0,0,0,0,0,27110,27460,29710,29452,11124,0,1455,3623,2000,1038,0,0,Yes
130000,Female,2,2,30,0,0,0,2,0,0,148234,144330,147035,136542,137586,141191,5200,11700,0,10000,12500,0,No
70000,Female,1,2,26,0,0,0,0,0,0,46222,47650,48867,47808,43022,44077,2500,2300,2300,2000,1900,3000,No
210000,Female,1,2,26,0,0,0,0,0,0,23245,8487,17950,18915,19359,21604,3487,10000,2000,1000,3000,1000,No
170000,Female,1,2,25,0,0,0,0,0,0,70326,71919,68356,68724,68889,69712,3100,3626,2500,2450,2693,2602,No
420000,Female,1,2,28,0,0,-1,0,0,0,7880,4623,64513,65592,57438,31029,1010,64513,2420,1473,1062,1022,No
80000,Female,2,1,26,0,0,0,0,0,0,42972,44210,42418,43410,44684,45808,2000,2100,2000,2000,2000,2000,No
150000,Female,2,2,26,-2,-2,-2,-2,-2,-2,37636,27448,29890,390,257,10700,27603,29890,21890,257,10833,212,No
200000,Female,1,2,26,-1,0,0,0,0,0,73508,73303,71674,12701,8855,9133,3100,2548,2050,3006,2000,137,No
70000,Female,2,2,26,2,2,0,0,2,2,42053,41087,42445,45020,44006,46905,0,2007,3582,0,3601,0,Yes
90000,Female,2,2,26,2,2,2,0,0,0,87606,91430,88705,65632,49431,50864,7063,7,2054,1800,2864,3197,Yes
130000,Female,2,1,27,2,2,0,0,2,0,60032,54921,55055,54804,52439,52609,0,2000,6844,0,2071,2115,No
360000,Female,2,2,28,-1,-1,-1,0,0,-2,12393,3434,79795,49160,2847,-13,3445,80401,32083,2907,13,20303,No
260000,Female,2,2,28,0,0,0,0,0,0,181121,167875,171913,169495,167944,166881,7013,10051,10026,7039,8057,10213,No
160000,Female,2,2,28,0,0,0,0,-1,0,11832,100542,88118,65032,586,80270,100000,10000,6749,586,80000,30000,No
20000,Female,2,1,28,-1,-1,0,0,0,0,1424,10094,15018,15991,18442,18827,10094,10000,1549,3000,790,1000,No
140000,Female,3,1,28,2,2,2,2,2,2,96008,98017,99961,101123,97375,103044,4500,4400,3700,0,7800,0,Yes
200000,Female,2,2,29,-1,-1,-1,-1,-2,-2,9283,0,780,2220,0,0,0,780,2220,0,0,8893,No
200000,Female,2,1,29,0,0,0,0,0,-1,46139,59923,44974,30844,15833,15833,30000,1300,2000,1000,16332,15833,No
120000,Female,2,2,28,0,0,0,0,0,0,120154,122674,123155,120267,121471,118656,6010,6108,5831,4700,4486,4871,No
210000,Female,2,2,29,0,0,0,0,0,0,52143,53182,54331,55827,57295,58571,2500,2600,3000,3000,2200,2300,No
50000,Female,2,1,23,0,0,0,0,0,0,37586,38866,19240,20256,20918,22081,2000,1322,1338,1000,1500,1000,Yes
80000,Female,1,2,23,1,2,2,0,0,0,80457,82885,80495,78027,30052,30373,4350,0,2350,1048,1077,1154,Yes
60000,Female,2,2,23,-1,0,0,0,0,0,56250,54971,55079,55525,56634,57052,2000,2100,2000,2000,2100,2050,No
50000,Female,2,1,24,0,0,0,0,0,-2,44159,41904,46174,40675,0,0,5000,5000,2000,0,0,0,No
50000,Female,2,2,25,0,0,0,2,2,2,26509,27521,30001,29187,31064,30487,1757,3237,0,2300,0,1100,No
70000,Female,1,2,25,1,2,2,2,2,2,53742,52281,55981,54484,59080,59096,0,4545,0,5500,2090,0,No
80000,Female,2,2,25,1,2,0,0,0,0,50120,49013,50051,51123,52175,53337,0,1828,1900,1900,2000,4300,Yes
50000,Female,2,1,25,0,0,0,-1,-1,-1,9587,6583,3243,1691,-1889,2720,1200,1000,1700,0,5679,1600,Yes
300000,Female,1,2,26,-2,-2,-2,-2,-2,-2,0,0,0,0,0,0,0,0,0,0,0,0,No
240000,Female,2,2,26,-1,-1,-1,-1,-1,-2,2335,2335,0,4670,0,0,2335,0,4670,0,0,0,No
140000,Female,4,2,26,0,0,-2,-2,-1,0,75000,0,0,0,51571,55731,0,0,0,51571,5001,3001,No
30000,Female,1,2,27,0,0,0,0,0,0,25552,26135,27407,29002,26806,25948,1800,2000,2500,1500,1000,2000,No
220000,Female,2,2,29,0,0,0,0,0,0,217345,100501,74430,64485,24609,23419,4030,4000,4492,1000,1000,0,No
230000,Female,2,2,29,0,0,0,0,0,0,33511,34892,31917,33361,34056,32353,2000,1600,2000,1500,1500,2000,No
20000,Female,2,1,29,0,0,0,0,0,0,13958,15016,16069,16776,17118,19835,1600,1600,1278,620,3000,900,No
130000,Female,2,2,25,1,2,2,2,2,0,11446,12562,12075,15844,15295,16885,1600,0,4300,0,2000,2000,No
60000,Female,2,2,26,2,2,2,2,2,2,60455,61417,60906,45734,40629,41137,3200,2400,12,3200,1619,0,Yes
200000,Female,2,2,26,0,0,0,0,0,0,22737,12169,14328,16222,9915,11226,3000,6000,3000,2003,3101,530,No
310000,Female,2,2,26,0,0,0,0,0,0,11566,9532,10687,12754,16105,18823,3010,5002,4008,5000,5000,912,No
240000,Female,2,2,26,0,0,0,0,0,0,210437,212486,205728,205275,192059,195620,9016,10000,9000,6600,7100,7500,No
200000,Female,1,2,26,-1,-1,-1,-2,-2,-1,2318,7298,0,0,0,980,7478,0,0,0,980,0,No
440000,Female,2,2,27,0,0,0,0,0,0,197019,182336,182617,166031,148157,142034,6040,12538,5047,10522,6082,10018,No
180000,Female,2,2,27,0,0,0,0,-1,-1,16996,9049,9744,8907,557,0,1249,1144,1907,557,0,0,No
300000,Female,1,2,29,-2,-1,-1,0,0,0,25370,18078,21245,36737,37071,24930,21250,23005,35012,25000,24000,24000,No
160000,Female,2,2,30,0,0,2,-1,0,0,17357,4747,4500,32468,22485,119853,2250,0,32468,2000,104465,4602,No
160000,Female,1,2,30,1,2,2,2,2,0,151270,153276,155301,155152,144602,148199,6000,6085,12534,0,6000,6000,No
230000,Female,2,2,30,-1,2,-1,0,0,-2,1855,187,6254,16549,6392,1828,0,6270,14085,6396,9,6172,No
160000,Female,1,1,30,2,0,0,0,0,2,74286,75151,77346,78921,83303,81852,2700,3400,3458,6300,0,3200,Yes
200000,Female,1,2,28,-1,-1,2,-1,-1,-1,38783,62793,1286,1117,1117,0,26286,0,1117,1117,0,1128,No
240000,Female,2,2,29,0,0,0,0,0,0,66473,46296,36751,35625,33114,35473,8000,2002,1600,2000,3000,10000,No
420000,Female,1,2,29,0,0,0,-2,-2,-2,52898,16200,0,0,0,0,3000,0,0,0,0,84363,No
210000,Female,1,2,30,-1,-1,-1,-1,-1,0,390,390,390,390,980,590,390,390,390,980,0,1288,No
220000,Female,1,2,28,0,0,0,0,0,0,157215,161006,165222,168145,169162,172041,6502,8100,8200,6000,6200,6200,No
200000,Female,1,1,28,-1,-1,-1,-1,-1,-1,1878,576,4251,1358,300,0,576,4251,1358,300,8909,5670,No
230000,Female,2,2,28,1,-2,-1,2,-1,-1,0,0,233,233,20,0,0,233,0,20,0,0,No
250000,Female,1,2,28,0,0,0,-1,-1,-2,3731,4695,7604,2919,0,0,1000,3000,3000,0,0,0,No
80000,Female,2,1,26,0,0,0,0,-1,0,26158,27041,27797,5958,11341,5259,1623,5879,1000,11360,486,478,No
20000,Female,2,2,26,-1,-1,-1,-1,-1,-2,767,376,987,1119,-222,-222,376,987,1200,0,0,0,Yes
60000,Female,2,1,27,0,0,0,0,0,0,54900,55948,55188,55960,56564,57464,1971,2000,2003,2003,2070,2140,Yes
50000,Female,2,2,27,2,2,2,2,0,0,19410,22085,23435,22765,22990,23369,3000,2000,0,900,900,1006,Yes
310000,Female,1,2,28,0,0,0,0,0,0,8193,43012,36780,31372,17308,35943,43003,2107,1246,346,30000,53000,No
140000,Female,1,2,29,0,0,0,0,0,0,58971,18772,20354,23409,26440,28507,7062,2354,3409,3440,2507,4572,No
220000,Female,1,2,27,0,0,0,0,0,0,67028,32546,29814,31488,8495,10170,5332,5000,10238,5000,5000,2000,No
130000,Female,2,2,27,1,-2,-2,-2,-2,-2,0,0,0,0,0,0,0,0,0,0,0,0,No
300000,Female,1,2,29,-1,-1,-1,-1,-1,-2,3438,28,342,25022,0,0,28,342,25081,0,0,0,No
140000,Female,3,2,28,-1,-1,-1,-1,0,-1,800,7937,9920,7078,3936,1555,7937,10132,7084,4,1555,0,No
400000,Female,1,2,29,-1,-1,-2,-2,-2,-2,1158,95,0,0,0,0,95,0,0,0,0,0,No
200000,Female,1,1,30,1,2,2,2,-1,-1,38398,20693,27932,12585,45031,19836,0,15015,0,45031,20000,45010,No
150000,Female,1,2,29,-1,-1,-2,-1,-1,-1,3305,0,0,1298,359,6100,0,0,1298,359,6100,0,No
420000,Female,1,2,27,0,0,0,0,0,0,41354,45723,33124,31987,23703,22776,7004,9000,7000,5000,5000,10433,No
230000,Female,2,2,26,-1,-1,0,0,0,-1,18612,90523,86813,35695,5555,15165,90523,10000,5170,5000,15165,8981,No
210000,Female,1,2,27,0,0,0,0,0,0,16186,16914,18288,19301,19383,19940,1300,1650,1620,700,870,880,No
120000,Female,1,2,27,-1,-1,-1,-1,-1,-1,22225,1118,490,1433,0,1096,1118,490,1433,0,1096,0,No
50000,Female,1,2,28,0,0,0,0,0,0,36917,38098,36700,37319,37633,40307,2100,2000,1700,1307,3400,1500,No
200000,Female,2,2,28,0,0,0,0,0,0,59373,55040,54414,53504,53670,45539,6002,3008,2006,2045,1346,1196,No
180000,Female,2,2,28,0,0,0,-1,-1,-2,8689,6750,9893,2690,0,0,3000,3968,2690,0,0,5400,No
30000,Female,2,1,28,0,0,0,0,0,0,25344,26614,27878,29103,29426,29907,2000,2000,2000,1100,1088,1124,No
110000,Female,2,2,29,2,0,0,0,0,0,113394,108142,109325,111264,56311,58271,5314,4398,4196,1857,8271,1948,Yes
50000,Female,2,1,29,0,0,0,0,0,0,82843,85305,86152,56250,57603,19336,4000,4000,2257,2000,2000,700,No
120000,Female,2,2,29,1,2,0,0,0,0,103944,97248,99283,101935,102754,105924,0,4500,5200,4000,5000,7200,No
230000,Female,1,2,29,0,0,0,0,0,0,33988,32803,32166,79780,58886,42295,2500,3007,51780,2025,1560,747,No
80000,Female,2,1,29,-2,-2,-1,2,2,-2,2801,0,21197,20400,20000,20000,0,21197,0,0,0,0,Yes
50000,Female,3,1,29,0,0,0,0,0,0,46375,47479,49002,39422,15349,15078,1876,2399,1819,472,477,472,No
110000,Female,2,1,29,0,0,0,0,0,0,104163,92199,85868,74198,69783,66132,3400,3706,3009,2400,2300,2500,No
30000,Female,1,2,26,-1,-1,-1,-1,-1,-1,2089,780,1152,780,2678,1225,780,1152,780,2678,1544,1588,No
80000,Female,2,2,26,0,0,0,0,0,0,35220,38215,38598,40560,40968,42321,4000,5390,3000,1453,2000,1677,No
150000,Female,2,2,26,0,0,0,0,0,0,83446,75067,64432,54848,46098,47352,3500,3000,2000,2000,2000,2000,No
270000,Female,1,2,26,0,0,0,0,0,0,134235,62483,62134,61797,57312,57582,6000,2500,3000,7475,3000,2500,No
160000,Female,1,2,26,0,0,0,0,0,0,118204,121695,125724,129157,130567,144266,6000,5030,6000,4000,15000,5000,No
150000,Female,1,2,29,0,0,-1,-1,-1,0,3737,4332,332,0,332,332,1000,332,0,664,0,1992,No
170000,Female,3,2,31,1,-2,-2,-2,-1,-1,0,0,0,0,150,167,0,0,0,150,167,2578,No
70000,Female,2,1,31,0,0,0,0,0,0,72286,71602,72457,71058,29672,28836,2600,3500,3000,1000,1500,478,No
210000,Female,1,2,31,0,0,0,0,0,0,10968,12480,16919,11775,13275,24901,2000,6016,1000,1500,13000,500,No
50000,Female,1,2,30,0,0,0,0,0,0,31205,23646,24418,25938,27067,28193,2000,2000,2000,1500,1500,1500,No
70000,Female,1,2,27,-1,2,-1,-1,-1,-1,6851,2720,4885,11889,0,4280,0,4885,11889,0,4280,20600,No
180000,Female,1,2,28,1,-1,-1,-1,-1,-1,0,652,0,326,2005,474,652,0,326,2005,474,326,No
260000,Female,2,2,27,-1,-1,-1,-1,-1,-1,208,208,208,208,208,208,208,208,208,208,208,208,Yes
50000,Female,2,1,27,0,0,0,0,0,0,45632,42750,39776,33164,34781,30231,1837,2500,1390,2007,2000,2000,No
140000,Female,1,2,27,0,0,0,0,0,0,142027,143536,141849,131491,94362,85863,7000,5341,4000,3500,3000,13000,No
100000,Female,2,1,30,0,0,0,0,0,2,100963,99679,101023,93514,79361,77373,3700,3700,4148,6000,0,3000,Yes
420000,Female,2,2,29,0,0,0,0,-1,0,82235,67757,53524,-8318,96795,81523,3000,3000,182,123000,2740,2200,No
300000,Female,2,2,30,1,-1,0,0,0,0,1943,105509,97979,94349,88213,78746,107000,5006,4500,3000,3000,3000,No
30000,Female,2,2,25,0,0,0,0,0,0,28494,28139,27480,26960,27215,27977,1750,1804,1800,1000,1200,1500,Yes
180000,Female,2,1,26,0,0,0,0,-1,-1,182026,111563,78169,0,2354,9446,4500,10056,200,2354,9446,0,No
330000,Female,1,2,26,2,0,0,0,0,0,179887,182366,176396,171553,162251,145931,5289,5496,4721,4132,3916,3550,Yes
210000,Female,2,2,27,-2,-1,0,0,0,0,542,22366,23816,24303,16742,3187,22366,1816,1303,0,0,0,Yes
90000,Female,1,2,27,0,0,0,0,0,0,83840,81111,83081,60210,61221,62636,3200,3500,3000,2600,2600,3000,No
250000,Female,2,1,28,2,0,0,0,2,0,28245,29468,31488,34060,33213,34670,2000,2500,3100,0,2000,8000,Yes
80000,Female,3,2,24,1,2,2,3,2,2,12098,11607,14814,14163,13770,15323,0,3412,0,0,1810,23,No
290000,Female,1,2,27,0,0,0,0,0,0,109746,110359,108371,102628,100000,92238,4000,5000,6039,4000,4000,4000,No
280000,Female,1,2,29,0,0,0,0,0,0,149312,152323,155568,158775,162035,165522,5500,5700,5800,5900,6100,6100,No
340000,Female,1,1,29,-1,0,0,0,0,0,11806,13535,18784,26069,20007,15857,10000,6000,23000,400,5857,6500,No
120000,Female,1,2,29,0,0,0,0,0,0,111625,110488,107488,97021,86283,87345,4012,4000,5000,3000,3300,3010,No
110000,Female,3,2,31,0,0,-1,-1,-1,-1,4061,2705,2487,2500,2500,0,1205,2487,2700,2500,0,0,No
30000,Female,2,2,22,0,0,0,0,0,0,20439,21664,18969,23317,17689,20013,1595,2000,5000,0,5400,300,No
70000,Female,2,2,24,0,0,0,0,0,0,34201,49800,26194,27454,28159,25775,1800,2000,2000,1500,1500,0,No
20000,Female,3,1,24,-1,-1,-2,-1,-1,-2,4983,-74,-74,749,0,0,0,0,823,0,0,519,No
80000,Female,2,2,25,0,0,0,0,0,0,45109,44692,44308,43757,42830,44038,2100,2100,1954,1500,3324,0,No
120000,Female,2,1,25,2,0,0,2,0,0,17488,19002,20805,18271,18128,16405,3000,3000,0,961,2000,2056,Yes
500000,Female,1,2,26,0,0,0,0,0,0,32637,35863,37860,42572,47200,59843,15943,27878,22572,17200,19843,96632,No
150000,Female,1,2,27,-1,-1,-1,-1,-2,-1,346,21191,1339,0,0,8777,21379,1339,0,0,8777,9495,No
190000,Female,2,2,27,2,2,2,2,0,0,3902,4686,5459,6214,7104,8973,1000,1000,1000,1000,2000,2000,Yes
130000,Female,2,1,29,1,-2,-2,-2,-2,-2,0,0,0,0,0,0,0,0,0,0,0,0,No
70000,Female,2,1,34,0,0,0,0,0,0,50488,47018,46871,41821,41344,41376,2200,2015,2000,1500,1700,2000,No
350000,Female,1,2,30,-2,-2,-2,-2,-2,-2,856,187,375,187,242,184,187,376,187,243,184,828,No
210000,Female,1,2,27,0,0,0,0,0,0,18430,19809,21482,23118,23437,24900,2000,2000,2000,1000,2000,2000,Yes
120000,Female,2,1,27,0,0,0,0,0,2,85492,83567,78276,78971,80907,79219,3500,4326,3000,9000,0,3000,Yes
130000,Female,2,1,28,0,0,0,0,0,0,123943,126857,127706,121939,81506,83234,6500,6600,6000,3100,3200,3300,No
170000,Female,2,2,27,0,0,0,0,0,0,43839,45502,46967,48872,51049,81018,2400,2200,3000,3000,31018,3000,No
100000,Female,3,1,30,1,-2,-2,-2,-2,-2,-602,-602,-602,-602,-602,-602,0,0,0,0,0,0,No
200000,Female,1,2,28,0,0,0,0,0,0,140407,142965,188990,188742,187267,190249,8031,55015,5327,5505,5525,6039,No
270000,Female,1,2,28,-1,-1,-1,-1,0,-1,15167,841,9842,7931,3412,1035,845,9896,7977,17,1040,1848,No
30000,Female,2,1,30,1,5,4,3,2,2,28534,27805,27090,26361,26831,27552,0,0,0,1200,1300,985,Yes
160000,Female,2,2,24,0,0,0,0,0,0,37030,17303,14742,16617,17670,0,4060,6037,8528,7053,0,0,No
80000,Female,3,1,26,0,0,0,2,0,0,69589,72802,77106,74420,76220,77877,5000,6100,0,3000,3000,3000,No
310000,Female,1,2,26,0,0,0,0,0,0,27283,28286,29427,29548,29839,30532,1459,1600,1607,898,1000,918,No
20000,Female,1,2,23,0,0,0,0,0,0,14302,15748,16986,18656,19101,20345,2000,1500,2000,1000,1500,3000,No
80000,Female,1,2,27,0,0,0,0,0,0,52652,53774,54909,56035,57598,59164,2000,2000,2039,2500,2500,2500,Yes
180000,Female,1,2,28,-1,-1,2,0,0,0,390,1345,955,1565,2175,2159,1345,0,1000,1000,400,1000,No
80000,Female,1,2,29,0,0,0,0,0,0,64440,64685,64956,65183,65455,65683,3000,3000,3000,3000,2500,12500,No
140000,Female,2,2,28,0,0,0,0,0,0,129925,131624,133763,133195,101298,101601,6200,6600,4225,3800,3816,4000,No
150000,Female,5,2,26,0,0,0,0,0,-2,117209,102018,79511,39800,-1500,0,3700,25007,2300,0,1500,0,No
100000,Female,2,2,27,0,0,2,0,0,0,21043,24372,23699,24794,26067,28630,4000,0,1794,2000,3000,1200,No
50000,Female,1,2,27,1,-1,-1,-1,0,0,0,45000,1000,4874,5374,5874,45000,1000,4874,500,500,0,Yes
200000,Female,1,2,28,0,0,0,0,0,0,106519,107255,111522,114171,115777,118749,4000,6000,6000,5000,5000,11500,No
130000,Female,2,1,28,2,0,0,0,0,-2,98606,100143,50456,50000,0,0,4500,2500,1000,0,0,0,No
150000,Female,1,1,29,2,2,-2,-2,-2,-2,6241,0,0,0,0,0,0,0,0,0,0,0,No
170000,Female,2,1,30,0,0,0,0,0,0,165327,165627,165871,164606,121547,121118,7400,6328,5280,4300,4500,4300,No
180000,Female,2,2,28,8,7,6,5,4,3,197231,194309,189981,185559,181137,184009,0,0,0,0,6000,0,Yes
320000,Female,2,2,28,1,2,2,0,0,0,23595,23906,22035,22015,21163,25806,2000,0,2007,1000,5000,2000,Yes
50000,Female,1,2,28,-1,2,2,2,0,0,4917,4693,6945,6651,4060,4060,0,2500,0,1000,0,0,No
80000,Female,3,1,27,0,0,-1,0,0,0,18094,6942,26855,23287,20885,17595,1034,27318,1407,429,417,200,No
100000,Female,1,2,27,1,-1,-1,-1,-1,-1,-6,995,896,697,-302,999,2000,900,800,0,2300,1838,No
80000,Female,2,2,23,0,0,0,0,0,0,50456,30342,27591,28166,28330,28524,1432,1476,1441,995,1021,1138,No
120000,Female,1,2,26,1,2,2,0,0,0,3730,5006,4782,6041,6784,6826,1500,0,1500,1000,300,406,No
230000,Female,1,2,31,-2,-2,-2,-2,-2,-2,49279,4646,5419,4379,2455,34517,4674,5449,4407,2455,34517,8495,No
60000,Female,2,1,31,-1,-1,-1,-1,-1,-1,44912,11409,-61506,3859,415,415,144047,365,73000,415,415,50136,Yes
220000,Female,1,2,30,0,0,0,0,0,0,45346,42480,37160,29161,20209,22679,1947,2000,3776,606,10764,3217,No
80000,Female,2,2,30,0,0,0,0,0,0,70540,66346,58421,47943,40092,44463,2485,2880,2269,1418,5000,2000,No
300000,Female,1,2,28,1,-2,-2,-2,-2,-2,0,0,0,0,0,0,0,0,0,0,0,0,No
400000,Female,1,2,30,-2,-2,-1,-1,0,0,2912,2668,3222,21755,15258,16002,2668,3222,21755,500,1000,475,No
50000,Female,2,2,31,0,0,0,0,0,0,51036,50718,48853,48739,9372,9736,1762,2314,1200,1000,1000,500,No
200000,Female,1,2,30,-1,-1,-1,-1,-1,-1,4800,2040,5961,1829,1652,584,2040,5961,1829,1652,584,5430,No
120000,Female,1,2,32,1,-2,-2,-2,-2,-2,0,0,0,0,0,0,0,0,0,0,0,0,No
360000,Female,1,1,31,0,0,0,0,0,0,15121,6656,6722,8605,28405,-105,5006,2000,4000,20000,5000,4000,No
220000,Female,2,2,30,0,0,0,0,0,0,32357,30971,31277,23258,4546,6470,2000,1377,8011,165,2000,1000,No
280000,Female,2,1,31,0,0,0,0,0,0,139998,140030,125214,126426,126333,109953,6084,5024,5020,5093,3219,4024,No
500000,Female,2,2,31,-2,-2,-2,-2,-2,-2,-9,-9,-9,-9,1796,-90,0,0,0,1805,0,18268,No
310000,Female,2,1,30,0,0,0,0,0,0,296942,302778,299162,305251,262368,254340,12401,13000,13208,10000,9506,10002,No
200000,Female,1,2,28,1,2,0,0,0,0,205683,196807,191752,178560,170092,161850,0,9025,8030,5639,6054,5100,Yes
260000,Female,2,2,28,-1,0,0,0,0,0,75841,69490,67107,28081,12767,4200,3008,2005,3036,5000,2200,1000,No
200000,Female,2,2,28,1,2,2,2,2,2,171468,167214,180484,176111,184620,189518,0,16000,0,13000,8000,0,Yes
270000,Female,2,1,27,0,0,0,2,0,0,24769,22546,21345,14852,18669,25175,4000,5000,0,10000,7000,2000,No
30000,Female,2,2,28,-1,-1,-2,-2,-2,-2,6731,0,0,0,0,0,0,0,0,0,0,0,No
180000,Female,2,2,28,-1,-1,-1,-1,-1,-1,300,340,-120,420,460,460,500,0,1000,500,460,610,No
340000,Female,2,1,29,0,0,0,-1,0,-1,36533,33689,8108,19291,35882,18924,3000,3000,21000,20000,18924,22534,No
140000,Female,5,2,28,0,0,-1,0,0,0,108018,6500,6327,138485,140492,141006,1000,6327,135000,4700,5000,5000,Yes
180000,Female,1,2,28,1,2,2,2,0,0,5930,5689,8414,8062,5052,2806,0,3000,0,200,0,0,Yes
150000,Female,2,2,27,0,0,0,2,0,0,89302,90745,96314,87862,79936,76971,4200,8000,14,3000,4500,3000,No
110000,Female,1,2,27,0,0,0,0,0,0,112938,113331,108567,110772,111946,111853,6000,5500,5500,4500,4400,4400,No
50000,Female,2,1,28,-1,-1,-1,2,-1,-1,1019,1672,836,836,836,1517,1672,836,0,836,1517,1394,No
140000,Female,1,2,28,-1,-1,-1,-1,-1,-1,7588,15557,18886,9476,5040,6070,17015,19030,10000,10000,6100,22000,No
360000,Female,1,2,28,-1,-1,-1,-1,0,0,9626,11684,18144,57687,49519,53478,15023,18500,57697,11000,15000,5000,No
280000,Female,2,2,29,-2,-2,-2,-2,-2,-2,99,0,0,0,0,0,0,0,0,0,0,5017,No
290000,Female,2,1,28,0,0,0,-1,-1,-2,24257,8723,6282,2440,0,0,2026,3814,2452,0,0,0,No
210000,Female,1,2,28,-1,-1,-1,-1,-1,-1,5850,4388,3638,7489,2684,9448,4388,3638,7489,2684,9448,5841,No
210000,Female,1,1,29,-1,-1,-1,-1,-1,-1,742,742,742,742,742,316,742,742,742,742,316,746,No
110000,Female,2,2,29,3,2,2,4,4,3,600,600,600,600,600,300,0,0,0,0,0,0,Yes
50000,Female,1,2,28,0,0,0,0,0,0,48211,41670,42710,43399,44261,45188,1971,2011,1700,1585,1641,4000,No
50000,Female,2,2,28,1,3,3,2,2,2,45472,47923,46898,45849,48258,48341,3500,0,0,3500,1000,3500,Yes
120000,Female,2,1,28,1,2,0,0,0,0,60188,58467,59760,60990,61960,65233,0,3000,3000,3000,5000,0,Yes
80000,Female,2,1,28,1,-2,-1,-1,-1,0,0,146,1000,2525,1498,499,146,1006,2525,1504,1,649,No
50000,Female,1,2,29,0,-1,0,-1,-1,0,17250,8560,4725,8933,11784,9927,8560,1600,8933,11784,199,8287,No
60000,Female,2,2,28,2,0,0,0,0,0,4114,5875,7612,8826,10113,11289,2000,2000,1500,1600,1500,1500,Yes
190000,Female,1,2,28,2,2,2,2,2,2,155335,159438,163684,166163,168592,171923,8000,8150,6500,6500,6000,0,Yes
170000,Female,1,2,28,0,0,-2,-2,-2,-1,2300,0,0,0,0,150,0,0,0,0,150,150,No
150000,Female,2,2,28,0,0,0,0,0,0,62122,46576,43583,45569,46533,47653,2000,2500,3000,2000,2000,3000,No
390000,Female,1,2,28,0,0,0,-2,-2,-2,202248,205150,0,0,0,0,10000,0,0,0,0,0,No
70000,Female,2,2,29,0,0,0,0,0,0,20244,65072,61652,62788,57325,53415,50005,2312,2237,2038,2000,2127,No
120000,Female,2,2,29,0,0,0,0,0,0,61470,63335,66278,68928,67963,67900,3000,3500,3500,1902,2091,3000,No
30000,Female,2,1,29,2,2,2,2,2,2,26799,26002,27293,26551,30223,30592,5000,2000,0,4400,1600,0,No
300000,Female,2,2,28,2,0,0,0,0,0,272399,258413,256033,245772,243818,245235,11232,11068,9035,9018,9018,9030,Yes
90000,Female,1,2,29,2,2,2,0,0,0,7052,9370,9078,10267,10350,10564,2605,0,1500,550,529,531,Yes
200000,Female,1,1,30,-2,-2,-2,-2,-2,-2,4833,6370,2342,810,9743,1000,6370,2342,810,10253,1000,7079,No
210000,Female,1,2,31,-1,-1,-1,-1,-1,-1,326,326,326,326,326,326,326,326,326,326,326,326,No
230000,Female,2,2,31,0,0,-2,-1,0,0,4908,0,0,51750,51295,53257,0,0,52066,2000,3000,3000,No
420000,Female,2,1,32,0,0,0,0,0,0,89863,16500,17493,17215,17248,17763,1782,1275,1281,617,793,1000,No
60000,Female,3,1,28,1,2,2,0,0,0,32578,34742,33907,36032,38114,40332,3000,0,3000,3000,3000,5000,No
50000,Female,2,1,34,0,0,0,2,0,0,42050,51328,51053,43611,19785,20104,10000,4100,0,900,2000,1000,No
60000,Female,2,1,28,1,2,2,2,2,2,61474,59121,63389,60919,57800,58698,0,5229,18,3779,1764,0,No
210000,Female,1,2,28,-1,-1,0,0,0,0,2568,52720,107861,112533,118699,41329,52720,57861,12533,8699,1329,13580,No
50000,Female,2,1,28,0,0,0,2,2,2,43648,45919,50784,43238,30248,27447,3000,6000,0,3500,0,1100,No
390000,Female,3,1,28,0,0,0,0,0,0,129002,130535,129888,133690,137720,140536,5000,5500,6000,10000,5000,5000,Yes
150000,Female,1,2,28,1,-1,-1,-1,-1,0,-89,13894,24782,1927,8200,3867,13983,24831,2358,8210,19,0,No
200000,Female,2,2,30,0,0,0,0,0,0,38616,40612,32801,14664,17092,18820,3040,1306,3400,3000,2000,0,No
150000,Female,1,1,31,-1,-1,-2,-2,-2,-2,12420,0,0,0,0,0,0,0,0,0,0,0,No
470000,Female,2,2,30,0,0,0,0,0,0,216031,203735,181531,52119,48386,35425,7513,5552,1781,3021,3008,3015,No
200000,Female,1,1,30,0,0,0,2,0,0,18660,27871,55277,38259,8266,13200,27010,30300,179,5415,10000,10000,No
160000,Female,1,2,31,-1,-1,-2,-1,0,0,214,-175,-175,3392,3567,0,0,0,3567,175,0,0,No
220000,Female,2,2,30,1,2,0,0,0,0,5627,5391,6442,7458,8177,111816,0,1300,1281,1000,103860,4346,Yes
290000,Female,2,1,32,1,2,0,0,0,0,146853,139756,136012,136466,136929,132179,1503,5400,5200,5000,4667,5000,No
50000,Female,3,0,32,-1,-1,2,-1,0,0,326,652,326,978,652,326,652,0,978,0,0,326,No
290000,Female,2,1,32,0,0,0,0,0,0,76383,78200,79726,80890,81615,75661,3400,3700,3600,3000,3000,3000,No
30000,Female,2,2,23,1,2,0,0,0,0,33181,32359,33849,34522,33501,32129,0,2000,1389,1068,3000,2508,Yes
40000,Female,3,1,23,2,3,2,2,2,0,8244,7966,9331,9729,9424,9621,0,1642,700,0,349,872,Yes
70000,Female,1,2,26,0,0,0,0,0,0,64471,65577,53264,51464,96184,49104,2281,2888,1800,2000,1900,1760,No
100000,Female,2,2,23,0,0,-1,-1,-1,-1,82323,45756,9187,5408,12920,9656,1000,9187,5408,12920,9656,4737,No
20000,Female,1,2,23,0,0,0,0,0,0,16178,12662,13367,14046,14425,14024,1300,1300,1300,600,600,600,No
50000,Female,2,2,23,0,0,0,0,0,0,51002,50974,50021,49353,30439,29890,1983,2456,3288,1230,1085,1252,Yes
130000,Female,5,2,39,-1,-1,-1,-1,-1,-1,264,264,264,264,0,678,264,264,264,0,942,0,No
140000,Female,2,1,28,2,2,2,2,2,2,115019,115647,121304,122331,125296,127788,4000,9000,4500,5000,4639,0,Yes
230000,Female,1,1,30,0,0,0,0,-1,0,37719,30341,25981,24092,65840,56538,3025,5000,5000,65840,2000,2000,No
300000,Female,2,2,30,-1,-1,-1,-1,-1,2,8805,2186,0,290,707,161,2186,0,290,1209,0,7705,No
200000,Female,1,2,29,-2,-2,-2,-2,-2,-1,-792,-792,-792,-792,-792,69708,0,792,0,0,70500,1688,Yes
100000,Female,1,2,29,1,2,2,2,2,2,63542,66567,67564,67443,65106,70258,5000,3200,2500,0,6918,3520,No
100000,Female,2,2,30,0,0,0,0,0,0,92683,84278,86977,89575,91382,93320,3324,3428,3399,2546,2671,2939,No
80000,Female,2,2,29,-1,-1,-1,2,0,-1,1443,1443,4545,2886,1443,3743,1443,4545,0,0,3743,3000,Yes
420000,Female,1,2,29,-2,-2,-1,0,0,0,392,396,47581,48070,47523,45834,400,47581,1715,1700,1850,2000,No
70000,Female,1,2,29,0,0,0,0,2,0,17154,18550,20245,22904,22238,23870,2000,2000,3000,0,2000,2200,No
480000,Female,2,2,30,0,0,-2,-2,-2,-1,470400,0,0,0,0,330982,0,0,0,0,330982,30000,Yes
250000,Female,5,1,27,0,0,0,0,0,0,127786,60663,49181,34072,33419,33925,3729,1600,2000,1000,1100,900,No
180000,Female,1,2,28,0,0,0,0,0,0,230740,30873,32033,51373,52553,53505,1500,1660,20000,2030,1951,3000,No
240000,Female,1,2,28,-1,-1,-1,-1,-1,0,8590,6398,16271,27825,14489,37137,6398,16312,27829,14503,33633,10982,No
210000,Female,1,2,28,0,-1,0,0,-1,0,9918,6942,24680,41291,10623,10765,6942,24000,22000,20000,5000,3000,No
100000,Female,1,2,28,3,2,0,0,2,0,49961,48856,49899,53407,51951,53195,0,1831,4339,0,2083,1939,No
50000,Female,1,2,28,0,0,0,0,0,0,48940,50149,45546,46587,47519,51346,2059,2100,2100,2000,4600,0,No
300000,Female,1,2,28,0,0,0,0,0,0,28989,29909,40618,52288,70000,100000,1291,11000,12288,20000,30000,590,No
70000,Female,1,2,28,0,0,0,0,0,0,21777,20335,21699,22460,20345,42123,2000,2000,1500,3000,721,1200,No
490000,Female,1,2,29,0,0,0,0,-1,-1,20984,10863,5342,7395,367,13804,2000,2000,3500,367,16024,3500,No
170000,Female,1,2,29,0,0,0,0,0,0,37350,38724,40096,41130,42144,43114,2000,2000,2000,2000,1800,1800,No
100000,Female,1,2,29,0,0,0,0,0,0,51650,53294,53779,54166,55265,56425,2500,1941,2000,2000,2049,2222,No
200000,Female,2,2,32,-1,-1,2,-1,0,-1,2261,298,298,13764,5290,924,298,0,13764,0,924,6635,No
80000,Female,2,2,32,-2,-2,-2,-2,-2,-2,3459,3789,3459,528,6918,0,3789,3459,528,6918,0,0,No
220000,Female,2,2,32,0,0,0,0,0,0,150393,48060,30490,44071,55405,63422,2349,3008,20000,20004,20000,2000,No
300000,Female,3,2,33,-2,-2,-2,-2,-2,-2,0,0,0,0,0,0,0,0,0,0,0,0,Yes
240000,Female,2,2,30,0,0,0,0,0,0,226315,231582,226909,135626,138520,141280,9100,9859,4147,3691,3700,3729,No
200000,Female,1,2,30,0,0,0,0,0,0,96152,102512,116813,125616,115314,114153,8000,16020,13000,7012,5000,8000,No
40000,Female,2,1,30,0,0,0,0,0,0,39940,40581,40543,39943,38895,37726,2000,2000,2000,1400,1300,2000,No
200000,Female,1,2,30,0,0,2,2,0,0,195128,203187,209286,188243,188668,190192,13600,12200,0,7000,7000,7300,No
100000,Female,1,2,30,3,3,2,2,2,2,95890,95434,97410,98611,100787,102261,2000,4400,3700,4700,3300,3700,No
50000,Female,2,1,31,0,0,0,0,0,0,48509,50724,50453,19703,19345,20106,3310,2039,1237,634,5000,844,No
40000,Female,2,1,32,0,0,0,0,0,0,40368,38623,67203,39764,39583,39839,1603,2000,2014,2503,2103,2221,No
210000,Female,1,2,31,-2,-2,-2,-2,-2,-2,191,376,569,378,378,378,376,569,378,378,378,378,No
30000,Female,2,2,28,0,0,0,0,0,0,25150,26253,27064,27884,29190,25789,3000,3000,2000,2000,1069,1074,No
100000,Female,1,2,30,0,0,0,0,0,0,91844,90375,81572,71451,68530,66844,3200,3007,3200,3000,3500,2600,No
20000,Female,2,1,30,0,0,0,0,0,0,16754,17763,18854,19972,18090,19842,1291,2382,1500,605,2000,2000,No
400000,Female,2,1,36,0,-1,2,-1,0,0,20818,1079,799,1883,587,0,1878,0,1883,0,0,0,No
330000,Female,2,1,28,0,0,0,0,0,2,221793,225079,229947,233122,246414,253338,10000,10000,8507,17215,11000,0,No
240000,Female,2,2,30,-1,-1,0,-1,-1,-1,4684,18412,16580,416,416,416,18432,1416,16580,416,416,416,Yes
70000,Female,1,2,29,0,0,2,2,2,2,71237,76632,74853,78789,77084,80572,6577,0,5816,0,5364,0,Yes
240000,Female,1,2,29,-1,-1,-1,-1,-1,-1,358,176,0,540,100,2600,176,0,540,100,2600,704,No
180000,Female,1,2,29,0,0,0,0,0,0,44109,20896,18193,18652,14545,18545,8000,5000,3000,2000,2000,6000,No
360000,Female,2,2,30,0,0,-1,-1,-1,-1,82195,99961,7968,1816,5549,1234,20500,8007,1825,5563,1240,0,No
130000,Female,2,2,29,0,0,0,0,0,0,113203,114053,117602,119119,120030,122510,4200,5800,5800,4300,4500,4500,No
120000,Female,2,2,30,-2,-2,-2,-2,-2,-2,2680,14770,7817,416,270,0,14770,7832,416,270,0,0,No
230000,Female,1,2,30,-2,-2,-2,-2,-2,-2,0,0,846,846,0,846,0,846,846,0,846,500,No
340000,Female,5,2,30,0,0,0,0,0,-1,47001,47664,38192,39234,20960,360,2000,2000,2000,3000,360,360,No
320000,Female,1,2,29,0,0,0,0,0,0,198441,202806,207050,201114,190921,191781,10000,10000,10000,10000,7000,10000,No
330000,Female,3,2,29,0,0,0,0,0,0,311577,319838,303679,271773,198604,149923,13110,10691,10373,7901,5328,5061,No
80000,Female,3,2,30,2,0,0,-1,-1,-2,4794,4989,2065,1000,0,0,1074,1000,1000,0,0,0,Yes
150000,Female,1,1,30,-1,-1,-1,-1,-1,0,4083,3534,6484,12287,21888,19960,3537,6484,12306,21888,0,134,No
160000,Female,3,1,31,-2,-2,-2,-2,-2,-2,207,565,1990,0,0,0,565,2009,0,0,0,0,Yes
50000,Female,3,1,37,0,0,0,0,0,0,39804,41106,41843,42839,43690,44232,1964,1701,1697,1548,1620,1774,No
300000,Female,4,1,48,-2,-2,-2,-2,-2,-2,0,0,0,0,0,0,0,0,0,0,0,0,No
190000,Female,2,1,36,0,0,0,0,0,0,185788,185959,179458,162482,158137,157956,7483,5902,7061,4902,6057,5381,No
50000,Female,2,2,27,0,0,0,0,0,0,25870,21511,20952,21873,22319,24371,1325,1392,1313,759,2371,3294,No
90000,Female,1,2,28,-1,-1,-1,0,0,0,866,148,377,4229,6109,8832,148,377,4000,2109,2832,316,No
210000,Female,1,2,28,-1,0,0,0,0,0,85672,68394,70305,65626,64638,67498,6009,5000,5000,5000,5000,5000,No
240000,Female,1,2,28,0,0,0,0,0,0,246310,250252,250169,249495,192368,196585,10500,9900,10907,7000,8000,7535,No
60000,Female,2,1,34,2,2,2,2,2,0,40511,44019,45020,45785,44750,45578,4200,2000,1800,0,1700,3600,Yes
440000,Female,2,2,35,-1,0,0,-1,-1,-1,3091,3853,4012,821,821,821,1150,1084,821,821,821,821,No
30000,Female,2,1,42,2,2,0,0,0,0,28485,27204,28234,28272,28494,28182,0,2000,2483,1003,969,1208,Yes
230000,Female,2,2,26,0,0,-2,-2,-2,-2,23758,0,0,0,0,0,0,0,0,0,0,0,No
440000,Female,2,2,28,1,2,2,0,0,0,209176,215231,204369,186201,183518,148169,11000,54,7530,7648,6310,3312,Yes
80000,Female,2,1,29,0,0,0,0,0,0,63899,62048,49814,45292,43190,39457,2500,2500,2010,2000,2000,2000,Yes
30000,Female,2,1,30,0,0,0,0,0,0,29265,28901,28883,29411,24602,22760,2000,1655,1513,499,688,0,No
250000,Female,2,2,35,0,0,0,0,0,0,238855,241711,205944,210513,214696,219218,8517,7481,8000,7682,7979,13350,No
30000,Female,1,1,45,2,0,0,0,0,0,26155,27196,28445,26766,27152,28355,1482,1731,1742,1128,1800,1200,Yes
50000,Female,3,3,49,0,0,0,0,0,2,49402,50361,48762,49671,22895,19501,1800,2110,2010,1600,0,750,No
50000,Female,2,2,34,0,0,0,0,0,0,47303,48427,48069,49081,48485,49484,2807,3008,2812,2000,2000,2000,No
30000,Female,2,2,34,1,2,2,2,2,2,26330,25608,28781,28000,29779,27343,0,3600,0,2524,0,1139,No
30000,Female,2,1,45,0,0,0,0,0,0,30788,30395,27294,27216,26432,30692,1759,1762,1717,966,5739,1577,Yes
500000,Female,2,1,42,0,0,-2,-2,-2,-2,149838,0,0,0,0,0,0,0,0,0,0,0,No
50000,Female,2,1,41,1,2,2,2,2,2,24540,25330,26620,26889,26158,27737,1500,2000,1000,0,2000,0,Yes
50000,Female,2,1,36,0,0,0,0,0,0,49872,32918,33998,34852,14163,14362,1600,2500,2000,1000,1000,1000,No
50000,Female,1,2,22,0,0,-2,-2,-2,-2,2416,0,0,0,0,0,0,0,0,0,0,0,No
30000,Female,1,2,26,1,2,2,2,0,0,13890,15374,16141,15593,15908,16757,2000,1300,0,564,1100,1000,Yes
150000,Female,3,1,43,0,0,0,0,0,0,125403,110822,107782,84743,78804,76584,5018,5081,6041,3023,4049,6013,No
50000,Female,2,1,23,0,-1,0,0,0,0,14465,48796,50206,50831,42731,43224,50295,2500,2031,1274,1500,1600,No
70000,Female,2,2,23,2,2,2,0,0,2,14871,17461,16892,18013,19315,19859,2850,0,1400,1600,1000,0,Yes
80000,Female,2,2,23,0,0,-2,-2,-2,-2,68850,0,0,0,0,0,0,0,0,0,0,0,No
280000,Female,1,2,29,-2,-2,-2,-2,-1,-1,-11,-11,-11,-11,2572,9532,0,0,0,2583,9566,145007,No
90000,Female,2,1,30,0,0,0,0,0,0,6480,6973,7235,8248,8412,8589,1106,1124,1137,301,312,373,No
330000,Female,1,1,39,0,0,0,0,0,0,94384,46006,48123,50195,51942,55963,4000,3000,3000,3000,5000,2000,No
190000,Female,2,1,46,0,0,0,0,0,0,80903,83900,86897,90399,85698,88400,5000,5000,5600,3000,4000,4500,No
210000,Female,1,1,40,0,0,0,0,0,0,47109,47930,53615,55117,57192,63229,2000,6500,3000,3000,7000,2500,No
100000,Female,1,1,30,3,4,4,4,4,3,98094,101614,101072,105252,102742,100884,6000,1900,6686,0,0,0,Yes
20000,Female,2,2,30,3,2,0,0,0,0,20226,18702,18331,19111,15211,13562,0,2346,1400,304,271,0,Yes
260000,Female,1,1,31,-1,-1,0,0,0,0,555,8078,27201,27879,28420,39206,8078,20000,2000,2000,12000,0,No
20000,Female,2,1,26,1,2,2,2,2,4,15803,15252,18093,18499,20898,19999,0,3103,1000,3000,0,0,Yes
80000,Female,3,1,37,0,0,0,0,0,0,77480,75329,64228,49103,48649,49701,3000,2500,1800,2000,1800,2000,Yes
50000,Female,2,1,42,0,0,0,0,0,0,30640,31546,28405,27959,27785,28123,1746,1800,1729,945,1149,1200,No
70000,Female,3,1,35,2,2,2,2,2,2,50834,52163,51060,54200,52734,55903,2460,0,4600,0,4200,2200,Yes
30000,Female,2,1,38,0,0,2,2,0,0,26664,29803,30766,29918,29071,29527,3582,1734,0,1148,1034,2667,No
100000,Female,1,2,25,1,2,0,0,0,0,97271,88596,89218,63243,42510,41221,0,4950,2400,1200,1400,1203,Yes
50000,Female,1,2,25,0,0,0,2,0,0,50673,47278,44993,36782,30442,29636,2500,4000,0,1200,1250,1300,No
80000,Female,2,1,27,2,0,0,0,2,0,63711,64961,66334,70312,68585,70027,2907,3014,5700,0,2700,2800,Yes
50000,Female,2,1,27,0,0,-1,-1,-1,-1,7439,8280,3403,1999,500,0,1028,3423,2005,501,0,0,Yes
150000,Female,5,1,28,0,0,0,0,0,0,152105,137472,118583,95094,50999,35383,6300,4500,2524,2000,2000,92000,No
140000,Female,1,2,29,0,0,0,0,0,0,130261,95550,96273,91059,92609,95184,3474,4000,4000,3500,8000,5000,No
30000,Female,2,1,31,1,2,2,0,0,0,28933,30109,29349,29400,30000,0,1949,0,1000,600,0,0,No
80000,Female,2,1,32,2,2,0,0,0,2,70381,68660,70081,70899,75331,74005,0,3126,2578,5616,0,3000,Yes
40000,Female,2,1,41,0,0,0,0,0,0,21960,21484,7145,2424,822,0,1176,1049,1000,0,0,0,No
100000,Female,2,1,37,0,0,0,0,0,0,34572,35173,35828,36126,36587,36957,1849,1894,1582,1433,1486,1327,No
50000,Female,2,1,40,0,0,0,0,0,0,48050,47238,47722,32920,28471,28834,2000,1871,1800,1100,1200,1040,No
30000,Female,3,1,35,2,2,2,2,2,2,26088,27160,26444,28694,27936,29930,1800,0,3000,0,2600,0,Yes
120000,Female,1,1,35,0,0,0,0,0,0,9756,12092,15516,17373,17950,18363,2519,3643,2500,1000,689,1000,No
260000,Female,3,1,39,0,0,0,0,0,0,152735,149672,140068,140367,141710,146578,6627,7000,7000,5000,7000,5000,No
90000,Female,2,1,35,0,0,0,0,0,0,21093,14418,17217,16486,17390,19021,1256,3445,1099,1393,3045,1003,No
30000,Female,2,1,33,0,0,-1,0,0,0,4101,157,30321,29225,29575,28850,172,33635,1368,1108,958,1353,No
260000,Female,1,1,37,0,0,0,0,0,0,174971,161671,156296,156248,120518,122649,10000,8000,5028,5000,5000,10000,No
170000,Female,1,1,39,1,2,0,0,0,2,161105,145908,119161,120662,127815,125098,0,6000,5000,9000,0,6000,No
150000,Female,2,1,36,0,0,0,0,0,0,137664,140869,144954,101342,80819,81022,5500,6704,3712,3000,3890,3500,No
90000,Female,3,1,40,1,2,2,2,2,2,40467,41495,42520,42997,41698,43976,2000,2000,1800,0,3434,1708,No
50000,Female,3,2,45,0,0,0,0,0,0,3740,4382,5008,5627,6159,6677,1100,1091,1100,1000,1000,1000,No
70000,Female,1,2,29,0,0,0,0,0,0,66867,66502,54263,47562,43735,43509,3020,5040,2000,2000,12000,5000,No
210000,Female,1,2,29,0,0,0,0,0,0,217220,231500,197027,198293,197841,205864,7700,10292,8900,7200,14300,10000,No
450000,Female,1,2,31,-2,-2,-2,-2,-2,-2,0,0,0,0,0,0,0,0,0,0,0,0,No
70000,Female,3,1,32,0,0,0,0,2,0,14180,10856,10822,13627,10852,12676,3000,2000,3000,0,2000,3000,Yes
70000,Female,3,2,32,2,2,2,0,0,2,23741,26021,24419,23541,10576,6985,4000,0,2000,1000,0,4000,Yes
70000,Female,1,1,29,0,0,0,0,0,0,68494,68532,69475,69582,69589,68728,3200,3300,3100,2800,2600,2940,No
180000,Female,2,1,37,0,0,0,0,0,0,88275,78089,75159,76602,76896,78588,2800,3333,3310,2900,3040,3500,No
50000,Female,3,1,29,2,2,0,0,0,0,59077,55607,54882,53894,52382,53947,0,2700,2450,1830,4300,6500,Yes
20000,Female,2,2,27,-1,2,0,0,0,2,20556,19403,13536,17623,18662,10243,8,2072,15000,1500,0,10000,No
260000,Female,1,2,31,0,0,0,0,0,0,229398,202429,206210,208752,209083,208463,8720,9000,8910,7570,7751,8200,No
70000,Female,3,1,34,0,0,-1,0,0,0,5219,6747,19948,20231,20757,18357,3092,19948,3000,3002,1002,2102,No
50000,Female,2,3,31,2,2,3,2,2,2,39193,42816,42838,43335,44220,45159,4600,1000,1500,1900,1800,1200,Yes
150000,Female,2,1,34,0,0,0,0,0,0,146661,142118,139750,142730,144083,130791,6800,6600,6800,5600,4900,5100,No
150000,Female,3,1,45,0,0,0,0,0,0,47372,42652,42306,41579,40669,39301,2000,2100,1837,1400,1486,1572,No
20000,Female,2,1,37,0,0,0,0,0,0,19326,20240,17800,18699,17770,48321,1263,1630,1529,1200,2000,742,No
60000,Female,2,2,45,0,0,0,0,0,0,57711,58760,49576,50802,11110,12543,2500,2384,3000,2000,2000,2000,No
50000,Female,2,1,30,0,0,0,0,0,0,40596,41632,42687,40614,29356,29815,2000,2047,3246,1164,1048,1100,No
50000,Female,1,2,25,0,0,0,0,0,2,26240,26996,28056,29584,31595,30952,1500,1500,2000,2500,0,3000,No
80000,Female,1,1,27,3,2,0,0,0,3,71965,70232,71794,73125,82798,81336,0,3278,3211,11457,0,0,Yes
140000,Female,1,2,27,0,0,0,0,-1,-1,10064,10551,11655,11377,735,1051,2000,2000,1000,735,1051,569,No
20000,Female,3,2,28,1,2,2,2,2,0,6616,6364,7891,8913,8624,9628,0,1800,1300,0,1300,1900,Yes
10000,Female,2,1,49,2,0,0,0,0,0,2240,3100,4116,5280,5543,5605,1057,1073,1237,500,300,205,Yes
50000,Female,2,1,40,1,3,2,0,0,0,36291,35385,31558,31664,15700,0,0,0,1000,314,0,0,Yes
210000,Female,2,1,49,2,0,0,0,0,0,114273,115302,111906,111423,92394,93321,6000,6000,5000,3000,3500,3000,Yes
150000,Female,1,2,27,-2,-2,-2,-2,-2,-2,0,0,0,0,0,0,0,0,0,0,0,0,Yes
180000,Female,3,1,28,0,0,0,0,0,0,113125,67864,31613,25220,8654,4837,1923,1501,1000,0,0,49347,No
590000,Female,2,1,29,-2,-2,-2,-1,0,0,0,0,0,1387,2206,3014,0,0,1387,1000,1000,1000,Yes
260000,Female,1,1,30,0,0,0,0,0,0,25661,30196,69429,167640,169446,172989,5000,40000,100000,5720,5922,5958,No
90000,Female,3,1,35,0,0,-1,0,0,0,13865,5128,6911,8774,9622,9824,2054,6911,2000,1000,357,1000,No
110000,Female,2,1,28,0,0,0,0,0,0,20186,19678,18145,17729,17239,10231,1300,1500,1200,467,400,500,No
140000,Female,1,2,28,0,-1,-1,-1,-1,-1,1756,2201,923,1751,573,873,2209,923,1751,573,873,984,No
80000,Female,2,1,31,-2,-2,-2,-2,-2,-2,0,0,0,0,0,0,0,0,0,0,0,0,No
30000,Female,3,1,36,1,2,-1,2,2,-1,8910,7438,6242,4789,3597,21234,22,6245,3,6,30006,1221,No
120000,Female,3,1,28,0,0,0,0,0,0,93623,95472,93778,86416,53501,51931,3440,5017,5000,2000,1500,42800,No
20000,Female,3,1,44,0,0,0,2,2,2,7661,8981,10860,12380,11400,0,1457,2600,2000,0,0,0,No
80000,Female,3,2,42,0,0,0,0,0,0,50320,49816,49457,49071,48242,47746,1784,1898,1985,1629,1655,1687,No
110000,Female,2,2,35,0,0,0,0,0,0,22514,23201,23914,24886,24903,25102,1378,1723,1695,1028,1056,907,No
240000,Female,2,1,34,0,0,0,0,-1,0,77126,59832,45054,39245,75742,39389,5005,2116,1200,75742,0,62282,No
100000,Female,2,1,49,0,-1,-1,-1,0,0,5532,5325,5423,29628,13252,3723,5325,5423,29628,0,0,3513,No
200000,Female,2,2,32,0,0,0,0,0,0,150204,153189,156406,159650,163625,167790,5479,5682,5850,6625,6790,6235,No
450000,Female,1,2,32,-2,-2,-2,-2,-2,-2,1249,142,5965,991,-9,1974,142,6001,996,0,1983,7228,No
150000,Female,2,2,32,0,0,0,0,0,0,49760,39332,17563,10122,11622,8622,2538,2000,2000,1500,1000,64411,No
120000,Female,2,1,39,-1,2,-1,-1,-1,-1,11277,5624,5333,5333,5333,21348,0,5333,5333,5333,21348,5333,No
70000,Female,2,2,26,2,0,0,0,0,0,66087,67510,69007,61845,60184,66801,3120,3303,2800,2200,7600,0,Yes
190000,Female,1,2,31,0,0,0,0,0,0,132946,136809,140664,144395,147642,151410,6000,6000,6000,5500,6000,5500,No
50000,Female,3,1,45,0,0,0,0,0,0,49212,42376,20009,20877,19642,18769,1611,1700,1547,785,1000,888,No
60000,Female,3,1,44,1,2,0,0,0,0,39466,32202,29503,29538,29971,29798,0,1802,1737,1170,1189,1230,No
90000,Female,1,2,30,2,2,2,2,2,2,15979,17414,16846,20559,19933,21454,2000,0,4000,0,2000,0,Yes
300000,Female,2,1,33,0,0,0,0,0,0,62951,64491,65692,64969,67771,66428,4007,5000,5000,6000,6000,6000,No
210000,Female,3,1,32,0,0,-1,0,0,0,1406,0,712,1025,4584,0,0,712,1000,4000,0,821,No
50000,Female,2,1,34,2,2,2,0,0,0,46843,49378,48052,48573,28902,28205,4310,0,2033,1119,985,2000,No
350000,Female,1,1,34,-1,0,0,0,0,0,37129,107295,108299,103487,90880,84387,75000,30000,4000,4000,5000,5000,No
280000,Female,3,1,34,1,-2,-2,-2,-2,-2,0,0,0,0,0,0,0,0,0,0,0,0,No
360000,Female,2,2,34,-2,-2,-2,-2,-2,-2,724,1232,291,776,0,312,1232,291,776,0,312,576,No
260000,Female,2,1,37,1,1,-2,-2,-1,0,5917,-15910,-15910,-15910,24090,13977,0,0,0,40000,507,656,No
160000,Female,2,1,37,0,0,0,0,0,-1,27720,14413,13484,6714,-319,3583,5000,5017,5000,0,6774,0,No
250000,Female,3,1,43,-2,-2,-2,-1,-1,-1,8443,13782,22997,24209,23122,4000,13829,22997,25071,23122,4000,28650,No
320000,Female,1,2,27,-1,0,0,0,-1,0,19950,24544,31236,66091,5800,5800,5000,10000,36091,5800,0,464,No
80000,Female,3,1,32,0,0,0,0,0,0,58091,58247,59495,58832,57677,58066,2700,2800,2100,2181,2500,2300,No
100000,Female,1,1,40,2,2,2,2,2,2,63422,64785,63179,67467,65784,69309,3000,0,5346,0,4600,3000,Yes
210000,Female,5,1,41,-2,-2,-2,-2,-2,-2,1662,13877,7600,5546,1241,1801,13934,7735,5551,1241,1801,1359,No
200000,Female,3,2,29,-1,-1,-1,-1,0,0,5555,7485,12555,882,882,0,7485,12625,882,0,0,0,No
110000,Female,3,1,37,0,0,0,0,0,0,104691,103655,85761,87336,39025,40242,5000,5000,4000,3700,2000,2000,No
240000,Female,2,1,46,0,0,0,0,-2,-2,233438,240715,246000,-150,-150,-150,11250,10950,0,0,0,672,No
80000,Female,2,1,38,0,0,0,0,0,0,70613,71421,72932,74422,75920,77490,2006,2100,2109,2131,2195,2458,No
150000,Female,3,2,47,0,0,0,0,0,0,132093,129831,126485,124547,117364,117368,5000,5000,5000,5000,5000,5000,No
50000,Female,2,2,42,0,0,0,0,0,0,46566,47792,49322,50618,13842,14217,2000,2300,2500,500,600,600,No
230000,Female,2,1,37,0,0,0,0,-1,0,53327,52513,43726,22738,29019,20328,1973,1890,1595,29019,567,506,No
290000,Female,1,1,43,-1,-1,-1,-1,0,-1,1457,1799,5029,3103,1838,690,1808,5054,3109,9,693,3579,No
350000,Female,1,2,36,-2,-2,-2,-2,-2,-2,3272,6968,0,0,0,0,7008,0,0,0,0,0,No
100000,Female,3,2,39,0,0,0,0,0,0,86453,84526,82078,25991,28071,28611,5000,5000,1300,5000,6000,5000,No
50000,Female,3,1,46,0,0,0,0,0,-2,48796,48797,49115,47991,0,0,2000,2000,1018,0,0,0,No
360000,Female,2,1,43,-2,-2,-2,-2,-2,-2,0,0,0,0,0,0,0,0,0,0,0,0,No
210000,Female,2,2,38,-1,-1,-1,-1,-1,-1,1026,3751,4366,5602,21034,1026,3751,4366,5602,21034,1026,1026,No
500000,Female,2,1,39,-2,-2,-2,-2,-2,-2,1948,599,552,6360,0,6054,599,552,6360,0,6054,0,No
290000,Female,2,1,47,0,0,0,0,0,0,244377,244394,244535,244518,243689,241125,10000,10000,10000,9009,9031,9000,No
190000,Female,2,1,33,-2,-2,-2,-2,-2,-2,2125,3405,2131,2131,2131,0,3411,2131,2131,2131,0,5354,No
180000,Female,1,2,34,0,0,0,0,0,0,108016,180959,169362,163957,138409,132864,150000,8000,5500,5000,5500,6000,No
110000,Female,2,1,35,0,0,0,0,0,0,6137,7040,3861,4869,4966,5070,1053,1073,1081,178,184,185,Yes
200000,Female,3,2,33,1,2,2,2,2,2,51979,51016,54736,55424,56101,57137,0,5000,2000,2000,1900,2200,Yes
100000,Female,3,1,36,-1,-1,-1,-1,-1,-1,476,476,476,476,476,1075,476,476,476,476,1075,876,No
130000,Female,2,1,43,0,0,0,0,0,0,135390,134974,132242,122832,55232,78266,6329,5472,5701,2211,38663,2350,No
100000,Female,2,1,33,0,0,0,0,0,0,92189,88832,89762,77986,71031,66983,3252,3215,2792,1881,1945,2184,No
150000,Female,3,1,35,-2,-1,2,-1,-1,-1,600,660,330,330,330,740,660,0,330,330,740,0,No
160000,Female,3,1,39,0,0,-1,-1,-1,-1,102358,103698,1048,1048,1048,1221,4671,1048,1048,1048,1221,1048,No
30000,Female,3,1,48,1,-1,-1,-2,-2,-2,-100,100,0,0,0,0,200,0,0,0,0,0,No
80000,Female,2,1,36,-1,-1,-1,-1,-1,-1,816,1419,1845,1799,599,-1,1423,1856,1804,600,0,0,No
200000,Female,2,1,44,-2,-2,-2,-2,-2,-2,7096,1323,8457,48757,4200,7312,1336,8457,48757,4200,7312,21740,No
180000,Female,2,1,34,0,0,0,0,0,0,47517,26137,18177,16866,15067,7615,1526,3006,5020,5000,2000,935,No
170000,Female,2,1,35,0,0,0,0,0,0,144606,136269,139337,141018,119039,88833,5007,7004,7008,5005,4009,3807,No
50000,Female,1,2,35,0,0,0,0,0,0,4309,10834,15251,12159,9581,15222,7000,8000,9400,1000,6000,3000,No
160000,Female,3,1,40,0,0,0,0,0,0,93287,91031,89764,87919,86279,84794,3230,3500,3000,2956,3100,3400,No
20000,Female,1,2,22,0,0,0,0,0,0,18390,19760,18570,17604,11973,9517,2000,1376,1383,1000,455,1500,No
70000,Female,2,1,24,0,0,0,0,0,-1,33602,41574,30777,30155,14298,1579,10096,3000,1005,2000,1579,2882,No
240000,Female,2,2,38,-2,-2,-2,-2,-2,-2,34752,30073,24315,3724,28347,11280,30073,24315,3724,28347,11280,31266,No
300000,Female,2,1,45,0,0,0,0,0,0,343205,335000,322462,312973,262255,251413,12429,11254,10956,8587,8638,9284,No
420000,Female,2,1,37,-2,-2,-2,-2,-2,-2,4904,5248,5344,5058,2019,2443,5332,5348,5065,2019,2443,4697,No
200000,Female,3,1,43,1,2,0,0,0,0,119432,116014,119576,123551,129486,133262,0,5000,5000,7000,5000,5000,Yes
50000,Female,2,1,47,0,0,0,0,0,0,27121,53680,20476,21781,17792,16657,2000,1700,2000,1000,702,600,No
50000,Female,2,1,38,0,0,0,-1,0,0,20606,18750,0,31288,27335,30626,2000,0,95000,1000,3700,16,No
200000,Female,1,1,38,-2,-2,-2,-2,-2,-2,2571,2772,2571,2571,2571,2571,2772,2571,2571,2571,2571,2571,No
380000,Female,2,1,33,1,1,2,2,2,2,363944,385726,368318,354443,354765,354579,29540,74,14301,13000,12800,12800,No
50000,Female,1,2,27,-1,0,0,0,-1,-1,17626,16789,12946,20650,20650,2529,1547,8000,8000,20650,2529,0,No
50000,Female,1,2,28,-1,-1,-1,-1,-1,0,1460,1625,3505,12931,2972,1589,1625,3556,14010,3000,0,691,No
500000,Female,2,2,35,-2,-2,-2,-2,-2,-2,35757,22370,7303,19436,45604,25996,22372,7364,19445,45604,25996,4420,No
300000,Female,2,1,40,-1,-1,-2,-2,-2,-2,2470,0,0,0,0,0,0,0,0,0,0,0,No
170000,Female,2,2,32,0,0,0,0,-1,0,10928,8400,5654,6285,4417,740,6151,4110,6920,6637,0,16744,Yes
20000,Female,2,1,46,3,2,2,2,3,5,11698,13189,14663,16109,19525,18646,2000,2000,2000,4000,0,1000,Yes
20000,Female,2,1,43,-1,-1,-1,-1,-1,-1,1475,1291,3898,1681,901,0,1291,3898,1681,901,0,0,No
80000,Female,2,2,22,-1,0,0,0,0,0,858,1468,1724,2884,2994,28788,1000,1036,1196,306,26045,1513,No
20000,Female,2,2,24,0,0,0,2,0,0,17372,17859,20567,19928,18711,19408,1500,3000,0,1000,1000,1500,No
70000,Female,1,2,24,0,0,0,0,0,0,110176,56378,57572,58130,59289,61331,2700,2700,2110,2125,3000,2300,No
30000,Female,2,1,25,2,2,2,2,2,2,23888,26966,27640,26897,27949,29645,3800,1400,0,1500,2300,1114,Yes
170000,Female,2,2,37,0,0,0,0,0,0,117527,120998,120582,112819,113932,107776,5837,4278,4021,3828,3843,3879,No
320000,Female,2,2,30,0,0,0,0,0,0,97541,99815,103701,106195,106946,109228,3900,5500,5700,4000,4000,4000,No
210000,Female,1,2,30,-2,-2,-2,-2,-2,-2,0,0,0,0,0,0,0,0,0,0,0,0,No
310000,Female,2,2,31,0,0,0,0,0,0,14015,15377,16393,14855,12662,9628,2000,1300,1461,1000,2000,2000,No
230000,Female,1,2,29,1,-1,-1,-1,0,0,0,162,1129,1130,1130,1130,162,1140,1130,0,0,0,No
90000,Female,2,1,31,2,2,0,0,0,0,90089,91196,89779,89214,88847,88724,3500,4400,5013,4000,4000,4000,Yes
200000,Female,1,2,31,-2,-2,-2,-2,-2,-2,6024,2180,2750,0,1060,2000,2180,2750,0,1060,2000,1060,No
150000,Female,2,2,34,3,3,4,4,5,5,103389,108189,112968,117613,122161,129616,8000,8000,8000,8000,10000,5000,No
50000,Female,2,2,38,-1,-1,0,0,0,0,1496,35007,32672,34087,37114,45043,35007,2000,2000,5000,10000,2000,No
200000,Female,1,2,40,0,0,0,0,0,0,132563,135202,137111,137121,139343,141859,4841,5047,4922,4926,5105,5500,No
220000,Female,2,1,35,0,0,0,0,0,0,41259,37465,39494,16842,0,8419,2000,3000,1160,1000,0,1000,No
300000,Female,3,1,34,-2,-2,-2,-2,-2,-2,-75,29014,21180,-20,-20,4045,29089,21286,0,0,4065,0,No
30000,Female,2,1,47,2,2,2,0,0,0,25893,30628,29368,27769,25999,26924,5501,22,2000,1000,2000,2039,Yes
330000,Female,5,1,36,0,-1,-1,0,0,0,18768,3736,119340,134194,76865,78760,3744,119356,20062,10189,30032,4005,No
280000,Female,1,1,42,0,0,0,0,0,0,172886,175152,172505,175967,178548,176939,6232,12104,7002,6302,6417,6502,No
330000,Female,1,2,38,-2,-2,-2,-2,-2,-2,0,0,0,0,0,0,0,0,0,0,0,0,Yes
390000,Female,3,2,45,0,-1,-1,-1,-1,0,94373,2230,609,-3261,36635,38396,2230,609,0,40396,3000,105100,No
200000,Female,2,1,38,-1,-1,-1,-1,-1,0,788,165,1520,413,150,150,165,1520,413,300,0,1638,No
20000,Female,3,2,45,0,0,0,0,0,0,12670,13682,14399,15408,15728,17082,1520,1234,1243,563,1609,1500,No
140000,Female,2,1,32,0,0,0,0,0,0,52825,52711,50440,47945,17990,15735,3000,5007,10000,5011,5000,10000,No
30000,Female,1,1,32,-1,-1,-1,-2,-2,-2,3684,2911,5831,2083,2903,3874,2911,5842,2088,2903,3874,3201,No
210000,Female,2,1,41,1,-2,-2,-2,-2,-2,0,0,0,0,0,0,0,0,0,0,0,0,No
100000,Female,3,1,44,-2,-2,-2,-2,-2,-2,1010,0,0,0,0,2947,0,0,0,0,2947,4193,No
50000,Female,2,1,38,-1,-1,-1,-1,-1,-1,1121,-13,2254,1338,0,757,0,2267,1338,0,757,0,No
30000,Female,3,2,42,0,0,0,0,0,0,26012,27175,27822,28481,28265,28852,2000,1577,1626,800,814,629,Yes
30000,Female,5,2,45,2,0,0,0,0,0,29278,30488,30900,30480,31124,29333,2000,1600,1500,1100,1053,1320,Yes
150000,Female,1,2,37,1,-2,-1,-1,-1,-2,0,0,689,2943,-6159,-6159,0,689,2943,0,0,16007,No
180000,Female,1,2,39,-2,-2,-2,-2,-2,-2,11732,6653,-6674,18084,16481,19359,6653,330,36550,16481,21264,16253,No
230000,Female,2,1,49,1,-2,-2,-2,-2,-1,0,0,0,0,0,6946,0,0,0,0,6946,0,No
220000,Female,1,2,36,-2,-2,-2,-2,-2,-2,122,104,2635,2460,859,2784,104,2653,2472,859,2784,2287,No
200000,Female,1,2,35,-2,-2,-2,-2,-2,-2,5956,7690,1530,3107,1683,5784,10402,1530,4000,1683,6031,4512,No
80000,Female,2,1,35,-2,-2,-2,-2,-2,-2,17087,1617,8140,7258,20171,5483,1617,8179,7285,20171,5483,42081,No
380000,Female,3,1,44,0,0,0,0,-1,-1,7234,4772,4519,3818,4096,4058,1500,2000,2023,4102,4448,7274,No
160000,Female,2,1,41,-1,-1,-1,-1,-1,-1,8091,5344,5117,4730,6634,3477,5344,5124,4730,6635,3477,2979,No
60000,Female,2,1,47,0,0,0,2,-1,2,27970,28004,31688,30448,452,302,1456,4140,0,904,0,12985,Yes
100000,Female,3,1,42,-1,2,2,-2,-2,-2,7689,2052,1281,3770,2056,5628,0,1281,3786,2056,5634,6013,No
150000,Female,2,1,37,-2,-1,-1,-2,-2,-1,0,1771,0,730,626,2718,1771,0,730,626,2718,0,No
30000,Female,2,2,44,-2,-2,-2,-2,-2,-2,0,1330,2988,0,30000,0,1330,2988,0,30000,0,1219,No
220000,Female,1,1,36,1,2,-1,2,-1,3,4086,3855,3055,1375,3338,3032,0,4000,0,3338,0,0,Yes
220000,Female,1,2,38,-1,2,2,2,2,2,2650,2650,150,150,150,150,0,0,0,0,0,0,No
400000,Female,2,2,30,-2,-2,-2,-2,-2,-2,-38,9465,4991,466,-1381,3122,10446,5002,504,499,5056,2152,Yes
680000,Female,1,2,30,0,0,-1,-1,-1,0,39639,-45,10251,25094,7327,167520,0,10296,25219,7341,163123,7267,Yes
280000,Female,1,2,30,0,0,0,0,0,0,36269,39229,48190,48758,49219,58412,10300,10018,10026,5000,10000,2401,No
70000,Female,2,1,44,0,0,0,0,0,0,34135,27683,28311,24094,21317,9736,2020,5000,3011,1500,1000,1000,No
300000,Female,2,1,39,-1,-1,-1,-1,-1,-1,6192,4784,6462,456,-2056,5251,4790,6462,456,0,14447,9196,Yes
250000,Female,2,2,41,-1,-1,-1,-1,-1,-1,312,-18,3600,-10,2022,3809,0,3618,0,2032,3827,3710,No
200000,Female,1,2,31,-1,-1,-2,-2,-2,-2,1570,0,0,0,0,0,0,0,0,0,0,0,No
450000,Female,1,2,31,-1,-1,-1,-1,0,0,12818,17522,35727,82517,91873,41628,17577,35758,90018,41340,20000,15000,No
30000,Female,1,2,33,3,2,2,2,0,0,21167,20529,24191,23510,24813,25264,0,4000,0,2000,1000,2000,Yes
250000,Female,1,2,29,2,2,2,2,2,2,124780,127168,125721,122209,126129,127847,5900,4500,0,5954,3900,4826,Yes
70000,Female,2,2,31,0,0,0,0,0,0,64888,64454,103298,50978,51374,52453,2127,2151,2500,1836,1904,1915,No
150000,Female,2,1,35,0,0,0,0,0,0,102007,93116,84302,74986,67369,60434,5000,5045,2563,3006,3000,2218,Yes
200000,Female,2,1,37,-1,-1,-1,-1,-1,-1,313,0,313,152,148,498,0,313,152,148,498,148,No
200000,Female,4,2,42,-1,0,0,-2,-1,-1,5433,7328,0,0,2621,-72,2000,0,0,2621,0,0,No
300000,Female,3,1,42,-1,-1,-2,-2,-1,-1,885,0,0,0,494,0,0,0,0,494,0,138,No
80000,Female,3,1,39,-1,-1,-1,0,-1,-1,2921,390,6837,7309,2568,2199,780,6837,1000,2568,2199,4067,Yes
30000,Female,2,2,43,5,4,3,2,0,0,31273,30499,29740,28736,28336,28336,0,0,0,0,0,18,Yes
100000,Female,2,1,40,0,0,0,0,0,0,89236,90828,83479,73749,68512,72518,3162,3523,3025,2344,5000,3000,No
360000,Female,1,2,32,0,0,0,0,0,0,290543,118479,112746,102611,92290,51489,7288,6079,6091,6227,5055,27486,No
150000,Female,2,2,32,0,0,0,0,0,0,32428,32136,28151,27697,18981,6155,2000,1650,1500,1004,500,1000,No
180000,Female,1,2,32,1,-2,-2,-1,-1,-2,-10,-10,-10,5650,-10,-10,0,0,5660,0,0,0,No
210000,Female,1,1,33,-2,-2,-2,-2,-2,-2,1345,6087,947,500,1283,500,6087,947,500,1283,500,500,No
110000,Female,3,1,41,0,0,0,0,0,0,101316,104930,106053,108641,48519,33448,5300,4300,4800,2500,2000,2000,No
80000,Female,2,1,41,-1,-1,-1,-1,0,0,2727,1679,566,61664,58281,58281,1679,566,61664,0,0,4480,No
50000,Female,2,2,39,-1,-1,3,2,-1,2,263,1209,946,576,18611,17721,1209,0,0,18611,0,920,No
150000,Female,2,1,32,-2,-2,-2,-2,-2,-2,0,0,0,3564,0,0,0,0,3564,0,0,0,No
260000,Female,1,2,40,-2,-2,-2,-2,-2,-2,0,0,0,0,0,0,0,0,0,0,0,0,No
200000,Female,1,2,33,-2,-2,-2,-2,-2,-2,6421,846,4292,0,0,0,1064,4974,0,0,0,0,No
230000,Female,2,2,29,-1,-1,-1,-1,-1,-1,2624,1149,2140,3313,3750,2491,1149,2140,3313,3750,2491,9785,No
70000,Female,1,2,32,2,0,0,0,0,0,34640,35757,37175,38254,39017,39834,2000,2000,1700,1400,1446,1500,Yes
160000,Female,2,2,32,0,0,0,0,0,0,2812,3826,4751,6604,8604,7072,1222,1147,2000,2000,0,766,Yes
200000,Female,3,2,34,0,0,0,0,0,0,195380,199642,188169,191549,195163,194101,7632,6839,6518,6356,6441,6763,No
270000,Female,2,2,35,-1,-1,-1,-1,-2,-2,1636,37,2845,-1000,-1000,-1000,37,3000,1000,0,0,0,No
100000,Female,2,1,36,0,0,0,0,0,0,97026,96109,97647,91998,69915,72044,5000,5000,3500,3000,3000,5049,No
410000,Female,1,1,42,-1,-1,-1,2,-1,-1,12327,2306,4054,3830,3160,49828,2324,4204,0,3160,49828,1647,No
160000,Female,2,1,33,-1,-1,-1,-1,-1,-1,1655,4271,3711,2121,2275,2895,4271,3711,2121,2275,2895,8429,No
120000,Female,2,2,39,-2,-2,-2,-2,-2,-2,326,3756,326,326,326,476,3756,652,326,326,476,326,Yes
50000,Female,2,1,37,0,0,0,0,-1,-1,12246,11901,11631,11035,1335,90,1196,1261,1000,1335,90,1335,No
450000,Female,1,1,38,-2,-2,-2,-2,-2,-2,0,0,0,0,0,0,0,0,0,0,0,0,No
200000,Female,2,2,36,0,0,0,0,0,0,193083,195259,196120,168814,163509,172037,9000,8993,7503,6000,11300,6103,No
360000,Female,2,2,41,-1,-1,-1,-1,-1,-1,3640,1436,1114,1917,19588,16666,1436,1114,1917,19588,16666,707,No
340000,Female,2,1,40,0,0,0,0,0,0,40681,43171,45465,46708,49912,52102,3171,3000,2000,4000,3000,2100,No
300000,Female,3,1,40,-2,-2,-2,-2,-2,-2,0,0,0,0,0,0,0,0,0,0,0,0,Yes
220000,Female,3,2,40,0,0,0,0,0,0,220091,203554,207953,156699,157883,161208,7797,8201,7302,5437,5651,5683,No
370000,Female,1,2,37,0,0,0,0,0,0,308011,302783,297700,298224,338565,288924,10404,10015,16502,60003,15008,20000,No
170000,Female,2,1,39,-1,-1,-1,2,-1,-1,2947,4132,3967,592,864,1738,4134,3967,0,864,1738,1788,No
500000,Female,2,2,39,0,0,0,0,0,0,491395,464318,477183,496400,505473,474459,25799,35530,31376,70000,17670,20000,No
100000,Female,1,1,36,2,0,0,0,-2,-2,94796,51713,25272,0,0,0,2624,1000,0,0,0,0,No
110000,Female,1,2,31,-1,-1,-2,-2,-2,-2,223,0,0,0,0,0,0,0,0,0,0,0,No
230000,Female,1,1,31,0,0,-1,2,0,0,23526,12187,3239,3029,3029,800,7005,3239,0,0,0,0,No
230000,Female,1,2,31,0,0,0,-1,0,-1,33109,29830,11750,5194,15450,9368,5000,5000,15897,12000,9368,6000,No
150000,Female,2,1,33,0,0,0,0,0,0,25849,26852,27882,28894,29313,29924,1735,1765,1777,1196,1233,1238,No
210000,Female,1,1,32,-1,0,-1,-1,-1,-1,7544,5525,6876,2692,5560,2866,5255,7067,2696,5560,2866,8680,No
100000,Female,3,1,32,-1,-1,2,-1,0,-1,24002,22329,2781,32231,2781,21651,2781,0,32231,0,21651,26748,No
230000,Female,1,1,42,0,0,0,0,0,0,147396,151030,145550,135626,103789,108348,10000,7000,5065,5000,10000,5000,No
360000,Female,1,2,33,-2,-2,-2,-2,-2,-2,0,0,0,0,0,0,0,0,0,0,0,0,Yes
360000,Female,2,1,34,0,0,0,0,0,0,80540,83715,70881,53344,47058,8674,3933,2001,1318,1134,216,0,No
200000,Female,1,2,34,1,-2,-2,-2,-2,-2,-2113,-2113,-2113,-2113,-2113,-2113,0,0,0,0,0,423,Yes
200000,Female,1,1,34,-2,-1,-1,-2,-2,-1,16024,18168,10274,4726,4484,4745,18184,10274,4726,4490,4745,1283,No
150000,Female,2,2,33,-1,-1,-1,-1,-1,-1,508,1155,1868,874,1735,1940,1166,1873,876,1741,2245,0,No
110000,Female,1,1,41,3,2,2,7,7,7,150,150,150,150,150,150,0,0,0,0,0,0,No
320000,Female,2,1,38,-2,-2,-2,-2,-2,-2,0,0,0,111,0,288,0,0,111,0,288,1200,No
160000,Female,2,2,39,0,0,0,0,0,0,32930,20090,49448,38415,59138,77579,14000,40015,1625,32044,27248,3650,No
80000,Female,2,1,42,0,0,0,-1,-1,0,43045,43024,9821,600,53900,55000,1301,5098,600,53900,1100,10000,Yes
100000,Female,2,1,35,0,0,0,0,-2,-2,28428,29753,30900,0,0,0,1800,1900,0,0,0,0,No
150000,Female,2,1,36,0,0,0,0,0,0,289463,296846,301634,314201,84135,90500,8245,7143,13700,15000,7500,0,No
60000,Female,2,1,38,7,6,5,4,3,2,126220,76247,72225,67850,63073,61761,0,880,528,0,0,2380,No
200000,Female,1,2,39,-2,-2,-2,-2,-2,-2,345,355,0,0,907,0,355,0,0,907,0,0,No
160000,Female,3,1,38,-2,-2,-2,-2,-2,-2,5207,207,207,207,207,207,207,207,207,207,207,207,No
230000,Female,2,1,38,-1,-1,-1,0,0,0,4549,0,24962,34372,32630,33334,0,24962,10000,943,1000,1058,No
230000,Female,2,1,40,1,-2,-1,-1,-1,-1,0,0,3504,4272,2977,1900,0,3504,4272,2977,1900,0,No
90000,Female,3,1,39,1,-2,-2,-1,0,0,0,0,0,873,873,0,0,0,873,0,0,0,No
140000,Female,3,1,40,2,0,0,0,2,2,30755,31757,32808,35342,35965,36741,1815,1866,3400,1500,1500,1484,Yes
30000,Female,3,2,41,0,0,0,0,0,2,24217,24216,25254,27099,30297,28817,2000,3000,3000,5000,0,1500,No
320000,Female,1,1,41,0,0,0,0,0,0,59807,68080,67745,91798,90936,92588,10000,4200,30000,7,3000,0,No
20000,Female,3,1,35,0,0,0,-1,-1,-1,17008,17922,18421,7032,0,1000,1501,1000,7200,0,1000,2017,No
50000,Female,3,2,35,-1,-1,-1,-1,-1,-1,3123,1326,2866,4406,2821,1854,1326,2866,4406,2821,1854,1688,No
30000,Female,3,1,38,0,0,0,0,0,0,24505,25592,26628,27678,28084,30068,1800,1750,1800,1165,2600,1200,No
160000,Female,3,2,36,-1,-1,-1,-1,0,-1,27204,897,1066,1760,880,5510,897,1066,1760,0,5510,0,No
280000,Female,2,1,48,-1,-1,0,0,-1,-1,79536,31251,37071,16757,9509,10861,31280,26757,5076,9539,10861,56137,No
390000,Female,2,2,35,0,0,0,0,0,0,42286,30038,27402,28352,28066,28215,2389,2414,2378,892,925,938,No
100000,Female,3,1,44,0,0,0,0,0,0,41803,73882,75609,77265,78973,81665,33882,4000,4000,4000,5000,5900,Yes
200000,Female,5,2,48,0,0,-2,-2,-2,-2,198540,0,0,0,0,0,0,0,0,0,0,0,No
50000,Female,2,1,45,0,0,0,0,0,0,48875,50103,46641,31459,28901,29523,2080,1690,1458,1100,1076,1094,No
100000,Female,2,1,41,0,0,0,0,0,0,111925,107224,107126,101859,79519,74368,4000,7000,3533,2673,3500,4303,No
200000,Female,3,0,31,1,-2,-2,-2,-2,-2,0,0,0,0,0,0,0,0,0,0,0,0,No
250000,Female,1,1,34,2,0,0,2,0,0,138380,141223,156858,151841,152803,155997,5136,17994,0,5469,5656,6811,No
20000,Female,3,1,48,2,2,2,2,2,2,13836,14805,15865,16062,15509,16558,1500,1595,750,0,1452,0,Yes
260000,Female,2,1,35,-2,-2,-2,-2,-2,-2,3439,10034,256,274,388,766,10127,258,274,388,766,1185,No
20000,Female,3,1,31,1,2,0,0,0,0,15043,14509,19092,19113,19483,14523,0,5166,2963,833,812,0,Yes
320000,Female,2,1,44,1,-2,-2,-2,-2,-2,0,0,0,0,0,0,0,0,0,0,0,0,No
30000,Female,1,1,37,0,0,0,0,0,0,7979,8301,9156,8983,8141,6422,1149,1191,1079,239,209,206,No
50000,Female,2,2,41,0,0,0,0,0,0,39859,38781,26823,26799,26536,27093,1501,2003,1420,937,972,1007,No
80000,Female,2,2,36,2,0,0,-2,-2,-2,19671,20650,0,0,0,0,1700,0,0,0,0,0,Yes
120000,Female,2,1,40,1,2,3,2,3,2,57816,62139,60584,63871,62251,63443,5900,0,4900,0,2500,2500,Yes
290000,Female,2,1,49,-1,0,0,0,0,0,37246,36927,39769,35058,36965,38863,3000,3500,2500,2500,2500,2000,No
50000,Female,2,1,43,0,0,0,0,0,-2,30530,41460,21897,23404,0,0,2000,2000,2000,0,0,0,No
30000,Female,3,1,39,0,0,0,2,0,0,21173,22513,23826,20613,21269,22761,2000,2000,1000,1000,2000,2000,Yes
580000,Female,2,2,33,0,0,0,0,-1,-1,18812,15408,20629,10682,6788,10413,2000,10053,8017,6788,10413,10519,No
270000,Female,1,1,41,-1,-1,-1,-1,-1,-1,1278,-4,3564,1280,1898,0,0,3568,1280,1898,0,2605,No
30000,Female,3,1,42,2,-1,-1,-1,0,-1,836,836,836,1672,836,390,836,836,1672,0,390,930,No
160000,Female,1,1,31,2,2,2,0,0,0,147710,151368,147184,149053,136809,140678,7501,0,5790,4825,6000,5354,No
20000,Female,2,1,34,0,0,2,-1,-1,-1,3223,3176,220,632,0,316,1220,0,632,0,316,782,Yes
210000,Female,2,1,33,-1,-1,-1,-1,-1,-1,7655,1644,2258,8241,428,3537,1644,2261,11008,428,3537,0,No
200000,Female,3,1,43,0,0,0,0,0,0,113570,113974,117248,104889,103668,105467,4149,5571,5221,4001,4001,4001,No
130000,Female,3,1,43,0,0,0,0,0,0,32667,33822,34975,35943,36447,37259,2000,2000,1850,1400,1400,1400,No
30000,Female,5,1,36,-2,-2,-2,-2,-2,-2,8839,0,4342,690,0,99,0,4342,690,0,99,0,No
180000,Female,3,1,43,-1,-1,-1,-1,-1,0,3122,-26214,98834,34677,55634,44325,16,130000,40057,56000,10000,66000,No
110000,Female,2,1,39,0,0,0,0,0,0,93111,91198,85136,80491,78967,80628,3226,3050,2765,2304,2400,1885,No
20000,Female,2,1,39,0,0,2,2,0,-1,15299,14112,11221,10656,7928,580,1883,3520,0,1000,580,0,No
150000,Female,2,2,35,0,0,0,0,0,0,97268,71876,50043,55182,48983,50136,3500,2000,20000,2000,2000,2000,No
210000,Female,3,2,37,1,-1,0,0,0,0,0,202,4202,5152,5444,5786,202,4000,1208,500,400,5380,No
90000,Female,2,2,42,0,0,0,-1,-1,-1,92837,95413,94460,10031,11243,3343,4500,2000,10061,11277,3808,14741,No
500000,Female,2,1,42,0,0,0,0,0,0,62112,60246,74832,126778,82611,71338,20025,40000,85000,139,20000,29761,No
300000,Female,2,1,37,-1,-1,-1,-1,-1,-1,15695,11551,6224,14959,6885,22107,11551,6252,14959,6885,22107,6741,No
370000,Female,3,1,33,0,0,0,0,0,0,18082,18339,19031,17345,18245,23200,1628,1320,1100,1000,10000,1000,No
200000,Female,2,2,35,0,0,0,0,2,0,104393,108956,109339,113799,75536,66643,6300,4588,6910,30,2375,9577,No
50000,Female,2,2,41,0,0,0,0,-2,-2,43885,45408,36025,0,0,0,2408,2025,0,0,0,0,Yes
120000,Female,2,1,36,0,0,-2,-2,-1,-1,106609,380,0,970,5576,0,380,0,970,5576,0,2785,No
300000,Female,1,1,43,-1,-1,-1,-1,-1,-1,21953,32905,14458,18061,8016,5768,32905,14458,18061,8016,5768,7229,No
90000,Female,2,1,37,1,2,2,2,0,0,18255,17664,20667,20042,20408,22073,0,3300,0,1000,2000,0,No
120000,Female,2,1,48,-1,-1,-1,-1,0,-1,626,0,1252,1252,1252,626,0,1252,1252,0,626,0,No
90000,Female,2,1,47,1,2,2,2,0,0,6681,6426,10289,10816,11333,11997,0,4000,1000,1000,1000,1000,No
350000,Female,1,2,41,0,0,0,0,0,0,122017,121505,119522,119947,117328,118400,6000,5900,5800,4100,4500,5000,No
180000,Female,2,1,29,1,4,3,2,2,-2,20867,20168,14464,3455,0,0,0,0,0,0,0,0,No
30000,Female,3,0,30,0,0,2,2,0,0,24171,27393,28089,25805,21356,15158,3634,1451,9,1003,905,409,No
240000,Female,2,2,29,-1,-1,-1,-1,-1,-1,2638,1526,2276,1486,1776,2308,1526,2276,1486,1776,2308,776,Yes
80000,Female,2,1,38,1,2,0,0,0,0,84372,77773,78499,79943,77354,78655,0,2900,3102,3000,3010,3400,No
50000,Female,2,1,37,0,0,0,2,0,0,46239,47469,51145,45624,29172,27291,2000,4500,0,1153,1000,1065,Yes
370000,Female,1,1,42,0,0,0,0,0,0,291006,271452,256269,200761,125646,111185,12100,11295,8300,5000,4600,10000,No
150000,Female,2,1,43,-2,-2,-2,-2,-2,-2,5446,6671,4839,807,28023,7613,6682,6095,807,28023,7613,4331,No
230000,Female,2,1,32,-1,-1,-1,-1,-1,-1,1680,1535,1836,2274,0,21166,1535,1836,2283,0,21166,1000,No
80000,Female,3,2,32,-2,-2,-2,-2,-2,-2,4965,51932,0,2165,39881,14691,51932,0,2165,39881,14691,10500,No
140000,Female,1,2,32,0,-1,0,0,0,0,10281,32163,20421,19573,11611,0,32172,1476,2140,1000,0,0,No
180000,Female,2,1,32,0,0,0,0,0,-2,5244,8135,12621,17987,-99,-99,3000,5000,15000,0,0,0,No
240000,Female,1,1,33,0,0,0,0,0,0,95835,90385,85011,77329,50673,48723,4060,3181,3000,1500,3042,1377,No
160000,Female,2,2,30,-2,-2,-2,-2,-2,-2,-38,-38,-38,-38,-38,-38,0,0,0,0,0,0,No
320000,Female,1,2,31,-1,-1,-1,-1,-1,0,11910,4401,3345,1104,82434,82319,4445,3398,1104,82434,0,20895,No
80000,Female,2,1,35,2,2,-1,-1,-1,-1,252,-1624,2072,1752,1876,1876,0,5572,1752,2000,1876,2071,No
230000,Female,2,1,36,0,0,0,2,0,0,3745,4632,4979,631,1635,10244,3000,2023,0,1004,10019,1141,No
230000,Female,2,1,40,-2,-2,-2,-2,-2,-2,273,273,2418,1428,4398,5748,273,3588,1428,4398,5748,3768,No
20000,Female,2,1,38,0,0,0,0,0,0,11904,13193,12236,13041,13641,14251,1500,1400,1500,1000,1000,0,No
220000,Female,2,1,37,0,0,0,0,0,0,158494,156004,149677,152724,142064,142649,7000,7000,7100,5000,5400,5600,No
180000,Female,1,1,42,-2,-2,-2,-2,-2,-1,626,0,1290,0,0,1200,0,1290,0,0,1200,0,No
360000,Female,2,1,37,-1,-1,0,-1,-1,-1,10000,17444,17165,10000,10000,10000,17444,10035,10000,10000,10000,0,No
210000,Female,2,1,36,1,2,0,0,0,0,167970,161852,163600,162303,162799,161912,0,8000,8000,6000,6000,6000,Yes
200000,Female,1,2,32,-2,-2,-2,-2,-2,-2,261,1715,281,1105,354,-2,1723,282,1110,390,0,0,No
350000,Female,1,2,35,-2,-2,-2,-2,-2,-1,8526,10892,9218,9834,1458,5225,10951,9274,4711,1472,5251,68361,No
360000,Female,1,1,35,1,-2,-2,-2,-2,-2,0,0,0,0,0,0,0,0,0,0,0,558,No
60000,Female,2,2,27,0,0,0,3,2,2,30641,33787,42025,41067,40109,42695,3987,8825,0,0,3400,1800,No
190000,Female,1,2,47,-1,-1,-1,-1,-1,-1,314,3031,597,1640,306,39506,3031,597,1648,306,39506,697,No
180000,Female,1,2,35,0,0,0,0,0,0,24414,22479,21802,20100,16629,15628,2483,2808,2101,3,2000,0,No
230000,Female,1,1,37,-2,-2,-2,-2,-2,-2,312,2984,1786,363,437,843,3186,1786,363,437,843,500,Yes
270000,Female,1,1,45,-2,-2,-2,-2,-2,-2,0,0,0,0,0,0,0,0,0,0,0,0,Yes
220000,Female,3,1,45,0,0,0,0,0,0,176879,182100,184900,170611,125433,83709,10150,10000,10000,10053,4000,3000,No
80000,Female,1,1,36,-1,-1,-2,-2,-2,-1,78780,0,0,0,0,59349,0,0,0,0,59349,0,No
90000,Female,1,2,29,0,0,0,0,0,0,79063,64135,46678,85156,43269,44181,3687,1997,1995,1686,1749,1840,No
500000,Female,1,1,35,-2,-1,0,-1,-1,-1,5799,36189,23338,7896,8970,215305,36277,6112,10014,9018,215518,20018,No
210000,Female,2,1,35,-1,-1,-1,-1,0,-1,188,971,2871,5087,1943,3392,971,2871,5087,0,3392,4000,Yes
110000,Female,1,2,27,0,0,0,0,2,0,89603,88232,85362,74552,59902,42254,4113,3500,4005,0,1500,1999,No
150000,Female,1,2,31,0,0,0,-1,0,0,10778,6798,6221,4711,6711,6711,6000,3039,9050,2000,0,4000,No
90000,Female,1,2,33,-1,-1,-1,-1,-1,-1,3000,6000,0,3000,3000,3000,6000,0,3000,3000,3000,3000,No
190000,Female,2,1,34,0,0,0,2,2,2,84031,86730,93705,91317,96079,94428,5000,9310,0,7200,0,8000,No
240000,Female,2,1,37,0,0,0,0,-1,0,51277,51999,52613,21696,22807,22877,10006,10000,10000,22807,10000,11109,No
200000,Female,2,2,28,-1,-1,-1,2,2,-2,4571,0,2983,2780,0,0,0,2983,0,0,0,3125,No
200000,Female,3,1,49,1,-2,-1,-1,-1,-1,0,0,2317,7588,7606,14053,0,2317,7588,7614,14053,0,No
160000,Female,2,2,38,-2,-2,-2,-1,0,0,0,0,0,68600,70000,0,0,0,68600,1400,0,0,No
240000,Female,1,2,27,1,2,0,0,0,-1,7029,3932,2105,2487,777,5300,0,1057,1000,0,5300,1800,No
80000,Female,2,1,25,0,0,0,0,0,0,76358,77433,74050,73361,56966,59130,3000,3000,2700,2000,5000,2200,No
180000,Female,2,1,39,1,-2,-2,-2,-2,-2,0,0,0,0,0,0,0,0,0,0,0,0,Yes
80000,Female,2,2,26,1,-2,-2,-2,-2,-2,0,0,0,0,0,0,0,0,0,0,0,0,No
70000,Female,2,2,26,0,0,0,0,0,0,70805,70087,62750,53600,45215,46486,2600,2231,1800,1700,2000,2000,No
160000,Female,2,1,38,0,0,0,-1,-1,-1,73902,119408,134243,12670,6349,10775,50000,20000,30037,6349,11000,4000,No
200000,Female,1,2,30,0,0,0,0,0,0,148646,132606,136183,127438,124816,92037,5000,8500,3500,3000,25000,70000,No
20000,Female,1,2,34,-2,-2,-2,-2,-2,-2,1789,16745,1464,1466,1691,4565,16745,1464,1466,1691,4565,4570,No
300000,Female,2,1,35,0,0,0,0,-1,0,155493,179071,42404,71493,13547,27710,50706,30028,60300,27054,25003,10,No
150000,Female,1,1,42,0,0,0,2,2,2,107968,109234,37424,36446,39193,38297,5023,6086,0,5200,0,2769,No
30000,Female,1,2,45,1,2,-1,-1,-1,-1,5830,1330,909,390,29570,940,0,909,390,29570,940,3482,No
360000,Female,2,2,37,-1,-1,-1,-1,-1,-1,333,333,5043,333,0,333,333,5043,333,0,333,210,Yes
30000,Female,3,2,23,1,2,0,0,0,0,30335,29546,29826,29997,29789,29967,0,2000,1500,1000,2000,0,No
50000,Female,1,2,24,0,0,0,0,0,0,48712,49587,21604,14772,9238,9588,2269,1286,1200,332,500,1000,No
160000,Female,4,1,28,-1,-1,-1,-1,-1,-1,819,162,165,165,165,165,162,168,165,165,165,165,No
80000,Female,1,2,28,0,0,0,2,2,0,36736,38079,40805,35740,32684,32605,1955,3681,1300,0,1500,1200,No
100000,Female,1,2,29,0,0,0,0,0,2,92929,95471,98569,48695,54444,4948,5000,5000,1251,6000,0,1500,No
60000,Female,2,1,47,0,0,0,0,0,0,54532,54203,58199,59152,76006,19604,1970,6000,3000,1000,1000,1000,No
420000,Female,1,2,27,0,0,0,0,0,0,198604,202935,207548,211990,216362,220728,7518,7763,7768,7768,7877,7934,No
140000,Female,2,2,27,-2,-2,-2,-2,-2,-2,0,0,0,0,0,1079,0,0,0,0,1079,88654,No
270000,Female,1,2,32,2,2,2,0,0,0,9220,14050,13539,15005,16438,17021,5000,0,2000,2000,1000,1000,Yes
100000,Female,1,3,47,0,0,0,0,0,0,43175,42669,42238,41646,40976,40503,1680,1722,1603,1406,1598,1502,No
260000,Female,1,2,36,-2,-2,-2,-2,-2,-2,0,132,1109,1181,-18,3791,132,1119,1186,18,3809,1917,No
200000,Female,1,2,37,0,0,0,0,0,0,191876,121296,121473,123943,127552,130380,4305,4408,4489,5660,6000,0,No
380000,Female,2,1,44,0,0,0,0,0,0,268755,270405,258979,261213,264550,163860,11035,10009,11003,10500,7500,7505,No
130000,Female,2,1,33,-1,-1,-1,0,0,-2,41573,0,13853,14277,0,0,0,13853,1000,0,0,0,No
70000,Female,2,2,33,1,2,2,2,2,2,67967,66276,71307,71977,70306,71161,0,6124,2500,0,5300,2600,No
270000,Female,2,1,33,-1,-1,-1,-1,-1,-1,10148,625,14430,7320,5500,500,625,14430,7325,5500,500,6921,No
30000,Female,2,1,49,0,0,0,0,0,0,27922,25214,26755,23235,25008,26761,2000,2000,2000,2000,2000,822,Yes
290000,Female,1,1,37,-1,-1,-1,-1,-1,-1,20565,8741,24250,97542,16950,0,8741,24257,97542,16950,0,21830,No
50000,Female,2,2,40,0,0,2,0,0,0,46319,49518,48188,49966,19294,18971,4000,1000,3800,820,900,695,No
30000,Female,2,1,40,1,2,2,0,0,0,31230,31348,28034,26251,24133,22527,2007,8,2007,1005,782,2009,Yes
210000,Female,3,1,38,-1,-1,-1,-1,-1,-1,2569,3920,2529,3087,2811,3204,3920,2529,3087,2811,3204,4173,No
220000,Female,3,2,43,0,0,0,0,0,0,223022,215787,220680,219459,177765,175238,7750,8397,7349,6518,7000,7000,No
340000,Female,2,1,32,0,0,0,0,0,0,61605,64250,66293,57657,53035,54693,3500,3049,2706,1870,3000,4000,No
30000,Female,2,1,31,1,2,0,0,2,0,20494,19867,21045,24681,23985,25099,0,1500,4000,0,1500,6000,No
180000,Female,2,1,32,2,2,2,2,2,0,13286,15548,15009,17752,17172,18732,2800,0,3000,0,2000,5000,Yes
60000,Female,2,2,24,0,0,0,0,0,0,53910,55028,56449,56273,28316,30763,2600,2900,2034,2000,3000,1000,No
100000,Female,1,2,32,0,-1,0,0,0,0,41531,6120,104346,91025,91120,1777,6157,100000,2017,1822,1777,7748,No
200000,Female,2,1,47,-2,-2,-2,-2,-2,-2,8800,0,5738,0,2244,66000,0,5738,1626,2244,66000,30000,No
240000,Female,2,1,38,0,0,0,0,0,0,234304,229519,229676,234928,160765,158184,7888,8522,9260,5700,5475,5520,No
50000,Female,3,2,35,0,0,-1,0,-1,0,54731,51080,45536,38745,37395,19247,1730,52014,1200,19959,1402,811,No
60000,Female,2,1,39,0,0,0,-1,0,0,50615,50200,19567,29035,27762,27740,1619,1429,31426,969,998,1545,No
50000,Female,2,1,38,0,0,0,2,0,0,5764,6786,9095,8803,8975,9008,1278,2587,0,467,326,329,No
120000,Female,1,2,28,-1,-1,-1,-1,-1,0,3564,2063,768,3096,2677,2592,2063,768,3146,2677,0,0,No
100000,Female,2,1,46,1,2,2,0,0,0,97515,99028,96592,99801,27930,27377,4000,0,5000,2000,1116,1500,No
280000,Female,3,1,46,2,2,0,0,0,0,506515,491801,62236,54813,38669,18010,0,1803,1475,1105,534,318,Yes
180000,Female,1,1,28,0,0,0,0,0,0,176793,173034,171772,172344,134321,131191,8000,8206,6500,5000,5000,5000,No
180000,Female,1,2,28,1,-2,-2,-2,-2,-2,0,0,0,0,0,0,0,0,0,0,0,0,No
150000,Female,2,1,37,2,2,2,2,0,0,100390,108784,110405,106317,30906,31457,11600,4800,0,1240,1200,1200,No
180000,Female,1,2,35,-1,-1,-1,-1,0,0,19369,7123,4569,29635,6489,0,7123,4569,36124,0,0,0,No
30000,Female,2,1,41,0,0,0,0,0,0,25735,27001,28261,29337,26189,21715,2000,2000,2000,500,1000,500,No
380000,Female,2,1,48,0,0,0,0,0,0,64001,60427,58603,58359,59527,58482,5000,7000,7359,10000,7000,10000,No
130000,Female,3,2,36,-1,-1,-1,-1,-1,-1,1738,1738,1738,1738,1738,1738,1738,1738,1738,1738,1738,1938,No
170000,Female,1,2,28,-1,-1,-1,-1,-1,-1,1311,3008,4244,1718,0,1125,3008,4244,1718,0,1125,0,No
220000,Female,1,1,43,-1,-1,-1,2,-1,0,941,911,9743,7480,22880,880,920,9752,0,22880,0,7270,Yes
150000,Female,1,1,49,1,-2,-2,-1,-1,-1,0,0,0,12200,16961,3000,0,0,12200,16961,3000,493,No
180000,Female,5,2,34,1,-1,-1,-2,-2,-2,0,149,0,0,0,0,149,0,0,0,0,0,No
180000,Female,1,2,46,-2,-2,-2,-2,-2,-2,0,0,0,0,0,0,0,0,0,0,0,0,Yes
360000,Female,1,2,27,1,-2,-2,-2,-2,-2,0,0,0,0,0,0,0,0,0,0,0,0,No
150000,Female,1,1,30,-1,-1,0,0,0,0,107799,16332,13837,15855,9049,3244,16363,10149,10000,7000,0,0,No
170000,Female,5,1,39,-1,-1,-1,-1,0,0,1803,217,10121,12180,15667,9224,218,10121,12180,5011,0,265,No
50000,Female,1,2,44,0,0,0,0,0,0,10012,11039,12549,16995,17490,18253,1500,2000,5000,778,1200,752,No
300000,Female,1,2,39,0,0,0,0,0,2,87540,89792,91558,93741,99802,97711,5000,4500,5000,8000,0,4000,No
210000,Female,2,1,29,0,0,0,-1,-1,0,145499,107712,-564,4270,143607,144505,4751,0,6000,143754,5000,5314,No
80000,Female,2,1,30,2,2,-2,-2,-1,-1,15304,0,0,0,1005,5,0,0,0,1005,0,0,No
240000,Female,2,1,32,-2,-2,-2,-2,-2,-2,0,0,0,0,0,0,0,0,0,0,0,0,No
110000,Female,2,2,32,0,0,0,0,0,0,68014,68788,70880,72403,73600,75261,2500,3200,3300,3000,3000,2746,No
400000,Female,3,1,40,-1,-1,0,-1,-1,-2,27035,28119,31166,35238,1408,4869,28204,33716,37400,1408,4869,5539,No
210000,Female,1,2,29,0,0,0,0,0,0,199251,205143,192260,168511,144980,153706,9025,8507,5740,5128,11000,0,No
260000,Female,1,2,31,0,0,0,0,0,0,69343,70585,71430,73837,73271,74266,4000,4000,4007,13990,2056,2623,No
210000,Female,2,2,30,1,-2,-1,-1,2,0,0,0,474,17171,16625,17030,0,474,17171,0,800,5000,No
200000,Female,1,1,38,1,-2,-2,-2,-2,-2,0,0,0,0,0,0,0,0,0,0,0,0,No
540000,Female,1,2,34,-1,-1,-1,-1,-1,-1,1128,1784,892,946,946,946,1784,892,1000,946,946,946,No
100000,Female,2,1,29,-1,-1,-2,-2,-2,-2,500,0,0,0,0,0,0,0,0,0,0,0,No
30000,Female,2,1,35,2,2,2,2,2,0,23785,20946,23785,24422,23688,19626,0,3500,1319,0,800,1610,Yes
80000,Female,2,1,28,0,0,0,0,0,0,77856,76079,78410,55417,50733,50441,3670,4520,3311,50441,1800,2100,Yes
50000,Female,1,2,28,2,2,0,0,0,0,19930,19316,20347,21354,21630,23123,0,1646,1653,929,2000,0,Yes
240000,Female,2,1,32,0,0,0,-2,-2,-2,24615,27500,0,0,0,0,5000,0,0,0,0,0,No
260000,Female,2,1,33,-2,-2,-2,-2,-2,-2,3342,8978,4331,13860,1987,5626,9023,4353,13929,1997,5654,3964,No
280000,Female,2,2,33,0,0,0,0,0,-1,71174,66228,39379,13409,40854,2930,2290,1304,1000,29485,2930,0,No
30000,Female,2,1,35,0,0,0,0,0,0,31955,30429,27286,21919,19015,2732,1800,1388,1501,1001,2732,3280,Yes
150000,Female,3,2,38,1,-2,-1,2,2,2,1589,1335,9447,4887,11181,6692,1339,9460,0,6702,16,8242,No
350000,Female,2,1,36,0,0,0,0,0,0,21026,35588,38002,40357,43663,52735,15000,3000,3000,4000,10000,25000,Yes
100000,Female,2,2,34,-1,-1,-1,-1,-1,-2,1919,1831,163,1028,0,0,1831,163,1028,0,0,0,No
320000,Female,1,1,46,-1,-1,-1,-1,-1,-1,57593,534,2709,0,7779,0,534,2709,0,7779,0,417,No
380000,Female,2,1,41,3,3,2,0,0,0,415735,400246,384705,383332,381423,377466,0,0,15135,13212,13529,15212,Yes
40000,Female,2,2,43,1,3,2,2,3,2,9268,8974,8885,10583,10269,9960,0,200,2000,0,0,1200,No
100000,Female,3,1,43,0,0,0,0,0,0,5719,6633,3461,4471,4560,4656,1043,1064,1074,163,169,169,No
30000,Female,3,1,44,2,0,0,0,0,0,26627,27631,29179,30146,26371,27567,1452,2000,1500,933,2000,3000,Yes
50000,Female,2,2,40,0,-1,-1,-1,-2,-2,19869,15584,4377,0,0,0,15584,4377,0,0,0,0,No
180000,Female,1,2,30,0,0,0,0,0,0,44478,40311,43847,50763,69026,32030,8000,10000,10000,23000,5000,4000,No
150000,Female,1,2,31,-2,-2,-2,-2,-2,-2,5596,2569,0,0,0,302,2573,0,0,0,302,176,No
360000,Female,1,1,32,0,0,0,0,0,0,16039,20396,19382,13874,9398,10773,5000,2000,5019,2000,2500,5000,No
170000,Female,1,1,38,-1,-1,-2,-2,-2,-1,5910,0,0,0,0,3001,0,0,0,0,3001,9436,No
140000,Female,2,2,37,0,0,0,0,0,0,86858,89509,91476,92591,95887,97739,5000,4300,3600,5000,3310,3400,No
90000,Female,2,1,41,0,0,0,0,0,0,25388,26460,26711,27722,28116,28552,1800,1747,1758,1152,1038,1073,No
20000,Female,3,2,46,-1,-1,-1,-1,-1,-1,942,942,9849,3870,6630,1170,942,9849,3870,6700,4780,150,No
160000,Female,3,1,28,2,2,2,2,0,0,132528,135846,136732,101473,100895,103107,7000,5000,0,3770,4000,4000,No
30000,Female,2,2,36,0,0,0,0,0,0,26535,27131,27294,27853,28033,28756,1433,1481,1430,1000,1543,1200,No
300000,Female,2,1,38,1,-2,-2,-1,0,-1,0,0,0,1000,890,390,0,0,1000,390,390,540,Yes
360000,Female,1,2,32,0,0,0,0,0,0,11358,17580,17416,14789,11800,21831,7079,7000,5000,0,11831,13000,Yes
30000,Female,3,2,46,2,2,-1,2,0,0,19830,15915,1736,1170,780,780,0,1736,0,0,0,0,No
80000,Female,2,1,37,-1,-1,-1,-1,-1,-1,2000,2000,2000,2000,2000,2000,2000,2000,2000,2000,2000,4206,Yes
140000,Female,5,2,25,0,0,0,0,0,0,91485,78704,79449,45514,42155,42812,3009,3411,1523,1352,1526,1505,No
280000,Female,2,1,43,2,-1,-1,-1,-1,-1,644,499,1641,5280,6913,-741,499,1641,5280,6915,0,0,No
300000,Female,2,1,28,0,0,0,-1,0,0,30631,14623,9728,28960,26589,18171,1373,1010,42348,0,0,173,No
30000,Female,2,1,29,2,2,2,0,0,2,15361,18274,17697,18416,20099,21631,3175,0,1317,2000,2000,0,Yes
500000,Female,1,1,37,0,0,0,0,0,0,208068,188873,170225,170407,196150,167748,30072,10093,20031,60030,15008,8008,No
160000,Female,3,1,37,0,0,0,0,0,0,17500,15933,19536,7550,6977,7811,10000,10000,3006,3000,3000,0,No
200000,Female,1,1,40,-2,-2,-2,-2,-2,-2,0,0,2479,0,0,0,0,2479,0,0,0,0,No
130000,Female,2,1,37,0,0,0,0,0,0,110434,108740,122873,122870,120373,134146,4100,20000,6000,5000,20000,6000,No
230000,Female,1,2,34,-1,-1,-1,-1,-1,-1,3251,4342,2557,4440,4832,6059,4347,2557,4443,4832,6314,7897,Yes
60000,Female,3,1,48,-1,-1,-1,-1,-1,-1,316,316,316,316,316,316,316,316,316,316,316,316,Yes
80000,Female,2,1,47,-1,2,2,-1,-1,-1,4166,3908,0,3521,0,14206,0,0,3521,0,14206,7500,No
240000,Female,2,1,47,-2,-1,-1,-2,-1,-1,27884,23222,0,0,13143,27383,23610,0,0,13143,27383,21718,No
240000,Female,2,2,30,0,-1,0,0,0,0,35380,64013,51380,25438,19376,12889,64013,1651,1705,564,2093,144734,No
220000,Female,3,1,33,-2,-2,-2,-2,-2,-2,1037,1062,0,0,0,0,1062,0,0,0,0,0,No
50000,Female,2,1,44,0,0,0,0,0,0,10950,5662,6797,7565,9565,11357,1097,1232,1000,2000,2000,4000,Yes
50000,Female,3,1,42,0,0,0,0,0,0,50562,50906,48888,47037,12187,9962,2000,2009,1180,1000,1000,348,No
50000,Female,2,1,38,-1,-1,-1,-1,-1,-1,588,588,588,926,643,643,588,588,926,643,643,643,No
90000,Female,2,1,39,-2,-2,-2,-2,-2,-2,1330,950,1330,950,950,11786,950,1330,950,950,11786,1250,Yes
80000,Female,2,2,46,0,0,0,2,0,0,79812,80717,80366,74782,47767,49278,2854,7014,44,1693,4000,0,No
190000,Female,3,1,43,0,0,0,0,0,0,93359,95376,98954,101512,106708,109639,3404,4954,4512,6708,4639,4793,No
210000,Female,1,1,31,0,0,0,0,0,0,157544,160437,129247,119579,120318,107122,7505,7072,4009,8000,10000,12000,No
370000,Female,2,1,45,0,0,0,-1,-1,-1,137250,141167,103000,41200,1109,99723,5927,5000,41200,1109,99723,5000,No
80000,Female,2,1,45,1,2,2,2,2,2,53916,52462,55327,56804,57469,58505,0,4327,3000,2200,2100,0,Yes
220000,Female,2,1,32,0,0,0,0,0,0,28853,29145,27171,22067,17831,15671,2000,4000,1420,2000,3000,30789,No
230000,Female,2,1,44,-1,-1,-1,-1,0,-1,899,1000,1685,3207,1941,329,1000,1685,3207,0,329,2208,No
200000,Female,2,1,39,-1,-1,-1,-1,-1,-1,13145,15549,21375,9312,23958,10825,15571,21488,9312,23958,10825,10773,No
400000,Female,1,2,31,-1,-1,-1,0,0,0,5974,2600,110958,164959,130737,128312,2600,110958,110000,20000,58312,9031,No
80000,Female,2,2,44,0,0,0,0,-1,-1,22771,17047,11885,8254,5144,15365,1239,1435,1350,5144,15365,2250,No
360000,Female,2,1,36,0,0,0,0,0,0,16557,18369,20067,48307,12918,12375,3000,2000,29079,1066,1000,1000,No
310000,Female,1,2,35,0,0,0,0,0,0,308105,303679,278488,256962,262381,278117,13088,9834,9500,9700,20200,11000,Yes
150000,Female,1,2,29,0,0,0,0,0,0,80299,81963,84641,86330,88885,97402,3000,4000,4000,4000,10000,4000,No
80000,Female,2,2,30,0,0,0,-1,0,0,90562,85919,83023,79031,41149,30244,3340,2000,83731,2000,2000,1000,No
40000,Female,2,1,30,2,2,2,2,2,2,14408,15370,16320,16456,16492,16086,1500,1500,700,600,0,1600,Yes
320000,Female,1,2,30,0,0,0,0,0,0,2419,3193,5127,6871,7751,8623,2000,2000,2000,1000,1000,1000,No
80000,Female,2,2,36,0,0,0,0,0,0,23347,29927,53599,52038,53175,55751,10000,24369,2500,2500,5000,2700,No
420000,Female,1,1,33,2,-1,0,-1,-1,0,8117,20837,21610,10654,4427,1800,20837,1118,10658,6341,0,3,No
170000,Female,2,1,45,0,0,0,0,0,0,169625,169944,169829,162988,125969,127643,6081,6336,5205,4452,4592,4677,No
230000,Female,1,1,40,-1,-1,-2,-1,-1,-2,1163,0,1487,826,-4,-4,0,1487,830,0,0,1342,No
200000,Female,1,1,35,0,0,0,0,-2,-2,20375,12588,9571,0,0,0,1089,1526,0,0,0,0,No
430000,Female,2,1,42,2,2,2,2,2,2,282880,289358,296219,300873,294527,308523,12700,13000,11000,0,19000,15000,Yes
100000,Female,2,1,32,0,0,0,2,0,0,18641,23380,33045,32346,36597,46121,5000,10000,0,5000,10000,0,No
210000,Female,1,2,32,1,-1,-1,-1,-1,-1,15207,16529,16915,16266,571,18827,16529,16920,16266,0,19136,0,No
50000,Female,1,1,40,-2,-2,-2,-2,-2,-2,0,1470,0,0,591,426,1470,0,0,591,426,595,No
290000,Female,1,2,36,0,0,0,0,0,0,57721,57256,57094,55293,54738,55435,2514,3007,2004,2101,2503,2503,No
200000,Female,1,2,32,-2,-2,-2,-2,-2,-2,0,0,2090,0,0,2820,0,2090,0,0,2820,10540,No
30000,Female,2,2,38,0,0,-2,-2,-2,-2,9730,0,0,0,0,0,0,0,0,0,0,0,No
360000,Female,2,1,48,-2,-2,-2,-2,-2,-2,2500,0,0,0,0,0,0,0,0,0,0,0,Yes
180000,Female,1,1,31,0,0,0,2,2,2,151776,157050,167293,168074,167235,179461,9300,14300,5000,3400,15000,6017,No
220000,Female,2,2,34,0,0,0,0,0,0,93815,96121,56148,35642,33516,30177,4300,2407,2000,2000,1100,1000,No
190000,Female,2,2,34,0,0,0,0,0,0,90945,77668,79321,80401,80872,77377,3500,3500,3000,3083,3000,3000,No
150000,Female,4,2,29,0,0,-1,-1,0,0,17196,12991,3305,11164,18803,22891,2012,3310,11164,18800,10000,16910,No
350000,Female,2,1,38,0,0,0,0,0,0,62862,79927,76057,65139,56984,55038,24000,6000,5000,3000,6000,5000,No
240000,Female,2,1,47,0,0,0,0,0,0,121386,123877,127344,125050,126479,130266,6000,7000,6500,5000,6000,6000,No
230000,Female,2,2,30,-2,-1,0,0,0,0,0,63508,59835,60963,59337,71089,63508,2300,2200,2200,25000,2400,No
500000,Female,1,1,29,-2,-2,-2,-2,-2,-2,6887,2926,2546,5495,180,-486,2940,2569,6360,3,0,3012,No
160000,Female,2,1,30,-1,-1,-1,-1,-1,2,33712,14116,-2985,1472,2985,1513,14116,0,4457,1513,0,1328,No
290000,Female,1,2,30,0,0,0,0,0,0,41626,8341,17333,34539,35288,35438,5004,10000,18000,1200,3000,2000,No
50000,Male,2,2,30,0,0,0,0,0,0,22459,48535,49350,26499,21071,18713,26499,2248,1332,544,713,3703,No
270000,Female,1,2,30,2,2,2,0,0,0,172933,184761,164009,161843,151862,0,19028,0,3451,5004,0,0,Yes
180000,Female,3,1,31,-2,-1,-1,-1,-1,0,10790,7239,30418,31370,13496,23943,7239,30418,31370,13496,12000,22593,No
180000,Female,2,2,32,-2,-2,-2,-2,-2,-2,0,0,1980,0,0,858,0,1980,0,0,858,0,No
50000,Female,5,1,33,0,0,0,0,0,0,43268,39605,39702,39200,40000,0,2011,2000,1000,800,0,0,No
50000,Female,2,1,34,2,0,0,0,0,0,47993,49051,39945,40254,20040,3563,2010,1904,2214,1000,129,131,Yes
80000,Female,1,1,37,-1,0,-1,-1,-1,-1,27695,15372,25919,18449,2655,20808,10000,25919,18449,2655,20808,0,Yes
250000,Female,2,1,37,0,0,0,0,0,0,212954,215928,221963,224949,229577,234221,8000,9510,8160,8364,8493,8625,No
80000,Female,2,1,45,0,0,0,-2,-2,-2,81328,82150,0,0,0,0,3750,0,0,0,0,0,No
160000,Female,2,1,37,0,-1,-1,-1,0,-1,13307,22887,16846,2150,1033,8264,22887,16890,2150,0,8264,8799,No
30000,Female,2,2,42,0,0,0,0,0,0,27855,30787,30128,25178,21060,16893,5000,5137,2189,2007,1009,655,No
100000,Female,2,1,44,0,-1,-1,-1,-1,-1,1603,1440,1440,1440,1440,6059,1440,1440,1440,1440,6059,1440,No
100000,Female,2,1,46,1,-1,-1,-1,-2,-2,0,766,305,0,0,0,766,305,0,0,0,0,No
130000,Female,2,1,45,-1,2,-1,-1,-1,-1,1980,990,990,990,990,1130,0,990,990,990,1130,1000,No
80000,Female,2,1,35,0,0,0,0,0,0,81513,82816,74170,73609,46443,47231,3612,2830,2194,1797,2000,2000,No
170000,Female,1,1,41,0,0,0,0,0,0,93095,95044,98505,99970,102303,104654,3500,5000,4000,4000,4000,4000,No
280000,Female,1,1,42,-2,-2,-2,-2,-2,-2,6425,3746,3863,5740,0,1170,3746,3863,5740,0,1170,4198,No
500000,Female,3,1,44,2,-1,0,0,0,-1,1273,79108,329774,328950,336073,1257,79113,255005,6780,8401,1262,2120,Yes
300000,Female,2,2,41,-1,-1,-1,-1,-1,-1,1215,43909,27785,5221,1278,3245,43943,27863,5234,1278,3245,22,No
310000,Female,2,1,42,0,-1,-1,2,-1,-1,21692,19697,17257,7900,17161,14585,19697,2270,4,17161,7030,0,No
120000,Female,1,2,29,-1,2,-1,-1,2,0,8318,2730,3647,10730,1835,5843,0,3647,10752,0,5658,6928,No
50000,Female,3,1,49,2,0,0,0,-2,-2,48297,50487,51400,0,0,0,3000,2400,0,0,0,0,Yes
340000,Female,4,2,29,0,0,0,0,0,0,262621,167331,169625,104501,102700,103824,24298,7068,8015,10053,15000,9507,No
90000,Female,1,2,31,2,2,3,3,3,2,20052,79532,79872,80662,80740,83275,59872,2200,2700,2000,4000,2200,No
60000,Female,1,2,32,1,2,0,0,0,2,17992,17405,18619,19636,20326,21534,0,1500,1328,1018,1687,778,Yes
380000,Female,1,2,29,0,0,0,0,0,0,384979,276655,174060,172167,142135,152135,20000,9500,4180,0,10000,5000,No
460000,Female,1,2,29,0,0,0,0,0,0,82315,170894,160223,160894,165246,169983,90150,7018,7000,7002,8007,8038,No
300000,Female,2,1,30,-1,2,-1,-1,-1,-1,10940,10104,1610,2749,155,3167,0,1610,2768,155,3167,435,No
360000,Female,1,2,30,-2,-2,-2,-2,-2,-2,4765,3415,1539,6501,3458,2786,3434,1546,6541,3475,2788,5710,No
120000,Female,2,1,30,0,0,-1,-1,0,0,25657,27877,1150,29225,25893,11707,3000,2000,29225,2000,2000,20000,No
500000,Female,2,1,31,1,-1,-1,-1,0,0,0,5377,4131,44588,44388,5085,5377,4131,44588,0,0,3148,No
180000,Female,2,1,33,2,2,2,2,2,2,115166,122519,123087,126564,123040,129098,10800,4000,7000,0,8200,1500,Yes
200000,Female,2,1,32,0,0,0,0,0,0,47550,51427,52672,53682,51841,52921,5000,2672,2492,2006,2069,2258,No
240000,Female,2,1,32,0,0,-2,-2,-2,-2,12000,0,0,0,0,0,0,0,0,0,0,0,No
240000,Female,1,2,32,-1,0,0,0,0,0,89988,27329,21061,27585,18019,18116,18063,18008,27067,18046,10018,17038,No
160000,Female,3,1,33,-1,2,-1,-1,-2,-2,2364,1095,2190,0,0,0,0,2190,0,0,0,0,Yes
150000,Female,1,2,33,0,0,0,0,0,0,11529,6745,6177,7215,7644,8367,2000,1262,1300,700,1000,950,No
100000,Female,1,2,33,-1,2,2,-1,0,0,5640,1570,0,3198,3198,5198,0,0,3198,0,2000,3348,No
50000,Female,2,2,33,1,2,0,0,0,0,49633,48475,41848,40136,40626,41970,24,2039,1965,1455,2000,1877,No
50000,Female,2,1,33,1,2,0,0,2,0,23250,22578,23611,25825,25111,25708,0,1397,2611,0,1000,1092,Yes
20000,Female,3,3,44,0,0,2,2,0,0,18126,20771,20434,19874,19546,0,3599,1200,1000,400,0,0,Yes
120000,Female,2,2,39,-1,-1,-1,2,-1,-1,2753,0,390,390,780,1206,0,780,0,780,1206,0,No
320000,Female,1,2,44,-1,-1,-1,-1,-1,-1,29227,49177,143588,82261,44242,22999,49619,143588,82691,44242,24010,128424,No
370000,Female,2,1,36,0,0,0,0,0,0,219386,181046,169132,128553,88817,83763,10500,14045,8553,8817,10763,2526,No
210000,Female,2,2,37,0,0,0,0,0,0,26557,31090,58054,44624,43339,44245,5000,28008,15000,1552,1605,1615,No
220000,Female,3,2,40,0,0,0,2,0,0,197139,166221,178594,174330,179525,184562,6500,15000,0,8000,8000,15000,No
220000,Female,2,2,41,0,0,0,0,0,0,119951,122336,126415,127447,129983,132727,4375,6047,4622,4652,4838,4838,No
210000,Female,3,2,36,2,0,0,0,0,0,420522,203447,206683,99411,63322,73433,16000,6549,4500,2407,12700,3200,No
200000,Female,2,1,34,0,0,0,0,0,0,5481,6430,4494,4771,9454,8595,1068,1140,1000,5000,3000,3000,No
60000,Female,2,1,44,1,2,0,0,0,0,61049,57244,47551,36795,30596,28354,0,2400,2100,1300,1300,1300,No
430000,Female,2,1,37,0,0,0,0,0,0,17800,18175,11153,11073,2853,3177,2003,2000,1030,2350,2000,1150,No
50000,Female,2,1,35,0,0,0,0,0,0,48658,50709,36114,23706,20166,19930,3000,2000,3005,700,1000,1000,No
500000,Female,1,2,38,-2,-2,-2,-2,-2,-2,2937,5242,17840,11303,6943,16409,5242,17840,11642,6943,16409,3362,No
340000,Female,1,2,37,0,0,0,0,0,0,334125,335778,343792,301895,198944,197439,13562,15000,12000,8120,7720,4000,No
80000,Female,3,1,40,-1,2,-1,-1,-1,-1,780,390,390,25190,390,390,0,390,25190,390,390,9278,Yes
230000,Female,1,1,41,0,0,0,0,0,0,54598,48568,43140,34039,26622,11891,1528,1538,1777,1160,1500,1000,No
260000,Female,2,1,40,-1,-1,-1,-1,-1,0,411,209,217,613,2339,1474,209,217,613,2339,0,1254,No
120000,Female,2,1,34,0,-1,-1,-1,-1,-1,8505,4086,6389,4520,8708,1520,4086,6389,4520,8708,1520,1520,No
110000,Female,2,1,39,0,0,0,0,0,0,102801,104907,108107,96213,68003,52684,3818,4955,3446,3000,3000,4000,No
200000,Female,2,1,46,0,0,0,0,0,0,106651,103173,104137,103422,95206,65108,3692,5000,3300,2500,2930,1500,No
80000,Female,3,1,46,0,0,-1,2,-1,-1,25505,14696,1278,1107,16634,2136,1000,2278,0,17000,2500,0,Yes
420000,Female,3,2,35,0,0,0,0,0,0,65958,63715,62201,56125,49114,47563,3500,3002,2200,1700,1800,1700,No
50000,Female,1,1,38,0,0,0,2,0,0,10379,11200,14568,14008,14827,19297,1000,3560,0,1000,4656,712,Yes
30000,Female,2,1,39,2,2,0,0,0,0,31207,30399,30147,29366,29555,29793,0,2000,1500,1010,1055,1089,Yes
210000,Female,3,1,40,0,-1,-1,-1,-1,-1,2616,7537,6730,3447,16220,5566,7537,6730,3447,16220,7564,2632,No
240000,Female,1,1,33,0,0,0,0,0,0,214361,218626,223329,227820,227154,231935,7830,8231,8332,8187,8500,8029,No
390000,Female,2,1,37,0,0,0,0,0,0,175363,164292,144731,145140,130727,131619,5551,5358,5500,5000,20000,10000,No
30000,Female,2,2,33,-2,-2,-2,-2,-2,-2,498,4831,477,8560,1550,955,4831,477,8561,1550,955,570,No
50000,Female,3,1,37,-1,2,0,0,0,0,2564,2378,4167,5438,6193,6939,0,2000,1500,1000,1000,1000,No
70000,Female,2,1,49,0,0,0,0,0,0,64049,66079,67488,58246,48859,46688,3700,3100,2200,1600,1850,1800,Yes
470000,Female,1,1,37,0,0,0,0,0,0,163000,160298,135683,128719,116173,104283,10047,5001,6010,4512,4012,3522,No
120000,Female,2,1,38,2,2,2,2,2,2,63700,65069,66450,67373,68186,68959,3000,3000,2600,2500,2000,3000,Yes
390000,Female,2,1,33,-1,-1,-1,-1,-1,-1,8243,4610,7599,2947,86790,3628,4644,7677,2947,87476,3639,7769,No
50000,Female,3,1,48,1,2,0,0,0,0,49621,46863,46153,45284,23653,20733,0,2010,1807,812,743,844,Yes
50000,Female,3,1,39,0,0,0,0,0,0,48694,46514,47771,43739,29090,24317,1803,2060,2025,1375,1035,900,No
140000,Female,1,2,32,0,0,0,0,0,0,112933,114564,118713,121248,123232,126242,5000,6000,6000,5500,5000,6000,No
160000,Female,1,1,40,-2,-2,-2,-2,-2,-2,0,3843,1876,4493,5929,2973,3843,1891,4520,5950,2979,5188,No
20000,Female,2,1,31,0,0,0,0,-2,-2,5500,8360,6000,0,0,0,3000,1000,0,0,0,0,No
80000,Female,2,1,47,0,0,0,0,0,0,2795,3807,4595,5172,5278,3206,1067,1121,1000,106,64,1000,No
40000,Female,2,2,24,1,3,2,2,0,0,24171,23498,24235,23557,24025,24528,0,1400,0,850,880,884,Yes
180000,Female,1,2,28,0,0,0,0,0,0,131007,131632,136239,138116,135246,130436,5000,7000,6500,5000,5000,5000,No
300000,Female,4,1,41,-1,-1,-1,-1,0,-1,3399,0,4358,862,862,287,0,4358,862,0,287,5159,No
220000,Female,1,2,29,3,3,2,2,2,0,4695,4488,4283,5807,5568,5827,0,0,1587,0,500,586,Yes
80000,Female,1,2,27,0,0,0,0,0,0,35303,36215,37330,38407,39168,40037,1800,2000,2000,1700,1650,3200,No
290000,Female,1,2,27,-2,-2,-2,-2,-2,-2,-4,-4,853,0,71,-73,0,857,0,71,0,14688,No
360000,Female,1,2,28,0,0,-2,-1,0,-1,5446,-8,-8,4635,3875,1034,0,0,4643,1019,1039,984,No
500000,Female,2,1,32,-1,0,0,-1,-1,-2,26455,12229,989,2008,-59,11835,7060,1003,2018,59,11894,2,No
430000,Female,1,2,34,1,2,0,0,2,0,14965,11576,14099,15128,14647,16317,0,3000,3500,0,2000,2000,No
280000,Female,3,2,35,0,0,-1,0,0,0,5716,0,105082,105908,98380,93649,0,105082,4172,3408,3489,5295,No
150000,Female,1,1,28,0,-1,-1,-1,-1,-1,58322,36865,32311,12791,390,1508,36865,32311,12956,390,1508,2224,No
110000,Female,3,2,27,0,0,0,0,0,0,105979,108403,109172,111940,108594,111239,5340,4000,4600,4000,4450,4100,No
150000,Female,3,2,30,0,0,0,0,0,0,24523,22224,20880,17305,16094,18516,2029,3030,3118,3003,3040,2050,No
120000,Female,1,1,39,-1,0,0,0,0,0,32598,51662,30285,24879,29479,27553,20092,10000,6000,5000,7553,14587,No
500000,Female,1,1,44,0,-1,-1,0,0,0,329570,71921,367979,294969,189612,128459,72001,368199,6486,234,90,167116,No
270000,Female,2,2,28,0,0,0,0,0,0,38875,38589,27846,21787,16429,5488,6000,2000,1200,330,2000,8258,No
50000,Female,2,2,29,0,0,0,0,0,0,24399,23495,22611,14174,10809,9004,4000,5000,4000,3000,1000,3000,No
300000,Female,3,2,30,2,2,2,2,2,2,131957,134790,137637,138886,140116,147715,6500,6500,5000,5000,10000,7000,No
140000,Female,2,2,30,0,0,0,0,0,0,97288,98068,98098,97055,97035,101525,4400,4500,3500,3500,8000,500,Yes
170000,Female,1,2,32,-1,-1,-1,-1,-1,-1,6699,2999,4896,68,2761,2673,2999,4904,68,2761,2673,1861,No
320000,Female,2,1,35,0,0,0,0,0,0,158942,155925,126767,114110,109637,95850,5057,4606,5800,3375,3324,2500,No
200000,Female,3,1,39,-1,0,0,0,0,0,145687,146519,144315,130807,124688,122518,7627,4631,5066,5033,5007,5125,No
50000,Female,2,1,31,-2,-2,-2,-2,-2,-2,0,323,0,0,0,0,323,0,0,0,0,0,No
120000,Female,2,1,32,0,0,0,0,0,0,37981,36149,37179,38500,38955,39926,1586,1616,1937,1392,1596,1684,No
150000,Female,1,2,40,-2,-1,-1,-1,-1,-1,798,2305,1036,5022,3938,316,2309,1036,5048,3946,316,314,No
200000,Female,1,2,27,0,0,0,0,0,0,62574,63814,65265,66234,62356,55080,2278,2473,2161,2075,1973,2000,No
110000,Female,1,1,30,0,0,0,0,0,0,49069,14241,15205,16267,53869,54138,1600,1500,1400,38002,1415,1010,No
50000,Female,2,1,35,3,2,0,0,0,0,50437,49317,42052,22679,19099,19648,0,2000,1500,1000,1000,1000,No
50000,Female,3,1,42,0,0,0,0,0,0,13562,14821,16657,17863,16811,16802,1500,2500,1518,1000,2000,1000,No
50000,Female,2,1,46,2,3,3,2,0,0,64350,63192,57205,54371,19946,17406,5000,0,0,613,573,593,Yes
110000,Female,2,1,30,0,0,0,0,0,0,101706,102946,104260,104162,104754,105707,3687,3850,3670,3662,4000,3795,No
160000,Female,1,2,32,-2,-2,-2,-2,-2,-2,6919,2384,3642,9889,4473,5375,2389,3642,9889,4473,5591,4951,No
20000,Female,2,2,43,-1,2,0,0,0,0,6483,6233,7254,8106,8418,8440,0,1283,1135,447,306,307,Yes
200000,Female,2,1,48,0,0,0,0,0,0,93713,59223,50290,49771,92192,90772,1866,1762,1827,53248,3293,3314,No
460000,Female,1,1,45,-1,-1,-1,-1,-1,-1,184,1899,1819,1572,237,1572,1904,1819,1572,237,1572,230,No
50000,Female,3,2,43,2,-1,-1,-1,-1,-1,344,5036,1780,5808,390,780,5128,1780,5808,390,780,0,No
80000,Female,2,2,35,0,0,0,0,0,0,28590,27635,26808,27680,26658,27324,1500,1600,3400,1300,3000,2000,No
180000,Female,1,1,40,-1,-1,-1,-1,-1,-1,15118,6041,1459,2178,2634,968,6047,3262,2178,2634,968,2432,No
440000,Female,2,2,39,0,0,0,0,0,0,431557,743970,423621,385873,364175,376228,18174,20341,13005,15410,72000,14500,No
300000,Female,2,2,31,-2,-2,-2,-2,-2,-2,188,188,585,207,0,0,188,585,207,0,0,378,No
180000,Female,2,2,33,-1,-1,-1,-1,-1,-1,437,0,437,0,4013,0,0,437,0,4013,0,1518,Yes
80000,Female,2,2,47,-1,2,-1,-1,0,-1,3598,2464,7156,2099,915,915,2,7156,2099,0,915,1065,No
20000,Female,2,1,41,1,2,2,0,0,0,10774,11596,11119,12429,12370,12659,1300,0,1502,443,489,2961,Yes
310000,Female,1,1,36,0,0,0,0,0,0,101941,71874,70459,72958,55547,30970,3016,3031,10091,1429,1500,10207,No
20000,Female,2,1,42,2,0,0,0,0,0,15552,16560,17278,18289,18653,19195,1575,1293,1304,668,843,853,Yes
480000,Female,1,1,38,0,0,0,0,0,0,29414,33482,37501,41399,35489,33081,5002,5002,5031,1006,986,986,No
90000,Female,2,1,33,0,0,0,0,2,2,75451,76395,79168,84904,87914,90043,2800,4000,8000,5348,3700,3128,No
310000,Female,1,2,35,-1,0,0,0,-1,-1,27089,37919,40136,31242,18962,9950,20000,21890,15000,9481,19900,0,No
310000,Female,1,1,35,0,0,0,0,0,0,143072,153378,176904,174117,125526,108107,30000,30000,10054,10000,10000,5000,No
200000,Female,2,1,34,0,-1,-1,2,-1,-1,7026,3815,4864,1958,805,3046,6599,5748,1958,805,3100,1311,No
100000,Female,2,1,34,-1,2,2,-1,-1,-1,246,246,123,7286,123,123,123,0,7286,123,123,123,Yes
100000,Female,3,1,35,0,0,0,0,0,0,79277,80928,81284,71748,67577,68217,3580,3439,2474,2400,2500,2523,No
370000,Female,2,1,35,0,0,0,0,0,0,201666,200757,192231,187486,191019,186529,7094,8500,6983,6500,7150,7000,No
60000,Female,3,1,46,0,0,0,0,0,0,58584,59250,52413,44436,28098,26749,2700,2219,1727,1120,1500,1100,No
50000,Female,2,2,39,2,2,0,0,0,0,50932,49799,47652,49336,28390,28985,0,2098,2782,936,971,874,No
280000,Female,1,2,35,0,0,0,0,0,0,92095,173354,193994,195250,204850,86279,83959,28869,13000,10000,5279,6160,No
90000,Female,3,1,46,0,0,0,0,0,0,5965,6978,8152,9009,9359,9460,1120,1293,1150,500,400,400,Yes
360000,Female,3,2,45,-2,-2,-2,-2,-2,-2,0,700,0,0,1526,0,700,0,0,1526,0,0,No
100000,Female,3,1,47,0,0,0,0,0,0,139550,70620,70000,70298,69677,69672,3500,2600,3000,2500,2500,2500,No
230000,Female,5,2,40,-2,-2,-1,-1,0,0,0,0,150,1528,3028,4117,0,150,1528,1500,1500,4000,No
180000,Female,2,1,44,-1,-1,-1,-1,-1,-2,108,131,550,99,0,0,131,550,99,0,0,0,No
150000,Female,3,1,48,0,0,-1,-1,-1,-1,9730,0,1366,1388,3118,1148,0,1366,1388,3118,1148,496,No
240000,Female,1,1,37,0,0,0,0,0,0,86701,90251,92900,93876,91678,94280,5000,5000,3511,4000,4000,4000,No
110000,Female,2,1,42,0,0,0,2,2,0,5174,6184,8383,8394,7709,8084,1106,2393,300,0,500,500,No
180000,Female,1,2,36,-1,-1,-1,0,0,0,980,960,20924,65041,50983,48533,960,20964,50988,110,971,1677,No
50000,Female,2,1,42,0,0,0,0,0,0,41836,26598,14487,16233,18543,20240,6000,2000,2000,3000,2000,2000,No
170000,Female,3,2,44,-2,-2,-2,-2,-2,-2,0,0,0,0,0,0,0,0,0,0,0,0,No
120000,Female,1,1,42,0,0,0,0,0,0,112237,114467,116900,119228,121805,115463,4097,4278,4308,11540,5685,4390,No
240000,Female,2,1,40,-1,-1,-1,-1,-1,-1,390,390,390,390,232,540,390,390,390,232,698,390,No
290000,Female,2,1,35,1,-1,-1,-1,0,0,0,1839,1750,19117,12693,28468,1839,1750,19117,400,2000,3496,No
170000,Female,1,2,40,-2,-2,-1,0,0,0,-3549,-8964,157499,160946,50228,53525,4557,168499,12008,3000,4000,10000,No
230000,Female,1,1,46,-2,-2,-2,-2,-2,-2,4957,9463,7697,5308,2048,6283,9467,7697,5308,2048,6283,18157,No
180000,Female,1,2,38,-2,-2,-2,-2,-2,-2,0,0,0,0,0,0,0,0,0,0,0,0,No
260000,Female,1,1,41,1,-1,-1,-1,-1,-1,0,5848,0,8839,62140,6647,5848,0,8839,62140,6647,7573,No
90000,Female,2,1,41,0,0,0,0,0,0,61287,62678,63198,61633,62837,69422,3021,4236,3000,2000,7000,0,No
520000,Female,1,2,35,0,0,0,0,0,0,57536,60912,56728,55758,57911,54152,5000,7000,5000,5004,5000,5000,No
50000,Female,3,1,40,0,0,0,0,0,0,48489,49495,50866,48390,17953,23,1813,2184,1248,359,0,20706,Yes
320000,Female,1,1,45,1,-2,-2,-1,-1,-1,0,0,0,370,9301,0,0,0,370,9301,0,0,No
60000,Female,3,1,42,0,0,2,2,2,0,26536,26443,18486,19077,18487,18429,5000,0,3000,2,1000,1000,No
180000,Female,2,1,39,-1,-1,0,-1,0,0,2569,11662,11867,8111,6312,3739,11662,6003,8111,273,3739,6547,No
290000,Female,2,2,43,-1,0,0,0,0,0,170373,168738,103299,104583,106447,104045,5007,3500,3500,4000,4000,5000,No
300000,Female,2,1,40,-2,-2,-2,-2,-2,-2,0,0,2454,217960,0,0,0,2454,218000,0,0,179999,No
220000,Female,1,1,47,-1,-1,-1,-1,-1,-1,3148,4206,30770,949,3359,619,4206,30775,949,3359,619,6641,No
70000,Female,2,1,32,0,0,2,2,2,2,15623,18370,19281,18674,21361,21872,3009,1500,0,3000,1000,0,Yes
150000,Female,3,1,40,-2,-2,-2,-2,-2,-2,0,0,0,0,0,4095,0,0,0,0,4095,0,No
80000,Female,2,1,40,-1,-1,0,-1,-1,-1,3463,5143,8351,3234,1819,1909,5143,6458,3917,1819,2299,1909,No
10000,Female,3,1,41,-1,2,-1,-1,2,2,1838,1651,172,2034,2069,1891,0,179,2034,214,0,283,Yes
280000,Female,2,1,46,0,0,0,0,0,0,34433,34763,25048,24116,50483,47056,1383,1647,1004,41551,2056,1670,No
450000,Female,2,1,43,-1,-1,-1,-1,-1,-1,1448,6018,10402,6110,7848,14279,6018,10426,6110,7848,14279,20723,No
230000,Female,2,2,34,-2,-2,-2,-2,-2,-2,1716,1518,909,-1307,-3237,-5459,1518,1000,0,0,0,0,No
320000,Female,1,2,35,-2,-2,-2,-2,-2,-2,0,0,2500,0,0,0,0,2500,0,0,0,0,Yes
200000,Female,2,1,42,0,0,0,0,0,0,25897,33587,46126,63720,80736,93354,10000,15000,20000,20000,15000,20000,No
50000,Female,3,1,31,0,0,0,0,0,0,29731,30329,26823,27454,27286,27858,1500,1500,1500,1000,956,1000,No
30000,Female,3,1,47,1,2,2,2,0,0,13012,13502,13892,14369,15333,16289,1000,900,1000,1200,1200,1200,No
260000,Female,1,2,36,-1,-1,-1,0,0,0,5160,0,15362,21068,27669,32202,0,15362,10000,7000,5000,5000,No
210000,Female,2,1,42,-2,-2,-2,-2,-2,-2,7065,1459,1835,2396,0,0,1459,1835,2396,0,0,0,No
290000,Female,2,2,41,-1,0,0,0,0,0,32192,32595,14688,17105,18875,21304,2500,13500,3000,3000,3000,2000,No
20000,Female,3,1,41,0,0,2,0,0,0,6667,8989,8685,7698,8425,7900,2600,0,1300,1000,286,505,No
100000,Female,3,1,45,3,2,2,2,-1,-1,94471,92058,97624,94316,2065,0,0,8806,0,2065,0,0,Yes
230000,Female,2,1,40,0,0,0,0,0,0,33907,35038,36574,36985,37701,30735,2000,2100,1500,1000,1000,1000,No
300000,Female,1,1,36,0,0,0,0,0,-1,28292,28686,29052,16662,9187,3617,1583,1364,1042,402,3631,7796,No
20000,Female,2,2,33,2,0,0,0,0,0,19946,18694,17228,16923,10467,10526,1593,1340,1171,402,600,538,Yes
30000,Female,3,1,42,0,0,0,2,2,2,21969,23306,27851,27098,29866,29276,1706,5251,0,3519,0,1368,Yes
170000,Female,2,2,43,1,-1,-1,-1,-1,-1,0,1010,970,290,590,1222,1010,970,290,590,1222,0,No
200000,Female,2,1,46,-1,2,2,-1,-1,2,2893,2881,1436,1261,2849,1438,1436,0,1261,2849,0,1261,Yes
50000,Female,3,2,46,0,0,0,0,0,0,47788,48885,49273,40385,36901,29263,2201,2250,1509,1329,1300,1200,No
60000,Female,2,1,32,0,0,0,0,0,0,59274,59240,59631,58105,57194,60650,2131,2133,2050,2191,5300,0,No
220000,Female,2,2,35,-2,-2,-2,-2,-2,-2,3327,-17,2706,0,0,92472,0,2723,0,0,92472,10000,No
20000,Female,3,1,43,0,0,0,0,0,0,14959,32006,17139,17979,18518,15243,1600,1700,1500,1000,1000,1780,No
70000,Female,2,2,33,0,-1,0,0,0,0,9286,2748,4689,6569,4909,0,2748,2000,2009,2000,0,0,No
380000,Female,1,1,43,0,0,0,0,0,0,121868,114627,102551,101323,84087,86661,6000,5000,5000,5000,5000,5000,No
30000,Female,3,1,48,0,0,0,2,0,0,36956,35422,35714,32193,29979,28191,1553,3345,0,1000,1000,1000,No
200000,Female,2,2,35,1,-1,2,-1,0,0,-3258,7244,3498,10494,6996,3498,14000,0,10494,0,0,16248,No
80000,Female,2,2,36,1,2,2,2,0,0,81606,154026,82385,79795,48999,48161,0,7600,5,2000,2000,2000,Yes
150000,Female,2,2,38,0,0,0,0,0,0,26495,24906,6763,6581,6733,6882,1291,1101,1098,250,247,300,No
210000,Female,2,1,40,0,0,0,0,0,0,111508,113753,116845,113571,105052,104167,4100,5000,4009,3500,4000,5000,No
70000,Female,3,1,43,2,0,0,0,0,0,46092,40094,39610,31047,27431,16693,1700,1700,1243,1000,500,1000,No
280000,Female,2,2,38,0,0,0,0,0,0,92579,94451,96041,98301,74624,75173,4300,4000,4033,3000,3300,3500,No
140000,Female,2,1,35,-1,-1,-1,-1,-1,-1,326,326,6410,4246,326,326,326,6736,4246,326,326,502,No
200000,Female,4,1,44,-2,-2,-2,-2,-2,-2,0,1904,0,0,0,2206,1904,0,0,0,2206,686,No
170000,Female,2,2,40,0,0,0,0,0,0,117338,116936,115762,101581,100182,99565,4211,4002,4006,3412,3486,4000,No
50000,Female,2,1,49,1,2,2,2,0,0,19208,19608,22608,21951,22287,22778,1000,3321,0,1000,1000,1001,No
90000,Female,2,1,32,0,0,-2,-1,-1,-2,4857,-43,-43,968,4385,17889,0,0,1011,4385,17889,9455,No
130000,Female,1,1,33,0,0,0,0,0,0,63505,64121,66351,73399,71007,71253,5000,5000,10000,3000,3000,3228,No
250000,Female,1,1,40,2,2,2,0,0,0,170489,181700,177530,181147,184784,195574,13926,0,6408,6478,13629,0,No
490000,Female,1,1,37,1,2,0,0,0,0,18961,11232,19173,20400,27979,27622,0,9173,5400,7979,7622,0,No
200000,Female,1,1,43,1,-1,-1,-2,-2,-1,0,601,0,0,0,259,601,0,0,0,259,150,Yes
200000,Female,2,1,42,0,0,0,0,0,0,192821,196113,202774,176737,147151,148866,8000,10120,6500,5500,7000,6000,No
100000,Female,2,1,30,2,-1,-1,0,0,0,736,1237,40476,41408,36362,34213,1237,43757,2005,1500,2000,2000,No
280000,Female,1,2,31,-1,-1,-1,-1,-1,-1,14697,4492,1415,15251,316,316,4501,2343,15289,316,316,3179,No
290000,Female,1,2,34,0,0,0,0,0,0,21849,9318,7964,10335,12000,13463,1500,2016,5000,2000,1463,3365,No
160000,Female,5,1,45,0,0,0,0,0,0,151214,154669,154102,149903,148435,158498,6000,5500,7000,6000,12500,6500,No
130000,Female,2,1,49,0,0,0,0,0,0,53714,55404,56566,57139,58300,59523,2570,2650,2100,2100,2150,3000,No
20000,Female,2,2,46,0,0,0,0,0,0,15717,16724,18051,18759,19132,19684,1276,1603,1311,684,860,874,No
70000,Female,2,1,38,1,2,0,0,2,0,73688,70254,71281,73229,71426,68911,0,2800,6500,0,2821,5500,Yes
230000,Female,1,1,47,-2,-2,-2,-2,-2,-2,-96,2935,2889,17978,9462,8134,3031,2889,17993,9468,8949,3915,No
420000,Female,1,2,34,0,0,0,0,-1,-1,19406,17791,11796,3089,4624,210,6000,1600,1000,4641,210,3523,No
140000,Female,1,1,34,0,0,0,0,0,0,22848,24459,26254,27728,28047,29315,2000,2000,2000,1000,1500,2000,No
30000,Female,3,1,26,0,0,0,-1,0,0,27217,24346,9237,5881,29083,23795,1179,1361,5921,23665,566,213,No
50000,Female,2,2,27,1,2,0,0,2,2,51176,48900,48854,50243,51187,47551,0,2200,3700,2000,0,2000,Yes
430000,Female,2,2,27,0,0,0,0,0,0,401298,433835,399755,357082,363968,346718,40000,15140,15000,12565,15000,13000,No
260000,Female,3,1,41,0,-1,-1,0,0,0,2472,8160,4549,5502,3487,5416,8160,4549,1056,139,2000,381,Yes
100000,Female,2,1,33,1,2,2,2,2,2,12560,16103,11166,10099,10861,9932,0,4250,0,1209,0,1000,No
160000,Female,2,1,39,0,0,-2,-2,-1,-1,106260,0,0,0,390,86188,0,0,0,390,86188,3272,No
260000,Female,1,1,38,-2,-2,-2,-2,-2,-2,0,0,0,0,0,0,0,0,0,0,0,0,No
200000,Female,2,1,33,0,0,0,0,0,0,23870,25168,26451,27437,29401,31939,2000,2000,1437,2401,3000,6000,No
450000,Female,1,2,34,-2,-2,-2,-2,-2,-2,1494,538,3218,0,429,168,538,3218,0,429,168,168,No
390000,Female,2,1,34,0,-1,-1,-1,-2,-2,1162,759,695,-448,-1228,-1228,759,699,115,712,0,235,No
390000,Female,1,1,35,-1,0,-1,-1,-1,-1,43098,55068,15216,16659,35241,14216,42000,15224,16659,35241,14216,72944,No
40000,Female,2,1,38,0,0,0,2,0,0,37539,38132,41217,40255,39135,37235,2000,4000,0,1700,3000,0,Yes
100000,Female,3,1,39,1,-1,-1,-1,-1,-1,-5,580,2207,630,540,0,585,2207,630,540,0,0,No
50000,Female,2,2,42,0,0,-1,0,0,0,37606,17971,10812,12237,13057,15057,3000,15000,2000,2000,2000,0,No
40000,Female,2,1,38,0,0,0,0,0,0,40125,38809,36485,28152,22161,19789,2006,2002,1603,1000,2000,0,No
350000,Female,1,2,46,-1,-1,-1,-2,-2,-2,5372,12179,0,0,0,0,12277,0,0,0,0,0,No
360000,Female,1,1,37,-1,-1,-1,-2,-2,-2,1568,2500,0,0,0,0,2500,0,0,0,0,0,No
200000,Female,2,2,36,0,0,0,0,0,0,9738,10749,11773,12784,13039,13314,1177,1201,1212,467,485,1147,Yes
230000,Female,1,2,38,-2,-2,-2,-2,-1,0,2581,2929,6966,1935,6665,11254,2929,6966,1935,6665,8000,15941,No
230000,Female,2,1,42,-2,-2,-2,-2,-2,-1,7906,2131,5733,4292,4694,4709,2138,5756,4303,4711,4741,6037,No
500000,Female,1,2,31,1,-1,-1,-1,-1,0,29091,5763,15673,9393,69526,37940,5763,15691,9393,69526,5000,20000,No
230000,Female,2,1,32,0,0,0,0,0,0,198704,202217,204255,207347,51134,50222,10000,10000,10000,50000,2000,2000,No
340000,Female,1,2,34,0,0,0,0,0,0,332916,340159,73004,72338,58935,123936,14600,3035,1958,2819,100000,3000,No
20000,Female,1,1,47,0,0,0,2,0,0,13963,15227,17968,17382,18094,19399,1500,3000,0,1000,1600,0,Yes
20000,Female,3,1,48,0,0,0,0,0,0,14203,15215,16544,17250,17604,19993,1252,1581,1287,641,2684,0,No
310000,Female,3,1,35,0,0,0,0,0,0,83719,81138,87523,77902,82165,97298,5000,18088,5500,6300,17300,25500,No
160000,Female,2,1,36,-1,-1,-1,-1,-1,-1,2054,1949,2562,8582,2758,0,1950,2562,8582,2758,0,4163,No
230000,Female,3,1,41,-2,-2,-2,-2,-2,-2,34578,495,502,944,5814,965,495,502,950,5820,965,1028,No
200000,Female,1,2,40,-1,-1,-2,-2,-1,0,7277,-6,-6,3044,4412,3412,6,0,3050,4412,0,0,No
120000,Female,2,1,42,0,0,0,0,0,0,114740,113994,113989,115225,116511,112823,4038,5000,4000,5000,4000,5000,No
350000,Female,2,2,37,0,0,0,0,0,0,336061,343205,351794,357090,342253,276516,12701,14100,12109,11482,11841,115165,No
170000,Female,2,1,32,1,2,-1,-1,0,0,9990,4647,1399,6548,1399,0,0,1399,6548,0,0,0,Yes
240000,Female,3,2,35,0,0,0,0,0,-1,18086,11226,7899,8072,728,24511,1133,1124,2000,728,24709,1972,No
100000,Female,2,1,49,1,-2,-2,-2,-2,-2,0,0,0,0,0,0,0,0,0,0,0,0,No
410000,Female,2,1,41,2,0,0,0,0,0,348559,354506,363666,369776,368779,369358,13000,14600,15500,14000,13580,14000,Yes
200000,Female,3,1,42,-1,-1,-1,2,-1,0,390,742,4352,390,780,390,742,4000,0,780,0,1757,No
60000,Female,2,1,45,0,0,0,0,0,0,59998,59702,61188,57459,26551,24901,2152,2464,1462,847,1007,3004,No
400000,Female,2,1,44,-2,-2,-2,-2,-2,-2,0,804,11192,0,0,0,804,11242,0,0,0,0,No
380000,Female,1,1,40,-2,-2,-2,-2,-2,-2,12839,11097,10933,62602,6408,16791,11212,10933,62602,150000,16791,5777,No
210000,Female,2,2,43,-2,-2,-2,-2,-2,-2,3577,1003,0,0,0,0,1003,0,0,0,0,150,No
500000,Female,1,2,45,-1,-1,-1,0,-1,-1,290,5640,52858,151479,29343,2355,5692,52858,100756,29488,2365,8762,No
100000,Female,2,1,42,2,2,0,0,0,0,91534,88637,90169,84714,69482,70226,0,4458,2973,2606,2696,2695,Yes
80000,Female,2,2,31,-1,-1,-1,-1,-1,-1,1068,0,100,0,1050,-150,0,100,0,1050,0,0,Yes
200000,Female,1,2,33,0,0,0,0,0,0,77670,80051,80906,82088,81564,87241,6782,5000,4000,3000,9000,4000,No
260000,Female,2,2,31,0,0,0,0,0,0,69957,72727,73562,65954,30948,0,3945,2764,5431,633,0,0,No
310000,Female,2,2,31,0,0,0,0,0,0,309080,314220,288581,294745,301286,306515,11900,12000,12500,12930,12000,13500,No
500000,Female,3,2,40,0,0,0,0,0,0,212961,264961,237006,139311,128095,181304,63000,20078,30141,30000,60000,50000,No
30000,Female,1,1,49,-2,-2,-2,-2,-2,-2,3340,0,1220,480,0,174,0,1220,480,0,174,1162,No
160000,Female,2,1,45,-1,-1,-1,-1,-1,-1,3650,1650,5650,3300,1650,1650,1650,5650,3300,1650,1650,1650,No
350000,Female,2,1,44,0,-1,-1,-1,-1,-1,110472,100849,5800,369718,2000,5910,100957,5800,371718,2180,5910,6000,No
350000,Female,1,1,44,-1,-1,-1,-1,-1,0,4025,2820,3094,0,330,330,2820,3094,0,330,0,1240,Yes
50000,Female,0,1,40,0,0,0,0,0,0,44749,46229,46798,47647,40500,41921,2229,2298,2100,2500,1921,8432,No
30000,Female,2,2,44,0,0,0,0,0,0,9725,10766,12070,11973,10166,7966,1200,1500,2000,1166,3500,1500,No
110000,Female,2,2,31,0,0,0,0,0,0,98531,99593,100093,90437,75701,77013,3577,3680,3030,2701,2674,2669,Yes
320000,Female,2,1,34,0,0,0,0,0,0,3825,3835,6746,9472,11777,14282,3000,3000,3000,3000,3000,4000,No
80000,Female,1,2,34,-1,2,-1,-1,-1,-1,652,326,326,326,326,326,0,326,326,326,326,326,Yes
40000,Female,3,1,42,0,0,0,0,0,0,40285,40024,39706,36431,37154,37306,1658,1601,1587,1310,1510,2000,Yes
330000,Female,2,1,39,1,-1,-1,-1,2,-1,0,1380,0,404,404,24420,1380,0,404,0,24420,480,No
160000,Female,3,1,36,-2,-2,-2,-2,-2,-2,170,1062,0,0,0,0,1062,0,0,0,0,0,No
210000,Female,2,1,49,-1,-1,-1,-1,-1,-1,11790,2230,390,3470,390,2140,2230,390,3470,390,2140,780,No
50000,Female,2,1,36,0,0,0,0,0,0,26277,25371,22790,23372,22216,19586,1700,1800,1300,1000,1000,900,No
50000,Female,3,2,49,0,0,2,0,0,0,46468,50669,48701,49066,30177,29274,5000,0,2500,1151,1156,1052,Yes
120000,Female,1,2,36,0,0,0,0,0,0,71199,71993,73652,75482,76686,47781,2574,2816,3200,2911,1800,2000,No
150000,Female,1,1,45,-2,-2,-1,2,2,-2,882,258,629,349,2825,2240,258,629,3,2825,0,2011,No
100000,Female,2,2,31,-1,-1,0,0,0,0,960,4348,73689,76148,77254,78967,4348,70000,4000,3000,3000,3000,No
50000,Female,2,2,31,2,2,2,2,-2,-1,50539,50017,48310,420,560,29793,1000,0,420,560,29793,0,No
240000,Female,1,2,36,0,0,2,0,0,2,176035,196664,192140,194357,205637,202417,25228,0,6947,14402,33,7167,No
230000,Female,1,1,39,1,-2,-1,-1,-1,-2,0,0,181,2680,0,0,0,181,2680,0,0,0,Yes
290000,Female,2,1,45,0,0,0,0,0,0,36335,36085,35225,35711,35381,34468,1564,1594,1840,1378,1245,1388,No
230000,Female,1,1,42,-1,-1,-1,-1,-2,-2,7338,-15,4685,1925,2347,0,15,4700,1925,2347,0,0,No
360000,Female,1,1,39,1,-2,-2,-1,0,-1,-390,-390,-390,10872,10540,2203,0,0,11652,358,2203,390,No
320000,Female,2,1,38,0,0,0,0,0,0,129416,129575,125866,130067,131128,124469,4836,4919,6246,4395,4524,4850,No
360000,Female,2,1,45,0,0,-2,-2,-1,-1,12040,0,0,0,150,1728,0,0,0,150,1728,0,No
90000,Female,1,1,38,0,0,0,0,0,2,85376,86326,88122,62706,53612,40963,4326,4322,2706,3575,0,1670,No
500000,Female,1,2,34,-1,-1,-1,-1,0,-1,4677,6187,4775,31188,5827,3637,6187,4775,31188,0,4119,7390,No
210000,Female,2,1,36,0,0,0,0,0,0,91801,93039,101393,89894,75652,54329,4000,10023,3047,2007,2086,2011,No
90000,Female,2,1,39,0,0,0,0,0,0,45406,47337,48575,49667,51119,23344,3000,2000,2000,2000,2000,1087,No
80000,Female,3,1,44,2,0,-1,-1,-1,0,31023,30390,390,390,780,780,1000,390,390,780,0,0,No
390000,Female,2,2,39,0,-1,-1,0,0,0,27918,3115,278505,288000,264214,266704,3145,278505,15000,9310,10000,9702,No
170000,Female,2,2,33,1,-2,-2,-2,-2,-2,-189,-189,-189,-189,-189,-189,0,0,0,0,0,0,No
300000,Female,3,1,37,0,0,0,0,0,0,85405,84922,84870,69725,54744,9234,3479,3319,2210,1095,1594,126463,No
30000,Female,3,1,38,-2,-2,-2,-2,-2,-2,1535,835,8927,5371,0,1996,835,8939,5480,0,1996,0,No
260000,Female,2,1,39,-2,-2,-2,-1,-1,-1,0,2399,1647,502,597,4222,2399,1647,502,597,4222,2117,No
500000,Female,1,1,44,-2,-2,-2,-2,-2,-2,2128,635,13258,4562,893,2030,635,13337,4562,893,2030,0,No
240000,Female,2,2,35,0,0,0,0,0,0,238887,222691,27627,161492,128496,197209,10000,3000,135050,5000,80000,8000,No
100000,Female,2,1,35,1,-2,-2,-2,-1,-1,0,0,0,0,4323,2000,0,0,0,4323,2000,0,No
180000,Female,1,1,45,0,0,0,0,2,0,16452,18472,20546,24956,24262,24782,2616,2690,5100,0,1058,2000,No
50000,Female,2,1,45,0,0,2,-1,0,0,3487,3159,213,3336,1863,390,1213,0,3336,0,0,390,No
200000,Female,2,1,35,0,0,0,0,-1,-1,27561,17365,9889,0,9002,728,5000,1015,0,9002,728,10000,No
20000,Female,3,1,45,0,0,0,2,0,0,17235,18253,20858,20202,18950,17709,1610,3215,0,780,640,1400,No
20000,Female,2,1,46,1,2,2,-1,0,-1,4426,2735,-211,1863,390,390,0,0,2253,0,390,1735,Yes
60000,Female,2,1,35,0,0,0,0,0,3,20163,21517,22860,25154,29387,30607,2000,2000,3000,5000,2000,6000,No
260000,Female,1,1,42,0,0,-1,-1,0,-1,16827,8606,3856,12996,8788,15104,1500,3856,13000,0,15104,16764,No
180000,Female,3,1,41,0,0,2,2,-2,-2,10324,10471,6566,2375,1911,1080,3744,0,2911,9,1080,990,No
210000,Female,1,2,44,-1,-1,-1,-1,-1,-1,4925,32767,6273,5651,9103,8660,32930,6975,5661,9109,8664,8917,No
270000,Female,2,1,36,0,0,0,0,0,0,73953,68207,55382,46629,28115,12847,5168,5010,2005,2000,2000,2000,No
370000,Female,1,1,36,-2,-2,-2,-2,-2,-2,2788,25790,3007,4246,3737,2290,25794,3007,4305,3737,2290,22259,No
200000,Female,1,2,35,-1,-1,-1,-1,-1,-1,467,2628,287,9471,985,4489,2700,1000,9500,1000,4500,1301,No
270000,Female,1,1,31,-2,-2,-2,-2,-2,-2,6181,12110,26069,36630,37390,19816,12140,26134,36650,37390,19816,5272,No
350000,Female,1,2,32,-1,-1,-1,-1,-1,0,11942,3236,7241,6800,5163,942,3252,7289,8495,5184,1,2,No
230000,Female,2,2,37,2,-1,2,2,-1,0,535,3881,2297,-3,3044,2424,3888,16,0,3047,12,0,No
260000,Female,1,1,31,0,0,0,0,0,0,263688,257381,260497,261593,264184,264598,8993,9501,9577,9584,10006,9269,No
400000,Female,1,1,32,-2,-2,-2,-2,-2,-2,3616,0,3328,3328,3828,4893,0,6656,3328,3828,4893,4687,No
180000,Female,2,2,36,-2,-1,-1,-1,-2,-2,0,1290,2985,0,0,0,1290,2985,0,0,0,0,No
220000,Female,1,1,41,0,0,2,0,0,0,138657,156689,150748,154481,156487,154870,22000,0,8000,7000,6500,5000,No
210000,Female,1,2,32,1,-2,-1,-1,-1,-1,-974,-974,20363,770,0,6138,0,21337,770,0,6138,0,No
240000,Female,2,1,32,1,-2,-2,-2,-2,-2,0,0,0,0,0,0,0,0,0,0,0,0,No
240000,Female,2,2,35,-2,-2,-2,-2,-2,-2,0,0,0,0,0,0,0,0,0,0,0,0,No
150000,Female,2,1,45,0,0,0,0,0,-1,60236,51815,39051,25960,12889,12890,6007,1566,1441,259,12891,12497,No
180000,Female,2,3,43,0,0,0,0,0,0,81147,172920,176711,127004,114179,129622,101522,10264,4598,9600,20000,5000,No
70000,Female,2,1,34,-2,-2,-2,-2,-2,-2,1533,3921,6389,0,0,0,3921,6405,0,0,0,0,No
60000,Female,3,2,43,0,0,0,0,-1,0,65349,61322,56414,47643,28208,27570,2300,2507,1000,28512,994,999,Yes
260000,Female,1,2,33,-2,-2,-1,-1,-1,0,1900,0,204,-810,2190,810,0,204,0,3000,0,0,No
130000,Female,1,2,32,0,0,0,0,0,0,58776,53702,43760,31540,23675,15841,2010,2037,1218,2182,1003,1001,No
150000,Female,2,1,32,-1,2,-1,0,0,0,3204,430,29425,30437,31123,28997,0,29425,2000,1528,1518,2000,No
70000,Female,2,1,33,1,2,0,0,0,0,51900,49307,48214,27572,26810,20541,0,1500,1300,1505,1000,1000,No
240000,Female,2,1,34,-1,-1,0,0,-1,-1,626,1921,20740,21274,888,360,1921,19000,2624,888,360,360,No
250000,Female,1,1,49,-1,-1,-2,-2,-1,0,1104,0,0,0,3000,1500,0,0,0,3000,0,3212,No
440000,Female,2,1,41,0,0,0,0,0,0,348397,356586,366049,262697,267922,274502,14006,19077,9518,9576,11083,12010,No
130000,Female,2,1,40,0,0,0,0,0,0,133559,129869,118032,95953,73970,107785,5400,6950,4600,4000,2000,2300,No
60000,Female,2,1,37,0,0,0,0,0,0,59462,60866,54007,52089,29397,29110,3000,2570,2202,1200,1100,1100,Yes
290000,Female,2,1,41,-1,-1,-2,-1,0,-1,2025,0,0,9194,9194,399,0,0,9194,0,399,9290,No
150000,Female,2,1,41,0,0,-1,-1,-1,-1,4474,3881,1207,1617,0,620,3000,2306,2610,0,620,0,No
240000,Female,2,1,37,-1,2,-1,-1,-1,0,1769,842,14015,0,1317,566,0,14015,0,1317,0,0,No
220000,Female,1,1,43,-1,-1,-1,-1,-1,-1,4009,1689,12370,12095,1832,4691,1689,12373,12099,1832,5001,10311,Yes
100000,Female,1,2,38,3,2,-1,-1,0,0,2156,1151,1151,35499,33051,36627,0,1151,35499,10000,6627,7000,No
200000,Female,1,1,39,-2,-2,-2,-2,-2,-2,5553,2294,359,0,353,342,2294,359,0,353,342,0,No
400000,Female,1,1,37,-1,0,-1,0,0,0,10677,31405,26717,25434,6973,9899,31008,26862,3000,2000,3000,0,No
500000,Female,1,1,47,-2,-2,-2,-2,-2,-2,3634,296,966,6675,-10,2055,299,1169,6708,0,2065,1133,No
230000,Female,1,1,45,-1,-1,-1,-1,-1,-1,6348,0,967,0,699,499,0,967,0,699,499,0,Yes
50000,Female,2,2,43,0,0,0,0,0,0,48474,48388,38972,47584,28055,28571,2334,1918,12530,1001,1035,1198,No
180000,Female,2,1,46,-1,-1,-1,-1,-1,-1,578,911,578,578,578,438,911,578,578,578,438,280,No
200000,Female,1,2,31,0,0,0,0,0,0,90708,58787,104382,91888,88267,85471,2768,48617,3243,3000,3233,3000,No
210000,Female,2,1,34,0,0,2,0,0,0,201223,214479,193598,178416,143879,125004,17580,0,7193,3500,4881,3679,Yes
170000,Female,3,2,33,2,0,0,0,0,0,170348,166348,162319,165592,167482,171106,7622,7354,7464,6127,6550,6100,No
350000,Female,1,1,42,-1,2,-1,-1,-1,-1,3931,2570,27036,1559,1962,3683,0,27036,1559,1962,3683,3074,No
360000,Female,3,2,41,-2,-2,-2,-2,-2,-2,3578,3658,3578,3578,3578,4268,3658,3578,3578,3578,4268,3578,No
230000,Female,1,1,36,-2,-2,-2,-2,-2,-2,0,1663,4777,1755,2442,2724,1663,4777,1763,2445,2727,17136,No
520000,Female,2,2,42,0,0,0,0,0,0,437492,405442,381086,353074,330171,324386,14710,14200,12300,11200,11200,11200,No
280000,Female,1,2,30,0,0,0,0,0,0,192045,195162,198105,202919,197380,201927,9300,9500,9509,7100,7800,8200,No
240000,Female,1,2,30,-1,-1,-1,-1,-1,0,3376,0,4649,1528,7378,682,0,4649,1533,7378,0,0,No
20000,Female,3,2,31,1,-1,3,2,2,-2,-363,204,204,204,-14,-2400,567,0,0,0,20,3800,No
210000,Female,2,2,30,0,0,0,0,0,0,184705,188235,193694,178664,149612,151226,7000,9057,6507,9808,6000,5500,No
250000,Female,1,2,30,0,0,0,0,0,0,144807,162326,168186,175369,178156,189259,20000,10000,10000,7200,14000,7200,No
90000,Female,3,1,44,-1,-1,-1,-1,-1,-1,1473,1473,1473,1473,1473,1473,1473,1473,1473,1473,1473,34619,No
70000,Female,2,2,30,-1,0,0,0,0,0,2429,3878,4957,6209,6338,6587,1500,1300,1500,380,500,500,Yes
90000,Female,1,2,36,0,0,0,0,0,-1,39317,28491,20367,16680,10320,7601,1808,1657,1000,206,7601,286,Yes
180000,Female,1,1,39,-1,-1,-1,0,-1,0,547,547,759,1042,796,547,547,759,1000,796,0,249,No
210000,Female,1,1,43,1,-2,-2,-2,-2,-2,0,0,0,0,0,0,0,0,0,0,0,0,Yes
250000,Female,2,2,30,0,0,0,0,0,0,197436,201831,206282,210963,215711,218692,7500,7527,8000,8000,8000,8500,No
240000,Female,2,2,36,2,2,0,0,0,0,247477,241976,242629,239438,203445,203585,11,10949,9419,7461,7601,7501,No
20000,Female,2,1,32,1,2,0,0,0,0,18931,18329,19441,20113,19864,15424,0,1414,1146,729,970,0,No
160000,Female,3,1,44,-2,-2,-2,-2,-2,-2,-18,-18,-18,-18,-18,-18,0,0,0,0,0,0,No
250000,Female,1,1,32,-2,-2,-2,-2,-2,-2,3829,4360,4420,18311,2887,4768,4374,4423,18311,2887,4768,591,No
300000,Female,2,1,44,0,-1,-1,-1,-1,-1,7948,576,2660,2319,1905,257,576,2684,2319,1905,257,3743,No
500000,Female,2,1,45,0,0,0,0,0,-1,494140,274198,214481,112222,33958,9684,14515,10815,5874,2729,9784,279706,No
420000,Female,2,1,40,-1,0,0,0,2,0,101873,99516,99873,100361,90052,89112,3517,3537,6810,0,2764,3500,No
30000,Female,2,2,36,0,-1,-1,0,0,0,2114,490,30452,29667,28596,29180,490,33299,1400,572,584,400,No
260000,Female,2,1,48,0,0,0,0,0,0,85378,71870,72994,57382,58522,59748,2664,2376,2084,2095,2169,2182,No
360000,Female,2,1,45,0,-1,-1,-1,-1,-1,20137,3332,3542,6487,3437,4875,3332,3752,6487,3437,4875,24181,No
220000,Female,2,2,32,-1,-1,-1,-1,-1,-1,18477,16341,11125,10000,10000,10000,16370,11125,10000,10000,10000,301,No
20000,Female,3,1,35,0,0,0,0,0,0,19792,19995,20269,18268,19478,19885,1339,1500,1290,1500,704,882,No
230000,Female,1,2,37,-2,-2,-2,-2,-2,-2,-18,-18,-18,-18,-18,-18,18,0,0,0,0,0,Yes
100000,Female,2,1,41,-1,2,2,-1,0,0,2427,1225,935,5362,4082,-75,935,0,5362,0,0,0,No
300000,Female,2,1,45,0,0,0,0,0,0,12975,13149,13408,12714,12437,11166,1520,2000,1452,1000,649,344,No
160000,Female,3,1,46,-1,-1,-1,-2,-2,-2,960,485,0,0,0,0,485,0,0,0,0,0,No
10000,Female,2,3,43,0,0,0,0,0,2,6110,6302,5972,6985,7845,7574,1240,1200,1120,980,0,268,No
300000,Female,1,1,39,-2,-2,-2,-2,-2,-2,2973,2694,7270,2970,2359,8492,2702,7286,2978,2369,10011,7259,No
80000,Female,1,1,37,0,0,0,0,0,0,104989,100150,94413,89400,84271,79502,4369,3343,3137,2914,3151,3320,No
440000,Female,1,1,39,0,0,0,0,0,0,388357,390101,387948,354871,238196,200777,14193,14740,9655,6453,5478,4919,Yes
80000,Female,2,2,33,0,0,0,0,2,0,12554,13564,14608,17441,16866,17443,1523,1567,3400,0,1000,1000,No
230000,Female,1,1,45,-2,-2,-2,-2,-2,-2,0,0,0,0,0,136,0,0,0,0,136,1233,No
340000,Female,2,1,47,-1,-1,-1,-1,-1,-1,507,892,5221,7627,580,999,892,5269,8193,596,999,176340,No
80000,Female,1,1,37,-1,-1,-1,-1,-1,-1,2028,286,14255,10056,317,728,286,14255,10071,317,728,16312,No
150000,Female,1,1,47,-2,-2,-2,-2,-2,-2,39139,15269,12853,12531,5325,2086,15374,12904,12541,5330,2086,2627,No
160000,Female,1,1,43,-1,-1,-1,-1,-1,-1,2980,2817,0,450,748,5054,2817,0,450,748,5054,4711,Yes
390000,Female,4,1,40,0,0,0,0,0,0,195688,199033,197961,195958,196019,199014,7636,5653,5545,5532,5859,6818,No
500000,Female,1,1,37,-2,-2,-2,-2,-2,-2,16801,14782,23095,49379,35313,23024,14805,23111,49397,35313,23856,27740,No
100000,Female,2,1,32,-1,0,0,0,0,0,29222,29378,25409,23072,22745,22492,1432,1452,1226,675,748,569,No
310000,Female,1,1,41,-1,0,0,0,0,0,30680,126866,129449,106382,98892,92599,100000,16036,5000,3000,3000,3000,No
20000,Female,2,2,45,0,0,0,0,-2,-2,7221,8329,8840,-1560,-1560,-1560,1245,1400,0,0,0,0,No
500000,Female,1,2,45,0,0,0,0,0,0,87206,90487,19892,20377,32177,41677,5303,10000,1200,12000,10000,0,No
150000,Female,1,2,37,-2,-2,-2,-2,-2,-2,702,0,0,0,0,0,0,0,0,0,0,0,No
360000,Female,1,2,38,1,2,0,0,0,0,4741,4534,6491,8422,8665,0,0,2000,2000,243,0,0,Yes
200000,Female,1,2,31,0,0,0,0,0,0,68244,65243,61590,47301,47232,25231,6018,2507,2011,4140,5072,500,No
230000,Female,2,2,32,0,0,0,0,0,0,17957,18063,20755,23278,24083,25145,3000,3000,3000,4000,4000,3000,No
240000,Female,1,1,41,0,0,0,0,0,0,129776,126395,129371,132218,136003,139798,5000,5000,5000,6000,6000,5098,No
240000,Female,1,1,35,-1,-1,-1,0,-1,0,3664,5770,10412,4578,5928,5619,5770,10420,1150,5928,3619,13227,Yes
340000,Female,1,2,34,-1,-1,-1,0,0,0,1780,28620,66633,182856,166943,126445,28763,66652,123267,26207,948,52876,No
160000,Female,1,2,35,-2,-2,2,2,0,0,52010,4792,194,1900,1900,1150,4792,150,3800,0,0,0,No
180000,Female,2,1,33,0,0,0,0,0,0,44806,47050,49282,50159,51336,54332,3000,3000,2000,2011,4000,3000,No
120000,Female,2,2,43,0,0,0,-1,0,0,121427,60163,61723,25638,26092,14586,77225,21903,25646,5080,0,5052,No
150000,Female,5,1,40,0,0,0,0,0,0,21001,12406,14587,59974,51049,47079,4000,2500,55000,1115,1000,0,No
210000,Female,1,2,31,1,-2,-2,-2,-2,-2,0,0,0,0,0,0,0,0,0,0,0,0,No
500000,Female,2,1,31,0,0,0,0,0,0,348526,345128,337816,316739,167616,364940,15210,15022,20121,5925,35069,35110,No
80000,Female,3,1,49,0,0,0,0,0,0,79967,75920,73968,71919,59894,59405,2700,2875,3000,3000,4000,2500,No
30000,Female,3,2,45,-2,-2,-2,-2,-2,-2,0,0,0,0,300,390,0,0,0,300,390,930,No
60000,Female,2,1,33,0,0,0,0,0,0,56379,23161,21106,22345,25720,23467,3000,1386,1625,4000,3000,3000,No
370000,Female,2,2,35,-2,-2,-2,-2,-2,-2,20108,13976,12939,11367,17049,27337,13994,12939,11380,17049,27337,14146,No
150000,Female,1,1,30,0,0,-2,-2,-2,-2,6154,0,0,0,0,0,0,0,0,0,0,26286,Yes
80000,Female,2,1,39,0,0,0,0,0,0,48784,46401,39456,30712,29629,28241,2194,1560,1421,1001,1000,1008,No
200000,Female,1,2,32,-1,-1,-1,-1,-1,-1,8479,2021,1050,0,400,976,2021,1050,0,400,976,1123,No
80000,Female,2,1,33,2,3,2,2,0,0,51016,51081,52059,47912,48646,49341,1200,2100,0,1800,2000,2000,Yes
140000,Female,2,1,42,0,0,0,0,0,0,156062,158495,160681,144194,144802,147311,5750,5530,6600,5100,5460,5460,No
290000,Female,2,2,40,0,0,0,0,0,0,258360,263820,265115,264323,221070,219295,12025,10000,9883,7738,7813,10000,No
350000,Female,1,1,36,-1,-1,-1,-1,0,0,28489,28934,20558,29866,37587,15307,28950,20565,29880,27697,5330,31990,No
310000,Female,1,1,39,-2,-2,-2,-2,-2,-2,12080,1989,4566,5329,5724,1518,1989,4566,5433,5724,1336,0,No
80000,Female,2,1,42,0,0,0,0,0,2,18172,19559,20437,26591,28350,27758,2000,1500,6500,2200,0,1100,Yes
30000,Female,3,1,37,0,0,0,0,0,0,25689,26455,27525,28545,29388,30133,1500,1500,1500,1300,1200,1500,Yes
230000,Female,2,2,47,-2,-2,-2,-1,0,0,0,0,0,1360,680,600,0,0,1360,0,600,0,No
150000,Female,1,1,37,-2,-2,-2,-2,-2,-2,0,0,0,0,0,0,0,0,0,0,0,0,No
110000,Female,2,1,29,0,0,0,0,0,0,60101,61589,60822,62306,63768,65239,2505,2500,2500,2500,2500,2640,No
170000,Female,2,1,29,0,0,0,0,0,0,50104,32978,11779,79862,39617,34091,2000,2009,78417,8000,3000,3000,No
200000,Female,1,2,30,1,-1,2,-1,0,0,0,1186,1024,990,1000,0,1186,0,990,10,0,840,No
260000,Female,2,1,30,0,0,0,0,0,0,147565,149777,151583,155493,158624,161902,7129,5179,5276,4537,4670,4717,No
50000,Female,2,2,47,0,0,0,0,0,0,39296,40638,41741,45982,43041,42957,2000,1759,5000,1525,1569,3000,No
50000,Female,2,3,42,0,0,0,0,0,0,49699,49446,50694,44858,19298,19514,1857,2295,1572,5000,1000,813,No
420000,Female,1,1,46,-2,-2,-2,-2,-2,-2,19629,8705,18653,36076,27823,0,8765,18728,36430,27906,0,9268,No
220000,Female,1,2,36,-2,-2,-2,-1,2,0,637,0,0,300,300,728,0,0,365,0,578,198,Yes
230000,Female,1,1,36,-2,-2,-2,-2,-2,-2,928,282,282,2427,282,282,282,282,2427,282,282,1886,No
280000,Female,2,2,49,0,0,0,0,0,0,278569,277306,225732,229877,219267,225421,11005,12000,12100,12000,10000,10000,No
20000,Female,2,1,45,0,0,2,0,0,0,25102,27906,26153,26745,26359,25974,3550,0,2400,1000,1000,8000,Yes
200000,Female,1,2,44,0,0,0,0,0,0,35210,34606,34800,33275,33435,32778,1858,2100,2000,3435,3000,3277,No
280000,Female,1,1,37,-1,-1,-2,-1,-1,-1,8909,3173,13947,7676,6155,3695,3571,14080,7742,6178,3711,6056,No
170000,Female,2,1,45,0,0,0,0,0,2,130668,121100,123414,114180,122332,120270,5900,5800,6000,11600,0,9400,Yes
50000,Female,2,1,42,0,0,0,0,0,0,49624,49357,49366,49221,48848,47545,2100,2150,2200,2000,2000,3000,No
240000,Female,1,2,33,0,0,0,0,0,0,103100,106908,109419,111838,112727,115479,5295,5500,5500,4000,4500,4000,No
200000,Female,3,0,45,0,0,0,-1,-1,-1,45876,35732,18000,27404,2644,2262,1732,1000,27404,2644,2262,4500,No
100000,Female,2,2,42,0,0,0,0,0,0,117464,81625,81815,78927,77418,74657,2962,2986,2807,2686,2767,2909,Yes
230000,Female,1,2,30,0,0,0,0,0,0,185129,185099,186698,181156,129441,135383,10024,8638,6500,50000,8008,4789,No
240000,Female,2,1,32,0,0,0,0,0,0,199789,203156,201267,182484,182478,175394,9000,9319,6200,5894,5100,6300,No
240000,Female,2,2,32,0,0,0,0,0,0,132252,135069,136408,139192,142111,145165,6500,5000,5057,5239,5500,5000,No
80000,Female,2,1,36,0,0,0,0,0,0,22657,19940,19870,18155,11119,5203,1320,1540,1005,222,1000,2000,No
80000,Female,2,2,30,0,-1,-1,-1,0,-1,21072,2520,-3990,22193,21546,1922,2620,0,27194,1381,1922,2781,No
50000,Female,3,1,48,-1,-1,2,-1,-1,0,2896,1360,812,4012,28672,28875,1500,500,4100,28800,1011,1041,No
150000,Female,1,2,31,-2,-2,-2,-2,-2,-2,4847,4268,0,1193,-127,-127,4268,0,1193,0,0,1956,No
140000,Female,1,1,42,2,2,2,0,0,0,141321,141836,139070,134168,135678,136494,4300,1003,4854,5500,5200,5100,Yes
80000,Female,2,1,43,2,0,0,0,0,0,68612,69971,71846,72372,73475,74842,3100,3600,2720,2400,2224,3990,No
300000,Female,2,1,43,-2,-2,-2,-2,-2,-2,5972,1854,2105,835,1761,2849,1857,2109,835,1761,2853,6282,No
350000,Female,2,2,34,0,0,0,0,0,0,19202,16576,16801,15238,10267,9578,1300,2000,1500,1000,1500,2500,No
110000,Female,3,2,46,0,0,0,0,0,0,44590,45846,47104,48325,0,49461,2000,2000,2000,2000,0,2000,Yes
130000,Female,2,1,37,0,0,0,0,0,0,33346,37902,42496,45954,51419,55919,5448,5542,4500,5465,4500,5662,No
130000,Female,2,1,45,0,0,0,0,-2,-2,126840,116746,59839,0,0,0,5298,2606,0,0,0,0,No
170000,Female,2,2,48,0,0,0,0,0,0,99728,97889,99902,100128,101531,102770,4500,5000,4000,4000,4000,7000,No
310000,Female,1,1,43,0,0,-1,0,0,0,112343,25349,21033,19033,9588,5222,3023,21033,1000,192,104,87268,No
500000,Female,3,2,36,-2,-2,-2,-2,-2,-2,51132,8830,7570,1576,0,13295,8830,7570,1576,0,13295,38090,No
230000,Female,1,2,35,-1,-1,-1,-1,-2,-2,1890,533,267,0,0,0,533,267,0,0,0,0,No
50000,Female,2,1,35,1,2,2,2,2,2,8917,8625,11475,10999,12311,11973,0,3000,0,1800,0,1950,Yes
390000,Female,3,1,44,-1,0,-1,-1,0,0,35369,22238,7809,97774,100912,152955,15000,7809,97874,32494,100000,31000,No
380000,Female,1,2,34,-1,0,0,0,0,0,25079,119811,22384,115548,164296,72084,100000,12384,100000,50000,20000,52500,No
140000,Female,2,2,41,0,0,0,0,0,0,130439,108411,107113,120327,62855,67243,5000,5000,20000,10000,10000,10000,No
420000,Female,2,2,49,0,0,0,0,0,0,115505,113724,112976,111344,100648,94891,4044,4297,4773,3203,2951,2837,No
50000,Female,2,1,42,3,3,2,2,0,0,24225,24046,24574,24348,16130,16467,500,1200,516,566,585,608,Yes
50000,Female,2,2,36,2,2,2,2,0,0,50817,50523,51921,50767,48488,49503,2000,2500,0,1721,1782,1806,Yes
140000,Female,2,1,37,0,0,0,0,0,0,58075,59504,61544,62925,64280,67079,3000,3000,3000,3000,4000,4000,No
50000,Female,1,1,40,0,0,0,0,0,0,48519,35968,29453,26660,26235,27647,1800,1755,1500,1101,2000,1135,No
20000,Female,2,1,48,1,-2,-2,-2,-2,-1,0,0,0,0,0,1473,0,0,0,0,1473,930,Yes
260000,Female,2,1,45,0,0,0,0,0,0,243952,224426,193708,163477,139993,133197,15521,10005,7000,5500,5000,4000,No
240000,Female,2,1,37,-2,-2,-2,-2,-2,-2,-150,-150,-150,-150,-150,-150,0,0,0,0,0,0,Yes
200000,Female,2,2,38,0,0,0,2,-1,0,18703,9733,7078,1195,43115,43869,1533,2395,0,45000,1600,2000,No
150000,Female,2,1,40,0,0,0,0,0,0,87105,82772,75928,66245,61833,62375,3000,3504,2300,2199,2414,2500,No
280000,Female,1,2,35,-1,-1,-2,-2,-2,-2,3072,0,0,0,0,0,0,0,0,0,0,0,No
280000,Female,1,2,34,-2,-2,-2,-2,-2,-2,2793,1356,19497,10164,1089,26218,1356,19497,10173,1089,28217,0,No
120000,Female,1,1,34,1,-2,-1,-1,-1,0,0,0,1471,3094,12623,10446,0,1471,3103,12623,0,1446,Yes
80000,Female,2,1,37,0,0,0,0,0,0,63558,59812,68636,40659,32436,36658,2500,10000,3000,3000,5000,5000,No
500000,Female,2,1,43,0,0,0,-1,-1,-1,42081,46495,39489,12421,11345,11968,16495,15720,12421,11345,11968,11824,No
50000,Female,2,2,42,5,4,3,2,0,0,20235,19635,19045,18300,17900,17900,0,0,0,0,0,0,Yes
120000,Female,1,1,36,-1,-1,-1,-1,0,-1,2779,6375,1086,1230,1230,2806,6428,1086,1230,0,2806,1750,Yes
150000,Female,1,1,34,-2,-2,-2,-2,-2,-2,5712,14539,8796,20359,17329,20087,14539,8796,20375,17329,20087,0,No
150000,Female,2,1,34,0,0,0,0,0,0,150294,147979,147235,147997,145405,146502,6750,6900,6690,5300,5500,5500,No
200000,Female,2,2,31,-2,-2,-2,-2,-2,-2,1507,0,218,4360,0,0,0,218,4360,0,0,0,No
160000,Female,1,2,31,-2,-2,-2,-2,-2,-2,0,2036,796,5740,0,447,2036,796,5768,0,447,0,No
200000,Female,2,1,33,0,0,0,0,0,0,84064,85935,55548,134719,152290,152470,5935,5548,84719,23050,7470,5624,No
280000,Female,2,1,43,1,-1,-1,-1,-1,-1,0,4051,1196,19875,599,850,4051,1245,19875,599,850,185,Yes
120000,Female,2,2,39,0,0,0,2,0,0,20693,22033,24067,24372,24670,25617,2000,2400,1000,1000,1500,1500,Yes
360000,Female,1,1,42,-1,-1,2,2,2,-1,10000,893,1224,331,0,2757,893,331,0,0,2757,2056,No
150000,Female,2,1,49,1,-1,-1,-1,-1,-1,0,1870,669,0,13453,5773,1870,669,0,13453,5773,100,No
390000,Female,1,1,39,0,0,-1,-1,-1,-1,42721,22836,24266,6088,2500,828,12041,24353,6118,2550,828,0,No
200000,Female,2,1,34,-1,0,0,0,0,0,7271,9133,10972,12757,13069,13334,2000,2000,2003,1008,2029,1000,No
200000,Female,2,2,37,1,2,0,0,0,0,226365,214261,210315,206563,202896,173111,0,8000,9000,8000,7000,7200,No
60000,Female,2,1,43,0,0,0,0,0,0,60788,61005,60164,31211,30374,30432,2500,3001,3003,2000,2001,2000,No
300000,Female,1,1,30,-2,-2,-2,-2,-2,-2,0,0,811,1128,1750,819,0,811,1128,1760,819,753,No
420000,Female,2,2,32,0,0,0,0,0,0,211688,205003,203118,198925,175684,164037,7300,8839,8000,5900,6000,6000,No
170000,Female,1,1,33,1,-2,-2,-2,-1,0,0,0,0,0,185,185,0,0,0,185,0,4578,No
170000,Female,1,2,28,0,0,0,0,0,0,56766,59811,61987,63849,66276,68207,4000,3638,3500,3500,3000,3000,No
160000,Female,1,2,28,-1,-1,-1,-1,-1,-1,15525,34585,37439,47340,2473,4120,34604,37836,47340,2473,4120,6302,No
210000,Female,1,2,28,-1,-1,-1,-1,-1,0,2670,262,3771,5474,69536,76188,262,3771,5474,69536,10000,4000,No
200000,Female,5,2,29,-2,-2,-2,-2,-2,-2,2618,784,611,0,0,150,784,611,0,0,150,478,No
200000,Female,2,2,30,0,0,0,0,0,0,154030,151604,146128,138919,132778,136272,5370,5217,4894,4800,5900,5074,No
60000,Female,1,2,32,0,0,0,0,0,0,59166,39328,38313,28660,31398,9966,2000,2300,1700,10000,1200,20000,No
150000,Female,1,1,33,-1,2,-1,-1,-1,-1,3389,1600,1782,1600,0,11665,0,1782,1600,0,11665,0,No
310000,Female,2,2,42,-2,-1,0,0,0,0,-2123,246407,250249,254254,259960,265702,260000,10000,10000,10000,10000,10000,No
140000,Female,1,2,35,-1,-1,-1,-1,-1,-1,7921,9268,3943,7737,2456,15507,9268,3953,7737,2456,15507,0,Yes
320000,Female,1,2,30,-1,-1,-1,-1,-1,-2,9646,13438,14833,1920,10516,10350,13442,14838,1920,10516,10350,43982,No
200000,Female,2,2,36,0,0,0,0,0,0,10890,11902,12907,15369,15863,16059,1500,1500,3000,750,600,1490,No
430000,Female,5,2,41,-2,-2,-2,-2,-2,-2,2663,20679,6698,2104,888,888,20679,6698,2104,888,888,4232,No
170000,Female,3,2,30,0,0,0,0,0,0,173922,164939,165597,163424,163204,159257,7400,7600,7800,6348,6200,6500,No
300000,Female,1,1,30,-2,-2,-2,-2,-2,-2,15575,22187,1970,1687,248,600,10810,1979,1695,249,600,585,No
250000,Female,2,2,44,-1,-1,-1,-1,-1,0,23438,0,3850,0,32690,37141,0,3850,0,32690,5000,5000,No
300000,Female,1,2,29,0,0,-2,-1,-1,-2,11500,0,0,1780,0,0,0,0,1780,0,0,0,No
230000,Female,1,1,35,-2,-2,-2,-2,-2,-2,9000,0,0,0,0,0,0,0,0,0,0,0,No
100000,Female,2,2,37,-2,-2,-2,-2,-2,-2,14394,35392,20000,0,0,0,36291,20000,0,0,0,0,No
20000,Female,3,2,52,0,0,0,0,0,2,18603,15208,16153,18175,19876,19419,1555,1500,2300,2000,0,1000,No
50000,Female,1,1,54,0,0,0,0,0,0,45777,46816,47862,49064,66819,17288,1800,1800,2000,2300,2000,629,No
70000,Female,1,2,50,2,0,0,0,0,0,62049,64315,58564,56741,25172,29186,4000,3000,10032,8000,5139,1000,Yes
170000,Female,2,1,52,0,0,0,0,0,0,170133,168945,160660,163652,131396,130402,7620,6200,10000,5100,5500,5000,Yes
110000,Female,3,1,53,0,0,0,0,0,0,105435,107599,108555,106692,103971,104140,5400,4200,5200,3800,3900,3700,No
30000,Female,3,2,50,0,0,2,0,0,0,17891,19087,20078,20935,17228,17606,1800,1600,1600,1000,734,481,No
60000,Female,2,1,50,2,0,0,0,0,0,60199,60742,60841,58902,19352,19523,2800,2600,2107,1000,1000,705,Yes
20000,Female,3,1,50,-1,-1,-1,-1,-2,-2,5141,3455,6906,0,0,0,3754,6906,290,0,0,0,Yes
30000,Female,3,1,51,0,0,0,0,0,0,15126,13327,13829,10898,9217,9048,1236,1518,1074,500,300,1000,No
30000,Female,2,1,52,2,2,2,0,0,0,7033,10431,10120,11145,11368,12186,3700,0,1200,408,1002,0,Yes
490000,Female,3,1,54,-1,-1,-1,-1,-1,-1,396,396,361,7530,396,396,396,361,7600,396,396,396,No
280000,Female,2,1,53,-1,-1,2,2,-1,-1,1890,2846,920,390,7531,1240,2846,390,390,7531,1240,390,No
240000,Female,2,1,52,1,-2,-2,-2,-1,-1,0,0,0,0,2780,20034,0,0,0,2780,20034,0,No
230000,Female,2,2,53,0,0,0,0,0,0,9358,13482,17874,26743,26431,35153,5000,5000,10000,5000,10018,6850,No
100000,Female,1,2,52,1,2,2,2,2,2,13687,14007,14236,12924,12467,10950,1600,1500,0,700,0,1150,Yes
60000,Female,2,1,51,0,0,0,0,0,0,57252,57771,47778,37858,36467,34419,2501,2032,2005,1507,1501,1502,No
70000,Female,2,2,52,1,2,0,0,2,0,38527,37608,39369,43627,15251,16285,0,2369,5178,0,1285,2308,No
50000,Female,3,1,52,3,2,0,0,0,0,49534,48061,48807,49347,17524,17497,0,2200,2100,606,624,622,No
110000,Female,2,2,52,0,0,0,0,0,0,38298,39295,40331,41346,42013,42890,1935,1971,1986,1653,1706,1714,No
200000,Female,6,2,51,2,0,0,0,0,0,455293,441048,433541,425538,419080,98840,10688,10688,10278,11567,98843,156961,No
220000,Female,3,1,51,0,0,0,0,0,0,44076,40353,36314,32320,27803,25370,2000,1600,1600,1000,3000,1000,No
30000,Female,3,2,50,0,0,-1,-1,-2,-1,25648,25524,3737,0,0,22525,1000,3836,0,0,22525,0,No
20000,Female,2,1,50,0,0,0,0,2,0,13779,14788,15815,17891,17308,17521,1245,1272,2348,0,640,1615,Yes
20000,Female,2,1,51,1,2,0,0,0,0,14710,14166,14040,13796,12909,12015,0,1253,2232,402,393,357,No
20000,Female,3,1,51,0,0,0,-1,0,0,18768,19684,11580,780,780,0,1714,1000,780,0,0,0,No
100000,Female,3,1,54,0,0,0,0,0,0,40112,40981,41963,43012,33270,33967,1661,1766,1942,1200,1233,1241,No
200000,Female,3,1,54,-1,2,-1,-1,-1,-1,2841,1709,1312,2404,3786,1916,0,1312,2404,3786,1916,2299,No
50000,Female,3,1,52,2,0,0,0,0,0,48970,49366,49803,49830,49539,50418,2100,2128,2079,1896,1803,1954,No
20000,Female,2,2,52,0,0,0,0,0,0,18652,18506,18849,19917,19087,19588,1300,1500,1500,500,1380,385,No
30000,Female,3,3,61,2,2,0,0,0,0,24453,23212,23964,24434,21340,5624,0,1522,1200,428,112,0,No
430000,Female,2,2,50,0,0,0,0,0,0,268537,207118,202412,207496,250337,255277,10000,8000,12000,50000,28000,60000,No
90000,Female,2,1,55,-2,-2,-2,-2,-2,-2,3388,0,0,0,0,7707,0,0,0,0,7707,0,No
20000,Female,3,2,50,-1,0,0,0,0,0,19681,19968,19261,20184,17016,15725,1313,1481,1404,0,0,822,No
150000,Female,3,2,52,0,0,0,0,0,0,139733,138723,132441,94493,84936,77988,7000,6000,5000,5000,5000,5000,No
80000,Female,5,1,52,2,0,0,0,0,0,79822,77747,77733,78017,29599,26927,2773,3236,2000,2000,1000,1500,No
280000,Female,1,1,50,-1,-1,-1,-1,-1,-1,2712,4450,9754,0,8142,6997,4494,9754,0,8142,6997,0,No
120000,Female,3,1,50,0,0,0,-2,-2,-2,121018,123150,0,0,0,0,5550,0,0,0,0,0,No
210000,Female,3,2,51,2,0,0,0,0,2,42795,43787,44826,45544,48497,47591,2007,2046,1764,3717,0,1885,Yes
40000,Female,2,1,52,-2,-2,-2,-2,-2,-2,0,0,0,0,0,0,3500,0,0,0,0,0,No
100000,Female,2,1,52,0,0,0,0,0,0,39555,40550,41587,42602,43327,47950,1955,1992,2007,1732,5506,0,No
90000,Female,3,1,54,-2,-2,-2,-2,-2,-2,0,0,0,0,1805,0,0,0,0,1805,0,0,Yes
80000,Female,2,2,49,-1,-1,-1,-1,-1,0,390,390,390,390,780,390,390,390,390,780,0,390,Yes
170000,Female,2,1,51,0,-1,-1,-1,0,0,9773,4101,3866,14894,6833,6972,4146,3866,14894,137,139,3029,No
350000,Female,1,1,52,3,2,2,7,7,7,2400,2400,2400,2400,2400,2400,0,0,0,0,0,0,Yes
30000,Female,3,2,58,0,0,0,0,0,0,24874,25961,27534,27670,28717,28786,1500,2000,1500,1500,1100,1300,No
500000,Female,1,1,54,-1,-1,-1,-1,0,0,6259,2937,10410,30016,8014,2630,2962,10457,30026,26,13,2283,Yes
180000,Female,2,1,53,-2,-2,-2,-2,-2,-2,0,533,2329,1778,2510,184,533,2329,1778,2514,184,1103,No
80000,Female,3,1,57,0,0,-2,-1,0,0,33600,0,0,9618,10455,11131,0,0,9618,1000,1000,1000,No
150000,Female,2,2,51,0,-1,-1,-2,-2,-1,13219,1179,0,0,0,35752,1179,0,0,0,35752,1448,No
600000,Female,3,2,51,0,0,0,0,0,0,95286,78404,147559,323129,310042,311840,10448,85113,217035,11032,15019,10033,No
50000,Female,2,2,51,0,0,0,0,0,0,24202,23664,21780,22722,21907,2917,1340,1402,1344,1002,58,29,No
20000,Female,2,1,51,0,0,0,2,0,0,5411,6279,8163,8874,9722,12386,1116,2000,1000,1000,3000,0,No
100000,Female,3,1,50,0,0,0,0,0,0,47895,48889,50099,52259,53389,55519,1790,2000,3000,2000,3000,2041,No
20000,Female,3,1,58,2,2,2,2,0,0,8287,10978,11207,11227,12042,12850,3000,700,500,1000,1000,1000,Yes
80000,Female,3,1,55,0,0,0,2,0,0,67671,61346,59100,53133,48598,48882,2141,6433,0,2000,2000,2000,No
50000,Female,3,1,52,1,2,0,0,0,0,19371,18761,19469,20412,19755,20320,0,1700,1600,700,840,700,No
150000,Female,2,1,52,0,0,2,0,0,0,85404,91457,89151,90071,92565,98291,8400,0,3300,4000,7400,0,No
90000,Female,3,1,52,0,0,0,0,-2,-2,49115,50477,51400,0,0,0,2477,2400,0,0,0,0,No
80000,Female,1,1,50,0,0,0,0,-2,-1,30711,28729,7605,0,0,3011,1957,1000,0,0,3011,2000,No
190000,Female,2,1,48,2,2,2,2,0,0,90128,92367,94227,91943,93546,95759,4500,4100,0,3500,3600,3500,Yes
320000,Female,1,2,50,-1,-1,-1,-1,0,0,1999,729,2462,12360,10943,9597,730,2472,12360,0,237,3417,No
500000,Female,2,2,50,-1,-1,-1,-1,-1,-1,10061,20587,9984,7461,8093,7342,20631,10009,7488,8129,7369,6027,No
50000,Female,3,1,57,0,0,0,0,0,0,50990,49123,50820,50706,30636,30501,2100,2500,3820,1636,1501,1700,Yes
60000,Female,1,2,62,0,0,0,0,0,2,57918,59878,51466,50506,56373,55341,3028,2006,1862,6729,0,2911,No
100000,Female,3,1,53,0,0,0,0,0,0,98026,99768,100098,75296,73774,75603,3773,3919,3010,3000,6000,3500,No
150000,Female,1,1,54,-2,-2,-2,-2,-2,-2,-1,262,329,39919,263,263,263,331,40118,264,264,790,Yes
280000,Female,4,1,50,0,-1,-1,2,2,-2,5380,390,1843,1663,-147,-147,400,1843,0,0,0,1647,No
30000,Female,2,1,50,2,2,2,2,3,2,21993,22634,23057,24506,24711,24178,1300,1082,2131,900,0,2200,Yes
50000,Female,1,1,50,2,2,2,2,2,2,38483,39511,40582,41316,41998,42674,1960,2000,1700,1662,1493,0,Yes
60000,Female,2,1,50,0,0,0,0,0,0,33290,32867,32638,29743,26909,24955,1558,1571,1344,877,875,3000,No
40000,Female,3,2,55,1,2,2,2,2,2,27849,29093,28347,30561,29770,31666,2000,0,3000,0,2382,0,No
160000,Female,3,1,51,-2,-2,-2,-2,-2,-2,0,0,0,0,0,0,0,0,0,0,0,0,No
150000,Female,2,2,50,-2,-2,-2,-2,-2,-2,8478,7890,8958,780,7500,0,7890,8958,780,7500,0,0,No
200000,Female,2,1,50,-2,-2,-1,-1,-1,-1,0,0,1350,0,1265,0,0,1350,0,1265,0,0,Yes
60000,Female,3,1,51,0,0,0,0,0,0,60350,61112,60557,35555,30214,30170,2435,2575,1404,990,1347,1316,No
210000,Female,1,1,51,-1,-1,-1,2,-1,-1,3490,3611,13920,10284,3813,1154,3611,12797,0,3829,1154,2766,No
50000,Female,1,2,52,2,0,0,0,-2,-1,6379,3257,4166,0,0,318,1091,1000,0,0,318,0,No
360000,Female,1,1,52,-2,-2,-2,-2,-2,-2,6658,2598,1138,6730,3595,2915,2610,1240,6763,3613,2930,47183,No
80000,Female,3,3,52,0,0,0,0,0,0,77086,77411,78686,66217,56167,53190,3000,5086,1750,2012,1630,2165,No
140000,Female,2,1,52,-1,-1,-1,-1,-1,-1,850,12340,14910,44967,11669,5169,12340,14910,44967,11669,5169,17953,No
260000,Female,3,1,52,1,2,0,0,0,0,9979,9371,18488,27022,28402,800,0,10000,11264,1580,2,1098,Yes
180000,Female,2,1,52,0,0,0,0,0,0,76538,71888,65832,51621,51191,49918,3200,2200,1800,2000,1800,1500,No
300000,Female,1,2,55,-2,-2,-2,-2,-2,-2,0,0,0,0,0,0,0,0,0,0,0,951,No
200000,Female,3,1,53,0,0,0,2,0,0,88895,79074,47318,21594,19067,13814,2600,3224,0,8000,8000,8000,No
390000,Female,1,2,53,0,0,0,0,0,0,30400,34756,29530,27620,32364,34041,5000,5000,5000,5000,5000,1161,No
130000,Female,3,1,59,-1,-1,-1,-1,-1,0,390,2356,1373,390,2746,390,2356,1373,390,2746,0,1570,No
130000,Female,3,1,56,0,0,0,0,0,0,30218,31706,34130,36245,38624,40989,2000,3000,3000,3000,3000,3000,No
240000,Female,2,1,53,-2,-2,-2,-2,-2,-2,890,236,0,2194,439,1085,236,0,2194,441,1085,858,No
350000,Female,1,1,56,-2,-2,-2,-2,-2,-2,8451,36099,5117,6714,18801,13604,36108,5136,6735,18801,13604,7326,No
110000,Female,2,1,62,0,0,0,0,0,2,65932,66740,68170,69634,73981,72676,2500,2500,2600,5519,0,3000,No
30000,Female,2,1,56,0,0,0,2,0,0,10232,11564,14099,13580,13657,16356,1510,3042,0,600,2942,600,Yes
130000,Female,2,1,53,1,2,2,2,2,2,112363,109067,117301,113926,120846,118804,0,10000,0,8800,0,8000,No
80000,Female,3,1,54,0,0,0,0,0,0,75267,54889,56949,35684,10400,0,3000,4000,3000,1000,0,0,No
60000,Female,2,2,55,1,2,0,0,0,0,61278,59106,54647,56071,29199,29815,17,2249,2604,983,1023,1003,No
180000,Female,3,1,70,0,0,0,0,0,0,162647,157533,153351,144086,118645,104652,5644,5962,4374,3895,3691,3694,No
50000,Female,3,1,54,0,0,0,0,0,0,42326,43815,45156,46206,46968,47876,2200,2050,2100,1828,1815,3400,No
70000,Female,3,1,57,0,0,0,0,0,0,10042,10577,11129,11650,12997,14322,1176,1196,1185,2000,2000,2000,No
270000,Female,1,1,60,-1,-1,-1,-1,-1,2,836,836,836,836,1972,986,836,836,836,1972,0,836,Yes
150000,Female,2,1,53,-1,-1,-1,-1,-1,0,11589,28910,34731,18845,25745,13396,29190,34733,18857,25752,3396,8000,No
150000,Female,3,1,53,0,0,0,0,0,0,29076,14131,15112,13652,86575,82377,1200,1500,3795,80000,1700,0,No
170000,Female,3,2,56,-1,-1,-1,-1,-1,-1,390,17450,13366,17446,17056,16666,17450,13366,20894,17056,16666,34256,No
360000,Female,1,1,57,-2,-2,-2,-2,-2,-2,-2,-2,-2,-2,1422,0,0,0,0,1424,0,6624,No
200000,Female,1,1,59,0,0,0,0,0,0,92215,94085,96174,98116,99490,101412,4300,4500,4438,3900,3800,3500,No
200000,Female,2,1,69,0,0,0,0,0,0,45870,46907,47952,49052,49936,50977,2100,2100,2200,2000,2000,2011,No
140000,Female,3,2,61,1,-2,-2,-2,-2,-2,0,0,0,0,0,0,0,0,0,0,0,0,Yes
360000,Female,2,1,58,-2,-1,-1,-2,-2,-2,0,600,0,0,0,1459,600,0,0,0,1459,0,No
180000,Female,5,1,54,0,0,0,0,0,0,87695,88545,90403,92245,94082,96050,3200,3279,3343,3366,3483,3507,No
80000,Female,2,1,55,0,0,0,0,0,0,79816,29536,28870,25049,23881,23668,1600,1514,1505,1005,2026,2000,No
440000,Female,1,1,53,0,0,0,0,0,0,295180,284145,255143,234395,216318,202530,13007,9102,10003,5000,5000,6000,No
50000,Female,2,1,55,-1,-1,-2,-2,-2,-2,1100,0,0,0,0,0,0,0,0,0,0,0,No
80000,Female,2,2,60,-2,-2,-2,-2,-2,-2,577,494,438,387,246,939,500,438,387,246,939,350,No
230000,Female,2,1,54,-1,-1,2,2,-2,-2,187,3327,3100,0,0,0,3327,0,0,0,0,0,No
90000,Female,3,1,53,0,0,0,0,0,0,60769,61943,62082,61436,27507,29218,2207,2500,1479,1000,3473,2500,No
80000,Female,3,2,54,0,0,2,0,0,0,16613,19828,19227,20593,20951,21460,3500,0,2000,1000,1000,1000,No
350000,Female,3,1,64,0,0,0,0,0,0,30726,27639,28890,31090,32265,33737,3000,2000,3000,2000,2000,2000,No
440000,Female,5,1,64,0,0,0,0,0,0,133996,136606,136771,141131,147251,150332,6319,5000,6625,10000,5443,5501,No
90000,Female,3,1,54,3,2,2,2,2,0,86228,85437,90635,91745,87466,85662,1500,7500,3500,0,3300,3500,Yes
40000,Female,2,1,56,0,0,0,0,0,0,30048,31049,32144,33157,33657,34359,1805,1900,1851,1351,1394,1464,Yes
50000,Female,2,1,61,3,2,0,0,0,0,52659,51213,51696,50422,30145,30203,4,2346,2155,1046,1073,1246,Yes
50000,Female,3,1,58,1,3,2,2,2,2,39649,40194,41150,41670,42188,43360,1500,1900,1500,1500,2000,1500,No
100000,Female,3,1,55,-2,-2,-2,-2,-2,-2,390,390,390,390,390,390,390,390,390,390,390,390,Yes
200000,Female,3,1,56,0,0,0,0,0,0,193392,159546,158486,160375,163444,0,5039,8000,3500,3269,0,0,No
180000,Female,3,2,55,-1,0,0,0,0,0,52824,53165,54842,54868,56286,56621,2000,3002,3000,2300,2345,2000,No
180000,Female,2,1,62,1,-2,-2,-2,-2,-2,0,0,0,0,0,0,0,0,0,0,0,0,Yes
20000,Female,2,1,58,-1,-1,-1,-1,-2,-1,17895,13576,18286,-200,0,18486,13605,19352,0,200,18486,5656,No
120000,Female,3,1,63,0,0,0,0,0,0,49394,51261,51333,51174,44680,43760,3000,2000,2000,2000,2000,2000,No
80000,Female,3,2,65,2,0,0,0,0,0,85882,84985,84247,81619,30095,20639,3900,4000,2048,1300,1700,401,No
60000,Female,3,1,66,0,0,2,2,4,4,47350,51230,54784,58232,61670,65120,5000,5000,5000,5000,5000,1000,No
140000,Female,2,1,55,0,0,0,0,0,0,108038,110216,84516,72391,61298,62193,4200,2822,2336,2588,2250,2491,No
220000,Male,2,1,39,-2,-2,-2,-2,-2,-2,1557,4445,4292,1803,2970,6348,4478,4323,1812,2985,6379,1860,No
80000,Male,1,2,25,2,2,-2,-2,-2,-2,79000,0,0,0,0,0,0,0,0,0,0,0,No
360000,Male,2,2,29,0,0,0,0,-1,0,67273,47110,39017,0,6835,5562,10000,5000,0,6835,0,2009,No
60000,Male,3,2,26,0,0,0,0,0,0,56387,57648,59521,58637,38490,38492,2200,2805,1764,1356,1500,1523,No
50000,Male,1,2,29,-1,-1,-2,-2,-2,-2,1528,0,0,0,0,0,0,0,0,0,0,0,No
20000,Male,2,2,28,0,0,0,0,0,0,17027,34235,18478,19215,15915,0,1500,3000,1200,400,0,0,No
50000,Male,2,2,22,1,-1,-1,-1,-1,-2,0,1054,1448,2535,0,0,1054,1448,2535,0,0,0,No
360000,Male,1,2,29,-1,-1,-1,-1,-1,-1,390,390,390,390,390,690,390,390,390,390,690,4224,No
50000,Male,2,2,34,0,0,0,0,0,-1,44168,44727,26135,26730,12180,18179,1410,2000,1167,1017,18179,651,No
130000,Male,3,1,27,-1,-1,-1,-1,-2,-1,500,2000,1354,0,0,2699,2000,1354,0,0,2699,3766,Yes
20000,Male,2,2,22,1,2,2,0,0,0,17336,17751,18113,14885,14975,15311,1000,1003,1300,900,700,4700,Yes
20000,Male,2,2,22,3,2,2,2,3,2,16132,16562,19279,20663,20043,19584,1000,3000,2000,0,0,1803,Yes
300000,Male,1,1,35,0,0,0,0,0,0,91282,45885,35329,29368,18833,93329,3260,2240,1505,1250,80934,2700,No
250000,Male,1,1,36,-1,-1,-1,-1,0,0,5992,0,1400,79181,29172,14816,0,1400,79181,10000,0,4176,Yes
100000,Male,1,1,37,0,0,0,0,0,0,99516,87274,96414,74161,45585,40178,10184,20000,5150,5000,10000,10000,Yes
20000,Male,2,2,22,1,2,2,2,2,0,9422,10106,14127,14598,14069,14690,1000,4211,1000,0,1000,1000,Yes
50000,Male,1,2,23,0,0,0,0,0,0,34376,35300,32106,32994,18220,18755,1806,1612,1500,652,828,957,No
50000,Male,2,2,23,2,0,0,0,0,0,49301,50660,50036,60770,10598,10122,2500,2142,2254,680,491,340,Yes
20000,Male,2,2,23,1,2,4,3,2,2,11113,14110,13609,13102,12595,14287,3500,0,0,0,1900,0,Yes
50000,Male,2,1,23,0,0,-2,-2,-2,-2,9156,0,0,0,0,0,0,0,0,0,0,0,Yes
180000,Male,1,2,23,0,0,0,0,-2,-2,177736,157096,33700,0,0,0,6849,1500,0,0,0,0,No
50000,Male,1,2,23,0,0,0,-1,-1,0,11306,6657,3565,3820,1275,1275,1069,1240,3840,1275,0,0,Yes
20000,Male,3,2,23,0,0,0,0,0,0,8038,9060,11600,12307,12703,12970,1161,2701,1204,600,620,622,Yes
20000,Male,2,2,22,1,2,2,0,0,0,15471,16211,16752,17471,17830,19230,1300,1100,1300,649,1698,861,No
10000,Male,2,2,21,0,0,0,0,0,0,7327,8244,9259,9757,9887,9987,1500,1300,1000,206,2094,0,No
20000,Male,5,2,22,0,0,0,0,0,0,19614,19844,19929,18775,13854,10718,11630,1369,1162,524,606,0,No
150000,Male,2,1,24,0,0,-1,-1,-1,0,139125,0,435,0,81824,83101,0,870,0,82259,3018,3102,No
10000,Male,2,2,21,2,0,0,0,0,0,8999,9042,10038,9784,9984,9780,1400,1305,1000,200,196,0,Yes
20000,Male,1,2,23,0,0,3,2,0,0,3286,6341,6097,6339,5143,5126,3300,0,511,300,300,1500,No
20000,Male,2,2,24,2,3,2,2,3,2,21034,19839,18663,20394,19228,19615,0,0,2616,0,1400,0,No
50000,Male,3,1,23,0,0,0,0,0,0,43087,44468,46653,43143,19003,-317,2100,3260,1200,1000,0,16628,Yes
50000,Male,2,2,23,0,0,-2,-2,-2,-2,49276,0,0,0,0,0,0,0,0,0,0,0,No
20000,Male,2,2,23,0,0,0,0,0,0,15932,16965,17993,18698,19075,20498,1605,1605,1310,687,1735,0,No
90000,Male,3,2,23,3,2,0,0,0,0,92154,87700,61110,14223,9784,5155,0,2200,1000,477,103,0,Yes
30000,Male,3,2,23,1,2,0,0,0,0,30391,29144,30419,30097,25887,25707,0,2033,1420,0,92,0,No
110000,Male,1,2,25,0,0,0,0,0,0,89687,89434,91389,92003,95614,93399,4100,4304,4004,6007,4003,5017,No
10000,Male,1,2,23,-1,2,-1,-1,-1,-1,780,390,390,0,780,0,0,390,0,780,0,0,Yes
20000,Male,2,2,23,2,2,2,0,0,0,16771,19403,18541,19254,19456,19323,2919,0,1298,1000,692,766,Yes
10000,Male,2,2,24,1,2,0,0,0,2,5378,5146,6205,7139,7918,7646,0,1300,1200,900,0,700,No
80000,Male,2,2,25,-2,-2,-2,-2,-2,-2,302,-62,1958,-101,15932,950,0,2020,0,16033,11220,0,No
20000,Male,2,2,24,0,0,0,0,0,0,6814,7670,8690,9699,10138,10400,1132,1152,1161,600,600,0,No
240000,Male,2,2,25,0,0,0,0,0,0,62946,61940,61412,62771,65038,67266,2212,2237,5000,5000,5000,3413,No
170000,Male,4,1,40,0,0,0,0,0,0,171650,171841,171014,168142,169821,173014,6384,7540,7540,6301,6517,6035,No
80000,Male,2,2,23,0,0,0,0,-2,-2,78542,48563,20790,0,0,0,1750,1650,0,0,0,0,No
20000,Male,2,2,22,2,2,2,2,0,0,20433,19302,19276,19451,19641,20188,0,2100,1000,1000,1000,1000,No
20000,Male,2,2,22,0,0,0,0,0,-1,9493,10531,11557,12546,9900,1000,1500,1500,1500,800,1500,0,No
480000,Male,1,1,37,-1,-1,-1,-1,0,0,2849,30999,53425,76538,106032,66535,45205,55328,77000,30048,30015,15056,No
20000,Male,2,2,23,3,3,2,0,0,2,11859,11385,10916,12419,13904,13538,0,0,2000,2000,0,1400,Yes
50000,Male,2,2,23,0,0,0,0,-2,-2,48784,50371,51400,0,0,0,2400,2400,0,0,0,0,No
80000,Male,2,2,24,2,2,-2,-1,0,0,1430,0,0,872,22872,20641,0,0,872,22000,2002,2001,No
200000,Male,1,2,24,-1,-1,-1,-1,0,0,9167,200,198,18154,13677,2018,200,198,18156,0,1150,0,No
150000,Male,4,2,32,0,0,0,-1,0,0,159919,68686,161192,150464,143375,146411,4019,146896,157436,4600,4709,5600,No
30000,Male,2,2,34,-1,-1,-1,-1,-2,-2,390,0,780,0,0,0,0,780,0,0,0,0,No
140000,Male,2,2,25,0,0,0,0,0,2,17172,18695,20880,23515,25122,24581,1815,3000,3000,2000,0,2500,No
10000,Male,2,2,21,0,0,0,0,0,0,7427,8057,8749,9413,10534,10210,1200,1165,1079,1200,754,0,No
20000,Male,3,2,24,2,0,0,0,0,0,11179,12188,12904,14217,14360,16140,1504,1220,1533,676,2177,559,Yes
50000,Male,1,2,26,0,0,0,0,0,0,12571,13656,15407,17127,17569,18162,1600,2280,2000,1000,1000,2000,No
130000,Male,2,2,25,0,0,0,0,0,0,101281,129217,128302,125300,4125,4210,31200,4268,89527,107,500,1000,No
50000,Male,1,2,26,0,0,0,0,0,0,6905,7574,7652,7161,7531,7033,2000,2000,1000,1500,0,3000,No
160000,Male,1,2,26,-1,-1,-1,-1,-1,0,5417,15134,15193,10845,46397,32334,15134,15199,10845,46397,1280,15000,No
30000,Male,2,2,26,0,0,0,0,0,0,29160,30640,23583,24195,24546,-354,2015,1800,1200,551,0,28983,No
80000,Male,2,2,27,0,0,0,0,0,0,60829,57556,59083,60051,41757,42641,2061,2455,2667,2002,2055,1000,No
20000,Male,3,2,25,0,0,2,3,2,2,9248,11859,14264,13746,13228,14333,3100,2900,0,0,1325,670,No
20000,Male,3,2,24,0,0,0,0,0,0,15570,16996,18414,19843,19643,3300,2000,2000,2200,0,100,0,No
10000,Male,3,2,24,1,-1,0,-1,0,0,-372,4253,1777,780,780,0,5253,1500,780,0,0,0,No
110000,Male,3,2,26,0,0,0,0,0,0,10183,11971,8164,10895,13503,16227,2000,2000,3000,3000,3000,2000,No
50000,Male,1,2,24,-1,0,0,0,0,0,47796,49045,45506,41471,18298,19001,2100,1900,2000,1000,1000,1000,No
40000,Male,1,2,25,-1,0,0,2,2,0,977,1787,2566,3174,2634,1547,1190,1349,1200,0,547,231,No
120000,Male,2,2,26,-2,-2,-2,-2,-2,-2,316,316,316,316,316,316,316,316,316,316,316,316,No
50000,Male,2,2,26,0,0,0,0,0,0,49458,50135,49889,20459,19727,19354,2200,1500,1933,600,461,350,No
270000,Male,1,2,27,0,0,0,0,0,0,176380,188744,194534,199524,203514,208396,15000,10000,7841,6930,7800,7730,No
200000,Male,1,1,27,2,2,2,2,0,0,177998,174350,158632,154522,135375,142526,14600,7000,0,6000,11500,24,Yes
20000,Male,2,2,24,1,2,2,0,0,2,7733,8754,8469,9481,10324,10017,1300,0,1157,1000,0,1210,No
30000,Male,2,2,24,0,0,0,0,0,0,27880,29342,22974,24586,25675,30765,2000,1388,2000,1500,5541,0,No
20000,Male,3,2,26,3,2,2,2,2,-1,150,150,150,150,150,1150,0,0,0,0,1150,0,Yes
20000,Male,2,2,24,0,0,0,0,4,3,5212,6462,7846,10715,10406,9953,1500,1500,3000,0,0,0,Yes
10000,Male,1,2,24,2,2,0,0,0,0,8837,7554,8287,9580,9267,10096,0,1500,2000,700,1500,0,Yes
50000,Male,2,2,24,2,0,0,0,0,0,47121,46623,46693,31040,30669,30218,1950,1949,1482,1040,913,779,No
60000,Male,2,1,25,0,0,0,0,0,0,45648,42596,39829,39324,32460,31735,2000,2500,2000,1100,1200,1200,No
200000,Male,1,2,26,0,0,-1,0,0,-2,14335,12452,4467,3285,0,0,1213,4467,1000,0,0,0,No
110000,Male,2,2,26,0,0,0,0,0,0,36770,7611,9275,5751,10592,9701,2000,2000,2000,5000,3470,0,No
210000,Male,4,2,27,0,0,0,0,0,0,196963,201741,219122,223267,227841,228377,7000,20000,8200,7100,6800,7000,No
20000,Male,2,2,27,-1,-1,-1,-1,-1,-1,1663,1662,1473,1623,1623,1663,1662,1473,1623,1623,1663,1623,No
300000,Male,2,1,27,0,0,0,0,0,0,11645,13450,11671,12888,17915,18923,3513,2012,3902,7924,2932,2077,No
30000,Male,2,2,22,3,2,2,2,2,3,26061,25349,27826,27080,30525,29764,0,3200,0,3900,0,0,Yes
50000,Male,3,1,24,0,0,2,0,0,0,29341,27139,13295,14126,12185,8419,1806,1000,1112,366,503,500,No
80000,Male,2,2,24,1,2,2,2,0,0,178541,174189,183197,177641,149806,141706,0,11900,6500,6500,5800,6500,Yes
50000,Male,2,2,26,1,2,2,2,2,2,31392,32976,34154,33311,35246,34548,2400,2000,0,2800,0,3100,Yes
230000,Male,2,2,27,0,0,0,0,0,0,147530,150313,146464,144227,133638,136605,6800,6707,10038,4782,5119,5632,No
110000,Male,3,2,27,0,0,0,0,0,0,71048,74242,78032,81392,48022,48068,5000,5000,5000,5000,3709,0,No
140000,Male,2,2,27,0,0,0,0,0,0,80210,67746,76230,77954,78953,81848,10000,10000,3393,3260,5000,3000,No
140000,Male,2,2,28,0,0,0,0,-1,0,218318,135085,122762,76564,139508,142253,5000,6614,2198,140000,5413,4689,No
360000,Male,1,2,28,-1,-1,2,-1,-1,-1,2711,780,390,390,390,540,780,0,390,390,540,390,No
10000,Male,1,2,26,0,0,0,0,0,0,4457,5622,6673,7890,8628,9360,1400,1300,1500,1000,1000,0,No
180000,Male,1,2,26,-1,-1,-1,-1,-1,0,14565,9500,10122,770,4159,4159,9500,10122,770,4159,0,5243,No
120000,Male,3,0,26,0,0,-1,-1,-1,-1,45753,53323,5257,13781,8636,5698,13160,5272,13832,8661,5715,38852,No
130000,Male,2,2,25,2,0,0,0,0,-1,128947,126454,128179,75525,76862,6131,5006,4252,3000,1537,10000,21300,No
90000,Male,2,2,25,0,0,-1,-1,0,-1,2381,2908,1051,2422,1051,1051,1800,1052,2422,0,1051,83573,No
170000,Male,2,2,26,0,0,0,0,0,0,164408,153323,152429,154704,96724,73916,5700,7400,5600,4500,3000,3500,Yes
50000,Male,2,2,23,0,0,2,0,0,0,47378,50555,45532,47086,19045,19554,4000,0,2430,1000,800,700,No
400000,Male,1,2,26,0,0,0,0,0,0,98580,67946,161585,146093,129047,75427,8006,123692,7002,8167,3996,2000,No
10000,Male,3,2,24,0,-1,-1,0,0,0,9285,273,8327,9379,9566,9766,273,8327,1200,342,354,438,No
360000,Male,1,2,27,-2,-2,-2,-2,-2,-2,4614,6777,14101,11959,3184,7252,6813,14171,12023,3200,7288,1892,No
100000,Male,1,2,25,-1,-1,-1,-1,-1,-1,1522,291,1791,2367,4589,291,291,1791,2367,4613,291,291,No
80000,Male,1,2,25,-1,-1,2,-1,-1,-1,825,1650,825,825,825,825,1650,0,825,825,825,0,No
20000,Male,2,2,25,-1,-1,-1,-1,-1,-2,390,390,1128,19780,0,0,390,1128,19780,0,0,0,No
50000,Male,1,2,25,0,0,0,0,0,-1,15639,10504,11824,13018,12303,18584,1200,1500,1500,281,18584,1000,No
50000,Male,1,2,24,-1,2,-1,-1,-1,0,1959,662,1655,0,1250,1000,0,1655,0,1250,0,0,No
50000,Male,1,2,24,0,0,0,0,0,0,12570,11659,8312,11451,9312,7239,6000,6000,8000,186,0,0,No
150000,Male,1,2,26,2,2,2,2,2,0,164576,160500,170405,176048,161874,144124,0,14000,10048,0,5118,4517,Yes
190000,Male,1,2,25,0,0,2,0,0,0,3173,5270,5040,6050,6447,7339,2323,0,1103,500,1000,400,No
10000,Male,2,2,26,0,0,0,0,0,0,9861,15147,6641,15318,8610,8790,1099,2234,1135,1086,319,319,No
50000,Male,1,2,26,0,0,0,0,0,0,29021,28408,29117,28764,28390,29443,1768,1477,1444,1100,1500,1100,No
140000,Male,5,2,26,0,0,0,0,0,0,136013,136953,133265,82163,83238,85383,5300,6350,2900,2950,4000,3576,No
80000,Male,2,2,25,1,-2,-1,-1,-2,-2,0,0,431,0,0,0,0,431,0,0,0,0,No
50000,Male,2,2,26,0,0,0,0,0,2,42695,43679,44757,45703,48476,47603,2000,1781,1727,3500,0,3600,No
80000,Male,3,1,34,1,2,2,2,2,2,71104,72737,73987,72199,76621,78451,3400,3000,0,5637,3200,0,Yes
20000,Male,3,2,27,0,0,-2,-2,-2,-2,36908,0,0,0,0,0,0,0,0,0,0,0,No
170000,Male,2,2,27,0,0,0,0,0,0,156411,143042,126395,119365,112801,108241,7100,5500,5000,5000,5000,5000,Yes
210000,Male,1,2,27,1,-1,-1,-1,-1,-1,0,582,0,582,291,1027,582,0,582,291,1027,291,Yes
230000,Male,2,2,27,0,0,0,0,0,0,5504,4782,3864,3242,1428,2358,2000,2000,2000,300,2000,1400,No
50000,Male,1,2,28,0,0,-1,-1,-1,-2,23266,16093,19906,11132,0,0,5224,19906,11132,0,0,0,No
30000,Male,2,2,28,2,0,0,0,0,0,24104,25198,25988,27107,27450,29193,1800,1500,1600,1000,2100,1400,No
50000,Male,2,2,25,0,0,0,0,0,0,48424,50340,48395,49604,48397,49847,2710,2760,2750,1507,2000,1500,No
160000,Male,2,2,26,-2,-2,-2,-2,-2,-2,1987,0,99500,-500,-500,-500,0,99500,0,0,0,0,No
290000,Male,1,2,28,0,0,0,0,0,0,18359,18985,17742,17530,8135,7559,1500,1500,1021,185,387,2000,No
120000,Male,3,2,26,0,0,0,0,0,0,88143,83432,78471,77711,79250,55860,6000,4100,3000,3000,2000,0,No
50000,Male,2,2,27,0,0,0,0,0,0,45586,46573,47332,47382,47370,46200,3000,2200,1600,978,2000,1000,No
160000,Male,4,2,26,0,0,0,0,0,0,11152,11354,11486,12176,8044,0,5398,5676,8874,161,0,0,No
30000,Male,3,2,27,0,0,0,0,0,0,29584,25645,24564,25823,26269,26335,3000,2000,2000,2500,3000,2500,No
210000,Male,2,2,27,1,-2,-1,2,-1,0,0,0,709,397,1026,1026,0,709,0,1026,0,0,No
150000,Male,3,2,27,0,0,0,0,0,0,85993,81682,83467,86076,87829,58213,2922,3100,4000,3536,2200,2123,No
120000,Male,1,2,28,0,0,0,0,-1,-1,117303,15504,15748,15480,998,980,1256,1500,2000,998,980,0,Yes
100000,Male,2,1,28,1,-2,-2,-2,-2,-2,0,0,0,0,0,0,0,0,0,0,0,0,Yes
120000,Male,1,2,28,2,2,0,0,2,2,114127,110826,113559,118784,118967,108887,0,6000,9000,3425,45,3500,Yes
220000,Male,5,2,23,-1,0,0,0,0,0,181870,186428,190995,165452,170786,174213,7500,7500,7000,8000,8000,158956,No
140000,Male,2,2,26,2,2,2,2,2,2,119424,116014,133567,129953,136283,139961,0,19500,0,10000,6000,5000,Yes
20000,Male,2,2,24,1,2,2,0,0,0,6962,7898,7626,8692,9541,9885,1200,0,1200,1000,500,500,Yes
330000,Male,2,2,25,0,0,0,0,0,0,229229,227017,222040,218852,203312,196266,9520,8100,8500,7400,7200,7900,No
210000,Male,1,2,29,0,0,0,0,0,0,183214,167757,170663,169291,140384,138574,6000,8000,5556,5100,5016,5200,No
430000,Male,1,2,29,-2,-2,-2,-2,-2,-2,325,325,325,0,325,650,325,325,0,325,650,150,No
210000,Male,3,2,28,0,0,0,0,0,0,58340,58644,59855,61013,61097,65089,2107,3000,3000,2500,6000,8000,No
240000,Male,2,2,29,0,0,0,0,0,0,243774,242529,242079,243114,213930,219009,8891,12350,15969,7968,8700,17500,No
140000,Male,2,2,30,2,0,0,0,0,0,138421,137456,139977,136207,50464,49430,5000,6003,4771,2103,2000,43557,Yes
50000,Male,2,2,28,0,0,0,0,0,0,45622,47061,48264,27806,24901,25441,2500,2500,2000,2000,941,3113,Yes
400000,Male,1,2,28,-1,0,-1,0,0,0,21012,10107,240244,287499,86684,6796,5056,241366,278006,425,34,2966,No
160000,Male,5,1,28,0,0,0,0,0,0,154412,157364,157834,159877,155545,147330,7028,5823,4764,4251,4348,5000,No
130000,Male,1,2,28,0,0,0,0,0,-2,91092,94581,94580,30000,0,0,5000,3000,4000,0,0,0,No
160000,Male,2,2,26,-2,-2,-2,-2,-2,-2,3720,396,396,396,396,1353,396,396,396,396,1353,2423,No
30000,Male,2,2,27,0,0,0,2,0,0,25081,26358,29319,28510,29813,30179,2000,3700,0,2000,910,917,No
20000,Male,3,2,27,0,0,0,0,0,0,13384,14153,15417,16944,18992,15888,1300,1500,2000,2048,0,4500,Yes
200000,Male,2,2,27,0,0,0,0,0,0,202591,202924,204693,195319,193566,182175,7565,9593,6919,5666,4686,4500,No
20000,Male,2,2,27,1,-1,0,0,0,0,0,18965,20042,20115,20000,16433,18965,1391,1207,602,707,672,No
130000,Male,1,2,27,-1,0,0,-2,-2,-2,2219,4141,0,0,0,0,2000,0,0,0,0,0,No
100000,Male,2,1,30,-1,-1,-1,-1,-1,-1,416,416,589,1416,416,416,416,1005,1416,416,416,0,No
150000,Male,5,2,24,0,0,-1,0,0,0,10459,11445,122175,111847,76628,64200,2516,122685,3328,2230,2062,1891,No
100000,Male,2,2,25,0,0,0,0,0,0,83749,85463,87189,89539,91258,93343,4000,4000,4100,4000,3241,5000,No
40000,Male,1,2,27,2,0,0,0,0,0,10181,11058,11471,11776,12660,12660,2500,2000,1500,2330,2300,1000,Yes
50000,Male,1,2,26,0,0,0,0,0,0,43226,19278,18403,19369,20094,17934,1300,1300,1300,1000,1000,1000,No
150000,Male,2,2,32,1,2,0,0,0,0,127399,124835,127259,129115,131820,124322,0,5000,3500,3557,5929,23,Yes
50000,Male,2,2,29,2,2,2,0,0,0,46346,49612,48546,49157,49890,48941,4355,0,1900,1333,0,999,No
50000,Male,2,2,24,0,0,0,0,0,0,51112,51086,51365,50579,20413,20452,2109,2388,1602,900,838,707,No
60000,Male,2,2,29,2,2,2,2,2,2,35932,35060,38176,38452,39423,38660,0,4000,1200,1900,0,2900,Yes
320000,Male,1,2,30,-2,-2,-2,-2,-2,-2,5562,6061,3829,933,5446,8523,6091,3848,937,5473,8565,0,No
90000,Male,2,2,30,2,2,2,2,2,0,91562,67878,72323,71631,68427,69532,0,6500,2600,0,2700,3000,Yes
160000,Male,2,2,30,0,0,0,0,0,0,155967,151161,132051,93367,84622,87255,7541,5500,4200,3032,4000,2609,No
30000,Male,2,2,25,1,2,-1,0,-1,0,3997,2522,261,1261,772,390,0,261,1000,772,8,390,Yes
20000,Male,2,2,27,0,0,0,0,0,0,19812,17678,19068,19642,27988,1280,1291,1681,1255,672,52,0,No
150000,Male,2,2,27,0,0,2,0,0,2,58795,62799,61233,61915,69079,67852,5600,0,2300,8219,0,9000,No
70000,Male,1,2,28,-1,-1,-1,-1,-1,-1,5154,5835,5960,11780,1360,468,5860,5979,11780,1360,468,4615,No
180000,Male,1,2,28,0,0,0,0,0,0,40675,36126,30820,23852,17902,7784,1560,1735,1385,30,23,5411,No
320000,Male,1,2,29,-2,-2,-2,-2,-2,-2,9161,26156,13185,17439,66408,14333,28524,13270,17562,66751,14405,52677,No
90000,Male,2,1,29,0,0,0,0,0,0,84844,65217,63943,62327,55800,56800,2277,3489,1639,1136,1000,0,No
180000,Male,2,2,26,0,0,0,0,0,0,67276,65363,68877,48958,45255,41870,3000,10000,2000,1500,1500,1600,No
360000,Male,2,2,28,-1,-1,-1,-1,-1,-1,7156,9780,6672,11201,9718,8781,9849,6712,11244,9747,8806,11872,No
100000,Male,4,2,28,-2,-2,-2,-2,-2,-2,1000,0,0,0,0,0,0,0,0,0,0,0,No
160000,Male,2,2,27,-1,-1,-1,-1,-1,0,390,390,390,0,780,390,390,390,0,1170,0,540,No
50000,Male,2,2,27,2,2,0,0,0,0,43063,41932,38411,30659,30963,30505,0,1600,1712,1016,2500,0,Yes
50000,Male,1,2,29,0,0,0,0,0,0,27179,27878,28908,29922,30517,31164,1454,1484,1498,1093,1139,2039,Yes
160000,Male,5,2,33,-2,-2,-2,-2,-2,-2,144,6130,0,0,0,0,6636,0,0,0,0,0,No
20000,Male,2,1,30,4,3,2,2,2,3,19379,18775,19612,18864,20556,20211,0,1433,0,2125,0,0,No
250000,Male,1,2,27,0,0,0,0,0,0,144525,183569,186020,186465,113336,0,43089,6959,110000,0,0,132818,No
50000,Male,1,2,27,-1,0,0,0,-1,-1,33567,0,28971,30437,14106,794,2034,0,2500,1024,397,21885,No
30000,Male,2,2,26,3,2,2,0,0,0,30311,31213,30425,30062,30270,29176,1700,0,1310,908,915,1052,No
50000,Male,2,2,31,0,0,2,0,0,0,23051,18190,12521,14308,14769,15925,2719,0,2000,1000,1542,764,No
50000,Male,1,2,28,0,0,0,0,0,0,42046,47356,47445,49701,49068,0,11000,5000,5000,31507,0,0,No
50000,Male,3,2,28,0,0,0,0,0,0,57207,58211,48160,48398,17942,16334,2000,2100,1300,650,600,1652,No
200000,Male,1,2,28,-2,-2,-2,-2,-2,-2,2626,15912,1677,315,3042,374,15954,1677,315,3042,374,4500,No
80000,Male,1,2,28,0,0,0,0,0,0,75923,57259,50845,36207,32515,15128,2500,2548,2500,1100,1000,1000,No
220000,Male,1,2,29,0,0,0,0,0,0,146022,145114,121369,100807,104432,107209,7000,5433,6000,5000,6000,5000,No
60000,Male,1,2,28,0,0,2,2,0,0,59059,50579,24193,23511,24019,24481,3800,1900,0,1200,1000,3500,No
230000,Male,1,2,29,-2,-2,-2,-2,-2,-2,4649,3985,2234,-1,-1,-1,4004,2245,0,0,0,279,No
210000,Male,2,2,31,0,0,0,0,0,0,30785,29242,29883,30447,30803,29820,1472,1509,1469,1221,1100,1252,No
50000,Male,2,2,32,0,0,0,0,0,0,49292,48536,41045,41532,18646,19183,2661,3030,2124,646,828,1097,No
20000,Male,3,1,26,2,3,2,3,2,0,10449,10135,11926,11448,10970,11636,0,2100,0,0,1000,1000,Yes
320000,Male,2,2,28,0,0,0,0,0,0,46385,47439,48858,50893,52352,53480,2000,2000,3000,3000,1667,2019,No
180000,Male,2,2,28,1,2,2,2,2,2,29484,30309,28313,942,1038,492,2000,942,0,492,0,600,No
140000,Male,2,2,30,-1,-1,0,0,2,2,188,6229,7936,13194,5692,8410,6229,2000,5600,0,3002,2,No
30000,Male,3,2,25,0,0,-2,-2,-2,-2,1211,-50,-440,-830,-1220,-1220,0,0,0,0,0,2000,No
50000,Male,3,2,25,0,0,0,0,0,0,35227,36236,21068,18132,18405,16754,2011,2000,2000,1000,1000,1000,No
170000,Male,4,2,30,-1,-1,-1,-1,-1,-1,297,1093,2633,1291,3117,1267,1096,2640,1294,3126,1270,1002,No
80000,Male,2,2,29,2,0,0,2,0,0,9928,11446,13150,13233,13663,13994,2000,2200,600,650,700,1449,Yes
290000,Male,2,1,30,-1,-1,-1,0,0,0,8452,7718,237648,236463,146420,148600,7728,237648,8900,5300,5541,4700,No
20000,Male,2,2,28,2,2,0,0,0,0,17429,16849,17187,8585,8760,12000,0,1202,1000,175,3240,0,Yes
20000,Male,2,1,27,-1,-1,-1,-1,-1,-1,690,665,1164,1523,1228,500,665,1164,1523,1228,500,0,No
100000,Male,1,2,26,0,0,0,-1,0,0,1847,3614,3252,42058,33171,18379,2000,2000,42058,500,2000,2000,No
10000,Male,3,2,27,1,-2,-2,-2,-2,-2,0,0,0,0,0,0,0,0,0,0,0,0,No
30000,Male,3,2,28,0,0,0,0,2,2,22634,23638,24689,28809,30052,29057,1385,1440,4560,2001,1,1228,Yes
180000,Male,1,2,29,0,0,0,0,0,2,183887,93962,95955,98354,105327,107500,4000,3500,4000,8600,4000,0,No
160000,Male,1,1,31,1,2,0,0,-2,-2,3310,2250,1698,-51,-51,-51,0,1005,7,0,0,2821,No
390000,Male,2,2,29,0,0,0,0,0,0,65354,70758,70791,66495,52055,68567,20000,14000,10000,12000,30000,13000,No
90000,Male,2,2,28,0,0,0,0,0,0,42322,43314,44354,45372,46317,51292,1997,2037,2055,2000,5913,0,No
310000,Male,2,2,29,3,2,2,2,-1,2,400,400,400,400,20334,19050,0,0,0,20334,0,21573,No
100000,Male,2,1,29,0,0,0,0,0,0,66195,62771,63533,57079,16634,26438,2303,3000,3000,1000,10022,3065,No
50000,Male,3,2,27,-1,-1,-1,-1,-1,-1,3150,9375,725,21423,6308,12651,9375,730,21423,6308,12651,6243,No
500000,Male,2,2,30,0,0,2,2,0,0,20544,25756,26176,18124,8133,4051,5835,1055,23,9,20,15099,No
120000,Male,2,1,30,1,2,2,2,0,0,80226,81812,82922,80989,82761,84766,3500,3000,0,3120,3500,3100,No
80000,Male,3,1,29,0,0,0,0,0,0,52175,45429,46595,47224,46903,46973,2034,2200,1738,1796,1832,1842,No
140000,Male,1,2,27,0,0,0,0,0,0,88588,86625,89226,91680,93220,94456,3200,4000,4003,4003,4006,4000,No
50000,Male,2,2,31,1,2,0,0,0,-1,51086,49804,28662,29476,4011,1000,0,2000,1500,1000,1000,0,No
400000,Male,1,2,30,0,0,0,0,0,0,162540,155319,171087,172732,156830,139816,10000,32000,18000,5000,4000,10000,No
380000,Male,1,2,29,0,-1,-1,-1,-1,-1,24469,30689,19947,22529,3885,23616,30690,10007,24012,3906,24018,13024,No
110000,Male,1,2,29,0,0,0,0,0,0,104216,104343,142622,73702,75513,77111,7316,3000,6000,3000,2935,3011,No
130000,Male,2,2,29,1,-1,-1,-1,-1,0,-4,1198,101424,-1175,111715,52337,1202,101726,1228,114488,2000,2007,No
200000,Male,2,1,29,-2,-2,-2,-2,-2,-2,1418,3052,3538,17091,2413,1301,3066,3555,17175,2435,1307,5839,No
170000,Male,1,2,25,-2,-1,0,0,0,0,-1028,58324,57657,58832,60002,61260,60751,2100,2135,2148,2225,2396,No
50000,Male,2,2,27,0,0,0,0,0,0,17831,18139,18777,19662,19348,19355,1295,1323,1598,674,690,855,No
140000,Male,3,2,29,0,0,0,0,0,0,7307,11718,5280,8166,18002,22262,5000,3000,3000,10000,5000,2500,No
50000,Male,2,1,32,0,0,0,0,0,0,41266,50669,48942,27836,40346,38668,27004,1613,1484,3675,698,1000,Yes
100000,Male,4,2,29,0,0,0,0,0,0,92086,93153,96642,99362,100571,102680,3500,5000,4400,3669,3800,4000,No
200000,Male,2,1,32,2,2,2,2,2,0,110419,112518,114247,115896,112545,115565,5400,5000,5000,0,5000,4235,Yes
320000,Male,2,2,29,0,0,0,0,0,0,146515,131130,123226,111975,95510,79385,4697,5920,4000,3012,3000,3000,No
90000,Male,1,2,31,0,0,2,0,0,0,32581,36525,35660,36436,33548,32061,4500,0,3000,10000,2000,2000,No
220000,Male,2,2,31,0,0,0,0,0,0,167390,123981,250982,129905,131248,139420,6000,5000,6500,5000,10500,5200,Yes
170000,Male,4,2,28,0,0,0,0,0,0,169763,166286,162330,110034,97018,96056,6300,8138,4206,3366,3421,3642,No
150000,Male,2,2,28,1,2,0,0,0,0,155963,148095,143845,132677,86265,88390,12,8000,5300,3500,5000,4000,No
180000,Male,1,2,29,-2,-1,-1,-1,-2,-2,0,300,740,0,0,0,300,740,0,0,0,0,Yes
110000,Male,2,2,29,0,0,0,0,0,0,104968,107221,109494,111954,111771,111703,4000,4000,4300,4164,4500,4200,No
200000,Male,1,2,30,1,2,2,2,2,2,182499,184632,180260,192260,187714,195702,6600,0,15000,0,11013,5549,Yes
150000,Male,1,2,30,-2,-2,-2,-2,-2,-2,989,1023,7542,1200,0,0,1023,7542,1200,0,0,689,No
260000,Male,1,2,30,-2,-2,-2,-2,-2,-2,2322,1233,3302,6592,5008,3386,1233,3302,6592,5008,3386,2547,No
130000,Male,2,2,29,2,2,2,0,0,0,47272,47984,47113,48218,49408,50648,1600,0,1700,1800,2000,1800,No
500000,Male,1,2,29,0,0,0,0,0,-1,29378,20154,11963,8839,2678,3028,5000,8000,3000,1000,3028,8878,No
70000,Male,1,2,26,0,0,0,0,0,2,51897,51961,51435,51512,54709,52462,2230,2009,2397,5912,0,2448,No
90000,Male,2,1,29,-1,-1,-1,0,0,-1,500,715,26854,28146,0,2000,715,26854,3000,0,2000,0,No
50000,Male,2,1,30,4,3,2,0,0,0,49926,48840,46958,47796,48800,50108,0,0,2000,2000,2000,6000,Yes
170000,Male,2,2,30,-2,-1,0,0,0,0,352,14540,14315,15535,14453,16518,14547,1500,1542,1456,3521,1881,No
50000,Male,3,2,30,0,0,0,0,0,0,43702,44979,46755,47412,47703,49495,2000,2501,2000,2000,2500,2000,No
90000,Male,1,2,29,0,0,0,0,0,2,47585,48575,49922,51290,56608,55576,1782,2129,2497,6815,0,4275,No
200000,Male,2,2,29,0,0,0,0,0,0,69182,69862,44150,43874,41378,832,3000,3500,1500,500,1000,109586,No
20000,Male,2,2,32,0,0,-1,0,0,0,18472,19968,17199,18367,18130,18500,2000,17199,1600,363,370,1500,No
280000,Male,3,1,32,0,0,0,0,0,0,158798,163164,168543,172083,173850,177469,6000,7000,6762,4880,5050,5100,Yes
200000,Male,3,1,33,-1,-1,-1,-1,-1,0,5868,8654,3408,12019,22169,7416,8697,3439,12079,22219,185,12019,No
50000,Male,2,2,32,0,0,0,0,0,2,50240,50149,50021,44924,49669,42689,6000,8000,3000,9000,0,10000,Yes
100000,Male,1,2,32,0,0,0,-2,-1,-1,13565,8130,-332,-732,-1782,-2250,1000,0,1732,1268,2000,3500,No
120000,Male,2,1,32,-1,-1,-1,-1,-1,-1,1166,1491,995,1318,1322,2826,2000,1000,2000,1500,3000,0,No
160000,Male,2,2,32,0,0,0,0,0,-1,38254,38919,17243,18478,3541,6459,1907,2000,2000,300,6459,3000,No
360000,Male,1,2,29,-1,2,-1,-1,-1,-1,6902,1950,2618,2868,425,29879,141,2618,2868,425,29879,18780,No
200000,Male,2,2,33,-1,-1,-1,-1,-1,-1,18044,390,20718,390,390,390,390,20718,390,390,390,540,Yes
220000,Male,1,2,29,0,0,0,0,0,0,26012,25916,24998,23965,23865,23667,1410,1417,1333,731,1019,1045,No
80000,Male,1,2,30,-1,0,-1,0,0,0,5504,6187,100,600,1438,1919,1004,504,500,1000,500,3500,No
260000,Male,2,2,30,0,0,0,2,0,0,4640,5891,8840,8464,10068,10977,1500,4000,0,2000,1500,1000,No
80000,Male,2,2,30,0,0,2,-1,-1,-2,53627,64913,19476,61302,0,0,33000,56,62877,0,41150,81000,No
20000,Male,1,2,30,-1,0,0,0,0,0,82812,85352,91161,92910,98710,150,2697,6000,3000,6000,150,1832,No
50000,Male,2,2,31,0,0,3,2,0,0,10426,14466,13952,13418,13686,13456,4231,0,0,451,456,449,No
50000,Male,2,2,29,0,0,-2,-2,-2,-2,30900,0,0,0,0,0,0,0,0,1500,0,0,No
260000,Male,1,1,37,0,0,3,2,2,2,163553,192724,188441,191134,193673,197104,32000,0,7100,7000,6500,7000,Yes
50000,Male,2,1,38,0,0,0,0,0,0,16486,17800,18546,19476,18694,19427,1592,1338,1268,636,1000,722,No
190000,Male,2,2,28,0,0,0,0,0,0,359280,362680,161193,123203,85510,83704,10367,6596,4831,2806,2870,10017,No
200000,Male,1,2,33,0,0,0,0,0,0,48950,47766,42798,42142,37580,4831,2374,2355,1550,1000,500,461,No
140000,Male,2,1,48,0,0,0,0,0,0,131959,117153,109570,100086,76125,77720,4153,3965,3211,2772,2817,3211,No
130000,Male,1,1,42,-1,2,-1,-1,0,0,390,390,955,1170,1170,780,0,955,1170,0,0,0,Yes
50000,Male,3,1,26,1,2,2,0,0,0,14655,15688,13400,13596,13861,14255,1600,0,2000,2000,2000,2000,Yes
100000,Male,2,2,31,1,2,2,0,0,2,36204,37412,36537,37474,38732,39234,2100,0,2000,2000,1000,0,No
200000,Male,3,2,37,0,0,0,0,0,0,103715,104025,97749,99168,58256,59313,3942,4949,4800,2256,2313,2194,No
20000,Male,2,2,25,0,0,-1,0,0,0,5347,-1077,3347,4426,1906,942,5006,5000,2000,0,900,0,No
30000,Male,2,1,22,1,2,5,4,3,2,25147,28747,28029,27120,26154,25940,4311,0,0,0,0,0,Yes
30000,Male,2,1,27,4,4,3,2,2,3,10846,10533,10225,9912,11444,10975,0,0,0,1700,0,0,Yes
310000,Male,2,2,30,0,0,0,0,0,0,253549,259711,265931,245884,200380,221201,10400,11200,10840,9361,5300,8205,No
50000,Male,2,2,31,0,0,0,0,0,-1,49024,48778,96487,43639,5290,41302,1813,2079,2650,106,41302,2000,Yes
320000,Male,5,1,47,0,0,-1,-1,-1,-1,8748,5517,4980,7774,2582,3762,1285,4995,7834,2589,3773,0,No
160000,Male,2,1,45,0,0,0,0,0,0,155842,158665,132275,57318,42978,0,6139,4026,1492,860,0,0,Yes
50000,Male,3,2,31,0,0,0,0,0,2,45194,22298,16055,17281,18996,18553,1500,1500,1500,2000,0,1000,No
20000,Male,2,1,31,0,0,0,0,0,0,3769,4782,5797,6654,6786,7077,1239,1254,1111,243,400,252,Yes
330000,Male,2,1,32,2,2,2,2,0,0,60804,65779,66545,64877,66398,72113,6000,2400,0,2600,8758,2700,No
10000,Male,3,2,36,-1,-1,-1,-1,0,0,576,3100,3629,6260,5990,6520,4009,4011,6260,120,2000,2000,Yes
100000,Male,1,1,41,1,2,0,0,2,0,89137,86040,71910,65693,63835,18660,0,3515,6300,13,765,0,No
20000,Male,3,3,44,1,4,3,2,0,0,11027,10710,10398,10000,10000,10000,0,0,0,0,0,0,Yes
370000,Male,2,2,39,1,2,0,0,0,0,343248,334394,337272,340152,345904,322168,5,14005,12004,12362,12006,9555,Yes
190000,Male,3,1,41,0,-1,-1,-1,2,2,82926,326,176,804,478,952,326,176,954,0,950,0,No
50000,Male,2,1,35,0,0,0,0,0,0,20274,44996,21147,21964,21405,20297,2600,1800,1500,1000,1000,1000,No
180000,Male,1,2,28,0,0,0,0,0,0,26730,27757,28178,29055,59849,29840,1800,1500,2000,1400,1100,1400,No
60000,Male,2,1,30,1,2,2,2,2,0,46138,44832,47830,48458,47176,47461,0,4000,2000,0,2000,1700,Yes
170000,Male,1,2,29,0,0,0,0,0,0,175349,165527,147798,120811,117680,118907,5800,6520,5700,4300,4500,4500,No
150000,Male,2,2,32,0,0,0,0,0,0,146785,92750,73822,35706,28178,20782,3300,3114,2000,2000,2000,3700,Yes
100000,Male,2,2,32,0,0,0,2,2,2,34904,37007,42076,41105,44090,48914,3000,6000,0,4000,5700,2000,Yes
20000,Male,2,2,35,0,0,0,3,7,6,6855,11392,15863,20581,20298,19424,5000,5000,5000,0,0,1000,Yes
330000,Male,2,1,38,0,0,0,0,0,0,144729,124279,119672,95699,98424,101167,10000,4026,3507,5000,5000,5000,No
20000,Male,3,2,31,3,2,2,2,0,0,11358,10884,13109,12602,13093,13433,0,2716,0,700,700,500,Yes
200000,Male,3,2,32,-1,-1,0,-1,0,-1,4881,6685,34484,13361,5540,12495,6691,30088,13378,127,12502,109,No
90000,Male,3,3,40,0,0,0,0,0,0,53256,53695,55426,56544,57048,58421,1923,2597,2637,2041,2291,4824,Yes
150000,Male,3,1,39,-2,-2,-2,-2,-2,-2,0,0,0,0,0,0,0,0,0,0,0,0,No
20000,Male,3,2,47,1,2,0,0,0,2,17629,17053,17796,18729,19049,17300,0,1325,1258,1373,0,602,Yes
20000,Male,2,1,32,0,0,0,0,-1,-1,7162,8229,8290,0,390,780,1200,1000,0,390,780,0,No
180000,Male,1,1,48,0,0,0,0,0,0,64788,66092,65236,65912,66523,67020,3000,2370,3000,3000,2588,2500,No
50000,Male,2,2,29,2,2,2,2,2,0,35488,36606,37526,38214,37302,38546,2000,1800,1600,0,2000,1600,Yes
180000,Male,2,1,37,0,0,0,0,-2,-2,175287,180811,184389,-261,-261,-261,8440,8500,174,0,0,0,No
180000,Male,1,2,28,2,2,2,2,2,2,175154,175790,153515,130864,131569,128983,5100,50,14500,4500,296,4500,No
440000,Male,1,2,31,0,0,-1,-1,0,0,37547,29349,23713,25427,21187,26486,20016,29748,25448,10015,14501,11501,No
30000,Male,2,2,40,3,3,2,0,0,0,26129,25422,24728,26041,26511,27034,0,0,1730,1200,1100,1151,Yes
130000,Male,3,2,28,0,0,0,0,0,0,132703,132258,133781,133834,132336,132614,5000,6900,7000,7000,6000,5500,No
50000,Male,2,2,29,0,0,0,0,0,0,13200,12930,12684,12050,11005,9952,1506,1521,1148,364,355,390,No
130000,Male,2,1,42,-1,-1,-1,-1,-1,-1,396,396,396,396,396,396,396,396,396,396,396,396,No
50000,Male,2,2,34,1,2,2,2,0,0,53916,55036,56075,54515,52250,52433,2600,2500,0,2000,4000,0,Yes
50000,Male,2,2,35,0,0,0,0,0,0,49878,46785,41728,41163,29408,30047,1718,2070,1505,1500,1242,1300,No
50000,Male,3,1,42,0,0,0,0,0,0,42238,29224,23807,17623,17974,18350,1425,2000,1293,644,666,676,No
80000,Male,3,2,44,0,0,0,0,-1,-1,55297,56677,57687,4500,4500,0,2300,2200,1005,4500,0,0,Yes
50000,Male,3,2,49,0,0,0,0,0,0,48245,27656,23168,20245,20251,19970,1286,21578,1310,706,806,656,No
30000,Male,1,2,33,1,2,2,2,2,2,25826,27274,25744,27504,26987,26927,3000,0,3000,1000,1300,0,No
310000,Male,2,2,34,0,0,2,0,0,0,200328,48481,47426,48621,49743,50824,3860,0,2000,1895,2000,2000,No
120000,Male,2,2,35,0,0,0,2,2,0,49485,52108,56950,58419,56885,57920,3458,6300,3000,0,2103,2300,Yes
280000,Male,2,1,47,0,0,0,0,0,0,191759,189888,185018,182224,184859,185412,10051,10025,10009,10022,10049,7005,No
90000,Male,2,1,39,0,0,0,0,0,0,36703,38089,40162,41422,42172,34477,2000,3000,2000,1600,1500,2000,No
280000,Male,1,1,42,-2,-2,-2,-2,-2,-2,-26,-26,-26,-26,5294,-4,0,0,0,5320,0,919,No
10000,Male,2,1,44,0,0,0,0,0,0,6436,6398,5295,5635,8735,6745,3012,2000,3009,4000,0,0,Yes
340000,Male,1,1,43,-2,-2,-2,-2,-2,-2,185,4418,0,3931,2295,0,4418,0,3931,2295,0,2254,No
70000,Male,2,1,44,1,2,2,2,2,2,54297,52837,56581,55084,56071,59008,0,5200,0,2500,4000,0,Yes
560000,Male,2,1,49,0,0,2,2,-1,-1,13432,12762,7077,3416,3416,416,3300,1416,0,3416,416,3416,No
360000,Male,2,1,40,-1,-1,2,-1,-1,-1,1473,3125,1473,1473,1473,1473,3125,0,1473,1473,1473,1473,No
70000,Male,3,2,47,0,0,0,0,0,0,40862,38910,25151,25433,25544,24573,1421,2524,1584,695,686,525,No
220000,Male,2,1,45,0,0,0,0,0,0,165583,168400,171249,173455,88063,90240,6500,6000,4500,3000,3000,3000,No
200000,Male,1,1,40,-2,-2,-2,-2,-2,-2,820,820,820,820,590,2099,820,820,820,590,2099,820,No
180000,Male,3,1,39,0,0,0,0,0,0,24068,25071,26103,27113,27495,27914,1706,1738,1748,1130,1011,1016,No
210000,Male,2,3,39,0,0,0,0,0,0,173187,96550,82810,78255,77816,81392,4000,5000,5000,5000,5000,5000,No
50000,Male,3,1,44,0,0,2,0,0,0,5789,46897,43134,12909,8797,9934,43134,0,1219,257,2000,2000,No
50000,Male,3,2,34,0,0,0,0,0,0,44036,35498,33043,25556,24389,25436,4500,4000,3000,2500,4000,2500,No
210000,Male,1,1,34,0,0,0,0,0,-1,42617,67734,66612,65799,-41,8208,30020,4043,10329,0,8249,2572,No
20000,Male,2,2,37,3,2,2,7,7,7,2400,2400,2400,2400,2400,2400,0,0,0,0,0,0,Yes
170000,Male,1,2,36,2,2,0,0,0,0,177116,172711,167796,168915,121713,120909,0,6700,6000,4500,6000,4100,No
180000,Male,3,1,37,-2,-2,-2,-2,-2,-2,11368,3595,3837,5760,0,925,3595,3842,5760,0,925,2755,No
270000,Male,3,2,38,2,2,2,2,2,2,258442,263195,268769,263144,273783,239278,10350,11000,0,16002,111,8100,Yes
450000,Male,2,1,41,-2,-2,-2,-2,-2,-2,1068,1281,907,882,968,1243,1287,911,886,972,1249,1416,No
60000,Male,2,1,41,0,0,2,-1,-1,-1,27130,32932,31938,1236,720,16884,6300,0,1236,720,17000,0,Yes
30000,Male,2,1,36,0,0,4,3,2,2,22261,28083,27371,26645,25919,27535,6200,0,0,0,2038,1268,No
50000,Male,2,2,41,0,0,0,0,0,0,39369,40710,42736,43751,44619,45900,2000,3000,1729,1597,2000,1709,No
280000,Male,3,1,46,-1,-1,-1,0,0,0,14186,2752,41673,33715,16955,13500,2836,41721,2090,356,67,8162,No
420000,Male,1,2,33,1,2,2,-2,-2,-2,170146,9771,0,24683,23702,46093,0,20,24683,752,30002,1056,No
50000,Male,3,1,45,0,0,0,0,0,0,29287,29875,15028,5639,6389,7130,1600,1700,1250,1000,1000,1000,No
120000,Male,2,1,45,0,0,0,2,-1,-1,22573,22506,12440,10218,3516,4321,5000,10218,0,4500,4321,3000,No
50000,Male,2,1,41,1,4,3,2,2,2,32141,31350,30575,29784,31288,32634,0,0,0,2000,2000,0,Yes
120000,Male,1,1,49,0,0,0,0,0,0,10105,114804,117262,117427,116637,115794,106000,5800,5700,4400,8421,0,No
100000,Male,2,1,43,-1,-1,-1,-1,-1,-1,390,390,390,390,390,390,390,390,390,390,390,390,No
20000,Male,1,2,22,1,2,0,0,0,0,10591,10277,11304,12311,12410,13358,0,1500,1500,600,1300,0,No
20000,Male,3,2,24,5,4,3,2,2,-2,21151,20537,19933,19167,18767,18767,0,0,0,0,0,0,No
30000,Male,2,2,30,1,3,2,2,3,2,25907,25209,24524,29397,28628,32009,0,0,5621,0,4000,1500,Yes
240000,Male,1,2,30,-1,0,0,0,0,0,178911,182510,186450,190523,194405,182630,6581,6881,7181,7281,6638,6881,No
360000,Male,3,2,33,0,0,0,0,0,0,32290,33747,39840,46130,50534,53897,2000,7000,7000,5000,4000,4287,No
50000,Male,2,1,44,2,-1,2,0,0,0,1473,2423,950,1560,1170,780,2423,0,1000,0,0,0,Yes
180000,Male,2,1,46,-2,-2,-2,-2,-2,-2,390,3182,780,0,0,0,3182,780,0,0,0,0,Yes
220000,Male,1,1,39,0,0,0,0,0,0,96473,97887,94776,72842,46747,44236,10000,4000,5063,2000,1605,1697,No
30000,Male,2,2,42,-1,-1,-1,-1,-1,-1,2782,2975,2230,1390,4040,3080,2975,2230,1390,4040,3080,2190,No
50000,Male,2,3,41,0,0,0,0,0,0,31197,24486,24777,24521,16773,16524,4590,3000,3005,3014,3632,4006,No
360000,Male,2,1,36,-2,-2,-2,-2,-2,-2,4671,928,5384,499,596,2338,929,5405,500,597,2340,2649,No
360000,Male,2,1,34,0,0,0,0,0,0,49792,52399,52950,44625,21906,16190,3444,3053,3122,1030,610,519,No
20000,Male,2,1,40,0,0,0,0,0,0,14353,16580,16730,17930,18267,18604,3000,1800,2000,1000,1000,1000,No
230000,Male,2,1,36,-2,-2,-2,-1,0,-1,0,0,2800,346,346,999,0,2800,346,0,999,0,No
50000,Male,2,2,40,0,0,0,0,0,0,47060,48117,49161,50173,18279,18266,2154,2588,2600,1000,653,1000,Yes
420000,Male,1,1,42,-1,-1,-1,-1,0,-1,13218,24671,19725,23933,24648,18610,24671,21417,23941,8000,18610,8631,No
20000,Male,3,1,40,0,0,0,0,0,0,18987,19909,16623,17634,17985,18362,1258,1282,1293,644,667,743,Yes
20000,Male,3,1,40,0,0,2,3,2,2,13370,16326,17963,17386,16809,18137,3200,2200,0,0,1600,900,Yes
70000,Male,2,1,37,0,0,0,0,0,0,57981,66858,65303,63066,28291,25258,15000,3247,3500,837,1000,2500,No
40000,Male,2,1,46,2,2,2,3,2,3,27324,30108,32515,31698,33581,32772,3573,3206,0,2700,0,0,Yes
20000,Male,2,2,34,1,2,2,0,0,3,16456,17382,16814,18229,20314,19704,1500,0,1700,2700,0,600,Yes
140000,Male,1,2,30,-1,0,0,-2,-2,-1,13468,5600,0,0,0,5302,1000,0,0,0,5302,5251,No
130000,Male,2,1,33,-1,-1,-1,-1,-1,-1,99,99,99,99,99,98,99,99,99,99,98,894,No
240000,Male,1,1,35,-1,-1,-1,-1,-1,0,18079,6315,37046,0,1894,1894,6315,37046,0,1894,0,0,No
20000,Male,2,2,30,0,0,0,0,0,0,15070,16384,17413,18117,18632,19180,1568,1597,1301,816,1000,779,Yes
230000,Male,2,2,34,-2,-2,-2,-2,-2,-2,27178,0,856,6147,7387,13492,0,856,6147,7387,13492,6701,No
500000,Male,2,1,44,-2,-1,-1,0,0,0,77009,92353,223085,278999,207007,66516,94064,223792,85184,4803,1189,222429,No
20000,Male,2,1,46,0,0,0,0,0,0,17483,18552,19442,14678,16791,10361,1363,1256,1178,311,2264,0,Yes
50000,Male,2,1,42,0,0,0,0,0,0,44637,40976,40134,16764,15215,16733,1880,1299,3007,1450,3000,3000,No
130000,Male,1,2,38,0,0,0,-2,-2,-2,131197,133400,0,0,0,0,7000,0,0,0,0,0,No
400000,Male,2,1,42,0,-1,-1,0,0,-1,2984,3353,8372,7743,4984,3027,3369,8379,1074,124,3042,2891,Yes
50000,Male,3,1,40,2,0,0,0,0,0,37245,38324,39405,40748,41273,42206,1700,1700,2000,1500,1600,1600,No
360000,Male,1,2,30,-1,-1,-1,-1,-1,0,8195,99996,795,1000,6398,9418,100496,799,1005,6398,3020,3040,No
20000,Male,2,2,44,0,0,0,0,0,0,8843,9262,7102,5035,5152,2150,1115,1202,1000,117,246,0,No
160000,Male,1,1,40,-1,-1,-1,-1,-2,-2,500,1000,1000,0,0,0,1000,1000,0,0,0,720,Yes
420000,Male,3,1,32,-1,-1,-1,0,0,0,1875,2499,86074,73930,57807,51014,2499,86113,10000,2256,1529,30281,No
190000,Male,1,2,37,0,0,0,0,0,0,98588,80559,81481,75853,68074,64941,4007,4051,5013,3000,3000,3500,No
20000,Male,3,2,31,2,2,2,0,0,0,16509,19116,18028,18200,16844,18082,2906,0,1250,594,3000,819,Yes
410000,Male,1,2,32,-1,0,-1,-1,-1,-1,3339,13047,7764,623,4695,4133,10000,7764,623,4695,5973,4421,No
270000,Male,1,2,32,0,0,0,0,0,0,47116,47771,51414,52993,54962,56523,2000,5000,3000,4000,3000,3000,No
120000,Male,1,1,32,0,0,0,0,-2,-2,106552,110787,112900,0,0,0,6000,5500,0,0,0,0,No
30000,Male,2,1,33,0,0,0,0,0,0,30258,30539,29860,30350,59936,29962,2300,1009,30000,604,1500,2500,No
240000,Male,3,1,33,0,0,0,2,0,0,64853,67948,197032,169878,164926,160600,8000,157500,0,5759,5775,6407,No
300000,Male,1,1,33,0,0,0,0,0,0,31808,22743,22396,21055,14714,7323,1514,1216,3127,3046,2011,142,No
500000,Male,1,1,34,0,0,0,0,0,0,104638,104176,70726,45435,49408,53372,3780,3030,10327,10031,10255,115270,No
700000,Male,1,1,34,-2,-2,-2,-2,-2,-2,3609,6109,5810,7684,168,5836,6168,7105,7721,168,5836,52924,No
110000,Male,1,2,33,0,0,0,0,0,0,92575,86147,87889,61123,59395,52189,4000,5009,4000,3027,3000,2500,No
490000,Male,2,1,34,0,0,0,0,-1,0,25015,20912,18817,13424,162851,151961,1340,1397,3193,162856,5461,5010,No
500000,Male,1,2,34,0,0,0,0,0,0,32282,32307,7403,12225,16702,21253,5000,5000,5000,5000,5000,8000,No
50000,Male,2,2,43,-1,-1,-1,-1,0,-1,396,396,396,792,396,396,396,396,792,0,396,792,Yes
430000,Male,1,1,42,-2,-2,-2,-2,-2,-2,11362,11461,5741,8897,1350,10184,11461,5745,8935,1350,10184,4190,No
200000,Male,2,1,37,-1,-1,0,-1,-1,0,29312,19203,9544,15296,7045,10712,19313,9455,15306,7055,10700,12389,No
270000,Male,3,2,38,0,0,0,0,0,0,263842,179711,185948,184252,183601,187003,11021,12041,8028,7001,5454,6001,No
220000,Male,2,1,49,-1,-1,-1,0,0,0,540,1148,20752,19397,19581,25071,1158,20752,1051,7120,14928,1177,No
20000,Male,2,2,34,-1,-1,-1,2,2,-2,390,390,780,780,0,0,390,780,0,0,0,0,No
280000,Male,1,2,35,1,-2,-2,-1,-1,-2,-2,399,182,4411,976,4968,401,183,4429,981,4992,4517,No
70000,Male,2,1,49,0,0,0,0,0,0,59156,54472,51258,48564,47512,48164,2020,2011,2013,2001,2000,2201,No
120000,Male,2,2,41,1,2,0,0,-1,-1,121988,90063,27941,11990,390,390,0,1600,1000,390,390,0,Yes
340000,Male,2,1,49,0,0,0,0,0,0,317686,302986,263928,260916,257001,210033,17000,18000,13000,12000,12000,8000,No
350000,Male,2,1,49,0,0,0,0,0,0,213236,207648,212177,200000,197544,201886,7600,8008,7200,7200,7500,7500,No
60000,Male,1,1,37,2,0,0,0,0,0,21962,23592,25702,26961,28509,29546,2000,2500,2000,2000,1500,2000,Yes
290000,Male,2,1,42,-2,-2,-2,-2,-1,-1,0,0,0,0,1855,3940,0,0,0,1855,3940,2490,Yes
30000,Male,2,1,37,0,0,0,0,0,0,15054,15104,15428,16273,16305,780,1551,1265,1500,841,0,0,Yes
180000,Male,2,2,31,0,0,-1,-1,-1,-1,6221,3571,4333,3334,3334,3334,1000,4337,3334,3334,3334,3334,Yes
50000,Male,2,2,49,0,0,0,0,0,0,59236,53689,48551,34656,18077,18815,2000,2124,2047,5618,1000,2000,Yes
160000,Male,2,1,39,0,0,0,2,2,0,34171,34939,38038,38683,37764,39053,1639,3683,1564,0,2053,3228,Yes
30000,Male,6,2,49,0,0,0,0,0,0,29429,29959,29467,28292,28819,28787,3000,1800,2000,2590,10000,1452,No
240000,Male,1,2,47,2,2,-2,-2,-2,-2,2500,0,0,0,0,0,0,0,0,0,0,0,Yes
260000,Male,3,2,43,0,0,0,0,0,0,154386,151549,158888,144169,151679,143995,10000,10000,10000,10000,8000,10000,No
50000,Male,3,2,39,2,0,0,0,0,-1,42245,42022,45811,48192,9498,6733,30003,13000,9036,6190,10135,16000,No
180000,Male,1,2,37,-1,-1,-1,-1,0,0,49531,45612,0,245863,250472,251024,45612,0,245863,5009,5040,0,No
110000,Male,3,1,43,-1,-1,-1,-1,0,0,390,390,5050,63032,33228,31073,390,5050,63032,1100,1100,1000,No
130000,Male,2,1,33,-1,-1,-1,-1,-1,-1,390,390,390,390,390,390,390,390,390,390,390,390,No
130000,Male,2,1,48,-2,-2,-2,-2,-2,-2,1115,1897,1020,3640,948,9071,1902,1023,3650,950,9093,4,No
240000,Male,2,2,38,0,0,0,0,0,0,167544,168609,172591,145144,141134,127242,8400,10000,7500,5600,5500,4600,No
360000,Male,1,2,38,-1,-1,-1,-1,-1,-1,1800,2410,2722,2961,2669,2054,2413,2738,2969,2677,2060,2071,No
150000,Male,1,2,37,-1,-1,0,-1,0,0,305,87920,17991,101553,95786,82645,89524,19406,102989,2608,7845,0,No
220000,Male,2,2,30,0,0,0,0,0,0,226613,217800,189016,137788,106713,96588,7667,7261,5170,4054,4500,1225,No
180000,Male,1,2,31,0,0,0,0,0,0,17426,29047,30572,38043,39441,42652,12000,2000,8043,2000,4000,12500,No
390000,Male,1,1,32,0,0,0,0,0,0,26214,25100,34131,31120,15768,30831,6000,10778,7063,7060,30009,10025,No
100000,Male,1,1,44,0,0,0,0,2,0,81786,84489,86298,90857,89208,91119,3400,3400,6200,0,2800,2800,No
10000,Male,2,2,37,0,0,0,0,0,0,17018,13789,8236,9130,7302,7981,1117,2800,1200,265,800,500,No
80000,Male,3,1,42,-2,-2,-2,-2,-2,-2,390,1780,120,0,0,0,1780,360,0,0,0,0,No
330000,Male,1,1,48,-2,-2,-1,-1,-1,-1,0,12089,28933,14553,12400,20805,12089,28933,14553,12400,20805,0,No
20000,Male,2,1,47,0,0,0,2,2,2,10628,11650,14252,13678,15041,14751,1200,2800,0,1500,0,1000,Yes
270000,Male,1,2,33,-1,-1,0,-1,0,0,288,765,1277,42402,33855,32349,765,1004,42522,1026,10000,1041,No
280000,Male,2,2,33,-2,-2,-2,-2,-2,-2,0,2650,3294,3640,2720,7598,2650,3294,3640,2720,7598,4434,No
180000,Male,2,2,33,0,0,0,0,0,0,103956,103230,105945,111065,122028,125069,4100,4400,10000,12900,5000,5000,No
350000,Male,3,1,44,-1,-1,-1,-1,-1,-1,266692,3551,33112,2341,63698,38355,3569,33276,2353,64017,38546,435,No
200000,Male,3,1,44,2,0,0,0,0,0,147817,121668,67240,69798,72243,75277,11000,11000,5000,5000,5000,3000,Yes
50000,Male,2,1,41,0,0,0,0,0,0,49401,50079,50463,49407,29708,29308,1803,1988,1514,1041,1056,1078,Yes
500000,Male,1,1,41,0,0,2,2,-1,2,62289,63485,2015,-121,679,529,2608,0,0,800,0,1500,No
140000,Male,1,1,43,-1,-1,-1,-1,-1,-1,1453,1872,1249,1872,1453,1453,1872,1249,1872,1453,1453,1034,No
180000,Male,1,1,40,-2,-2,-2,-2,-2,-2,0,0,0,0,0,0,0,0,0,0,0,0,Yes
540000,Male,6,2,49,0,0,0,0,0,0,83722,86030,82860,20879,3698,209167,3538,4380,2067,564,207019,6716,No
30000,Male,1,2,28,-1,-1,-1,-1,-2,-2,598,0,950,0,0,0,0,950,0,0,0,0,No
270000,Male,1,1,42,-1,-1,-1,-1,-1,-1,6532,3904,8537,5048,7507,24170,3923,8537,5056,7507,24170,3840,No
210000,Male,1,2,28,1,-2,-2,-2,-2,-2,0,0,0,0,0,0,0,0,0,0,0,0,No
160000,Male,4,1,45,1,-1,-1,-2,-1,0,0,10427,0,0,1817,1817,10427,0,0,1817,0,4700,No
50000,Male,3,2,39,0,0,-1,-1,2,0,34617,34390,810,19009,18035,18364,1000,810,51000,0,1000,1000,No
50000,Male,2,2,29,-1,-1,0,-1,-1,-1,5140,9377,5140,5140,5140,5140,9377,1000,5140,5140,5140,2600,No
200000,Male,2,1,33,0,0,0,2,-1,-1,57579,50612,10537,5552,2506,9443,5250,10023,27,2614,9454,5019,No
240000,Male,1,2,35,-1,-1,2,-1,0,-1,325,650,325,2250,1925,1925,650,0,2250,0,1925,1925,Yes
50000,Male,1,2,32,1,2,2,2,2,2,45997,47003,46468,47198,49634,48708,2064,500,1800,3528,0,3000,Yes
80000,Male,2,2,28,0,0,0,0,-2,-2,10677,9478,4603,0,0,0,2017,1033,0,0,0,1820,No
80000,Male,2,1,34,2,2,2,0,0,0,81882,81814,78353,78814,49062,48764,3650,0,3328,1888,1787,1960,Yes
80000,Male,2,1,30,2,0,0,0,0,3,13708,22668,31456,40111,48633,56740,9200,9200,9200,9200,9200,0,Yes
200000,Male,2,1,38,0,0,0,-2,-2,-2,7400,2872,212,2387,0,-2620,1005,220,2387,0,0,3380,No
200000,Male,3,1,41,0,0,0,0,0,0,171929,157860,145044,137480,6320,780,7000,8080,6000,0,0,0,Yes
290000,Male,1,2,38,1,-2,-2,-2,-2,-2,0,0,0,0,0,0,0,0,0,0,0,0,No
80000,Male,2,1,39,0,0,0,0,0,0,145905,147860,78545,19212,36800,18900,5107,3269,1400,368,1000,0,No
250000,Male,1,1,40,0,-1,-1,-1,-1,2,307321,4696,5579,8537,2500,2500,4730,5607,8634,2500,0,0,No
50000,Male,2,1,37,1,-1,-1,-1,-1,-2,0,780,390,780,0,0,780,390,780,0,0,0,No
240000,Male,2,1,45,0,0,0,0,0,0,228278,232449,223853,225623,221130,225446,10000,9000,10000,8301,9000,13000,No
130000,Male,2,1,43,0,0,0,-1,-1,-1,59762,61877,60390,390,390,390,3496,1208,390,390,390,390,No
190000,Male,2,1,45,0,0,0,0,0,0,82764,63105,55282,50864,48782,49241,5000,2600,2000,3000,5000,2000,No
20000,Male,2,2,40,-1,-1,0,0,0,0,1261,11839,9610,7004,10614,10433,11839,1266,1000,5000,209,0,No
170000,Male,2,1,35,1,2,2,2,2,0,17920,19229,18642,19743,19422,3644,1900,0,2000,0,500,500,No
50000,Male,3,1,46,1,2,0,0,2,0,35556,34685,36121,38135,37416,38503,0,2000,2800,0,1500,2500,No
240000,Male,2,1,31,0,0,0,0,0,0,230234,224376,230666,219162,189589,193546,8200,10000,8000,10000,6531,5543,No
200000,Male,1,2,31,1,2,2,3,2,2,182307,186128,197509,193046,194368,182903,8300,15900,200,6100,7000,0,Yes
130000,Male,1,2,31,1,-2,-2,-2,-2,-2,0,0,0,0,0,0,0,0,0,0,0,0,No
360000,Male,5,1,31,0,0,0,0,0,0,270955,275178,280535,82455,83359,85171,8000,7500,3500,2500,2500,2600,No
200000,Male,1,2,33,0,0,0,2,0,0,54713,58184,62286,61305,62846,42634,5000,5700,2000,3000,2000,1000,No
160000,Male,3,2,38,0,0,0,0,0,0,138937,152723,138767,131237,76104,56237,120000,10000,10000,5000,3000,5000,No
230000,Male,1,1,39,-1,-1,-1,-1,-1,-1,660,660,660,660,660,660,660,660,660,660,660,660,No
280000,Male,1,1,38,1,-1,-1,-1,-1,-1,4608,5393,2369,3700,5024,5188,5410,2380,3709,5849,5606,5299,No
210000,Male,1,1,40,0,0,0,0,2,0,23764,21911,23204,19709,14418,13366,1367,1777,1577,0,1366,3130,No
380000,Male,3,1,39,0,0,0,0,0,0,37096,45148,60615,65016,69286,67455,10012,20012,10014,10048,10022,20153,No
270000,Male,2,1,36,1,2,0,0,0,0,5714,3548,11419,20787,23471,25987,0,11000,10000,5000,5000,3000,Yes
150000,Male,2,2,34,-1,-1,-1,2,2,-2,917,167,1371,1200,0,0,2000,1371,0,0,0,0,No
110000,Male,1,2,30,1,2,2,2,2,2,88312,90163,92035,93231,94309,96258,4200,4200,3600,3500,3600,0,No
500000,Male,1,2,32,-1,0,0,0,-1,-1,27318,46364,30327,16314,1151,3074,40019,16107,3325,1151,3074,4984,No
100000,Male,2,2,41,-1,2,2,2,2,2,1941,3255,3056,4998,4769,9691,1500,0,2000,0,5000,0,Yes
130000,Male,1,2,30,0,0,0,0,0,0,80528,77939,78524,63421,60269,59984,3700,3916,3000,3000,3000,1000,No
200000,Male,1,2,34,2,0,0,0,2,2,150493,156449,162377,174501,155355,129942,10000,10000,15000,0,10000,0,Yes
280000,Male,2,2,47,0,0,0,0,0,0,229281,233992,186321,180598,20596,15311,20213,8003,9002,5000,5000,5000,No
420000,Male,1,1,39,0,0,0,0,0,0,100333,102906,105030,107146,107896,110149,5138,5267,5347,4019,4152,4173,No
380000,Male,1,2,29,-1,-1,-1,-1,-1,0,388,388,388,388,775,387,389,389,389,776,1,435,No
220000,Male,1,2,33,1,-2,-2,-2,-2,-2,0,0,0,0,0,0,0,0,0,0,0,0,Yes
310000,Male,2,1,35,-2,-2,-2,-2,-2,-2,-354,-354,-354,-354,-354,-354,0,0,0,0,0,352,No
310000,Male,2,1,48,0,0,0,0,0,0,102646,101640,102740,97791,86200,83017,5200,4700,4250,3100,3100,3100,No
170000,Male,1,2,36,-1,-1,-1,-1,-1,-1,37830,11160,4336,947,316,3797,11376,4346,947,316,3797,316,No
50000,Male,1,2,35,0,0,0,0,-1,0,49241,26539,53920,0,47566,48393,1600,1000,2500,47566,1700,2000,No
390000,Male,1,1,41,-2,-2,-2,-2,-2,-2,7015,500,321,4411,1069,448,500,321,4412,1069,448,2661,No
20000,Male,2,2,24,0,0,0,-2,-2,-2,18196,19495,-280,-280,-280,-670,1775,0,0,390,0,1600,No
80000,Male,1,2,26,0,0,0,0,0,0,18229,27416,25253,5549,4549,4549,10000,2000,2000,0,0,3000,No
200000,Male,2,2,25,-1,0,0,0,0,0,88569,101979,143982,146700,149339,162121,15000,43982,5150,6000,15027,463,No
80000,Male,2,2,27,1,-2,-2,-1,-1,-2,0,0,0,200,0,0,0,0,200,0,0,698,No
200000,Male,1,2,28,0,0,0,0,0,0,87390,115312,142912,161874,176431,180153,30002,30002,21876,16433,5661,5349,No
130000,Male,2,2,30,0,0,0,0,-1,0,70142,10724,3995,7556,125682,128453,1100,2000,5000,128000,4700,4600,No
200000,Male,2,1,28,3,2,2,7,7,7,2443,2443,2443,2443,2443,2443,0,0,0,0,0,0,Yes
20000,Male,3,2,48,3,2,2,7,7,7,250,250,250,250,250,250,0,0,0,0,0,0,Yes
310000,Male,2,2,35,-2,-2,-2,-2,-2,-2,2186,1528,22217,-5,1116,374,1532,22328,0,1121,401,0,No
160000,Male,3,1,40,0,0,0,0,0,0,150451,152384,155976,157793,158652,157163,7000,7500,6008,5516,6011,6009,No
190000,Male,2,2,40,2,2,2,2,2,2,149411,145613,156765,159386,161870,165725,0,15000,6600,6500,6500,7000,Yes
110000,Male,2,1,49,0,0,0,0,0,0,51395,51803,52888,54570,55368,56623,1855,1921,2563,2300,2300,1704,No
150000,Male,2,2,49,0,0,0,0,0,0,86035,86414,87852,88692,90211,91543,3090,3218,3196,3360,3310,3573,No
90000,Male,1,1,37,0,0,0,0,0,0,51438,40028,38704,37135,35141,33502,1950,2000,1800,1150,1200,1150,No
150000,Male,1,2,34,0,0,0,0,0,0,56142,60855,53256,60945,60720,57407,10115,15010,10015,3022,1522,2013,No
160000,Male,1,1,41,-1,-1,-1,-1,-1,2,776,230,1350,1310,2374,1444,230,1500,1310,1444,0,1000,Yes
20000,Male,2,2,26,1,2,2,0,0,2,8476,10187,9885,11398,12208,11869,2000,0,2000,1000,0,1200,Yes
420000,Male,2,1,41,0,0,0,0,0,0,193370,198053,202618,197985,200163,2559,4988,4976,6019,5065,1035,182778,No
30000,Male,2,1,30,0,0,0,0,0,-1,29202,30695,29342,23572,21381,28609,2001,10019,1219,1032,28609,1269,No
200000,Male,1,2,38,2,-1,-1,-1,-1,-1,1810,3388,-12,1081,1884,2089,3405,0,1093,1893,2097,7132,No
500000,Male,1,1,39,2,0,0,2,2,2,15776,17467,120972,117088,121283,117583,3004,106000,0,8008,78,10549,Yes
30000,Male,3,1,42,1,2,0,0,0,0,14655,12731,13225,16952,11920,0,14,3000,5000,1000,0,0,No
360000,Male,2,1,46,-2,-2,-2,-2,-2,-2,8746,3093,1935,1205,1320,1068,3108,1952,1219,1326,1073,191,Yes
130000,Male,2,1,38,0,0,0,0,-2,-2,233617,115431,35400,0,0,0,10000,5000,0,0,0,0,No
20000,Male,2,1,45,-2,-2,2,2,2,2,-2044,1961,2983,2790,3589,3388,5966,1201,0,1000,0,1000,No
200000,Male,1,2,34,-2,-2,-2,-2,-2,-2,1740,10108,291,2515,1133,-363,10108,291,2515,1133,0,0,No
340000,Male,1,1,39,0,0,2,2,0,0,177237,188765,193224,192578,195073,206924,16100,9000,4000,7200,15200,0,No
50000,Male,1,1,33,0,0,2,0,0,0,40505,46745,45727,45515,45470,4220,6930,0,1200,155,3000,0,No
360000,Male,1,2,33,-2,-2,-2,-2,-2,-2,780,286,0,0,390,-200,286,0,0,390,0,0,No
200000,Male,2,2,35,-1,-1,-1,-2,-1,-1,1121,4621,4318,1640,6614,707,4621,4351,1654,6614,707,0,No
50000,Male,2,2,33,0,0,0,0,0,0,47364,48355,49715,49736,17599,16753,1780,2140,1161,510,503,500,Yes
560000,Male,2,1,36,-2,-2,-2,-2,-2,-2,4286,3273,2300,4930,2043,1019,3282,2306,4930,2049,1019,2580,No
20000,Male,3,2,38,0,0,0,0,0,0,12248,15023,16773,18394,19268,14850,3000,2000,2000,2000,1003,904,No
360000,Male,1,1,42,0,-1,-1,-1,-1,-1,30860,20180,21908,1780,47307,0,20204,21908,1780,47307,0,0,No
50000,Male,3,1,39,0,0,0,0,0,0,23257,22938,21583,22453,21618,19525,1333,1500,1274,700,700,688,No
70000,Male,2,2,35,1,2,2,0,0,0,44193,46168,45166,36283,20861,21374,3000,102,2400,894,1000,1000,Yes
280000,Male,2,1,49,0,0,0,2,0,0,32311,32812,34943,33892,28005,22011,1429,2950,0,792,633,434,No
280000,Male,2,2,39,-2,-2,-2,-2,-2,-2,6251,12501,4873,4071,-30,-30,12577,4897,4176,0,0,0,No
50000,Male,3,1,37,0,0,0,0,0,0,44320,45211,45559,46164,46685,47272,2021,3259,1754,1665,1723,2099,No
160000,Male,2,1,40,0,0,0,0,0,0,101782,102308,103620,98888,94288,97504,3710,4000,4000,3500,7200,0,No
240000,Male,3,1,40,0,-1,-1,-1,-1,0,8936,1649,2999,2840,4114,5923,1658,3010,2840,4114,3923,3673,No
300000,Male,2,1,48,1,-2,-2,-2,-2,-2,0,0,0,0,0,0,0,0,0,0,0,0,No
280000,Male,2,1,39,2,0,0,0,0,0,130549,131955,134910,139280,139188,271388,5000,5000,6585,6409,6046,3053,Yes
530000,Male,1,2,30,0,0,0,0,0,0,205848,214022,393664,235392,232640,239004,13000,20000,10000,10000,10000,9000,No
120000,Male,2,2,32,-1,-1,-1,-1,-1,-1,7111,5894,7670,20440,4260,15308,6000,7680,20440,4260,15308,7000,No
500000,Male,1,1,35,-1,-1,-1,-2,-1,-1,6257,10445,7009,12515,8037,7944,10492,7114,12587,8071,7978,13896,No
70000,Male,2,1,31,0,0,0,0,0,0,3588,3204,2330,1499,1327,671,1505,1005,1002,503,502,0,No
10000,Male,2,2,31,-1,-1,-1,-1,-1,-2,390,390,0,780,0,0,390,0,780,0,0,0,No
500000,Male,1,1,41,-1,-1,-1,-1,-1,-1,11060,6860,27243,2487,6269,10744,6895,27398,3104,6300,10797,4882,No
340000,Male,1,1,41,-2,-2,-2,-2,-2,-2,11379,11086,3112,3351,1259,19271,11258,3112,3351,1259,19271,16992,No
10000,Male,3,2,37,0,0,0,0,0,0,4950,5963,6983,7993,8151,8322,1103,1123,1133,291,302,1000,Yes
140000,Male,2,2,41,0,0,0,0,0,2,185948,170133,155737,140586,136641,117308,6088,5677,4797,15414,0,2330,No
50000,Male,2,2,36,-1,-1,-1,-1,-1,-1,1261,1261,1665,1261,1261,390,1261,1665,1261,1261,390,390,No
270000,Male,2,1,44,2,0,0,0,0,0,187352,179247,180535,187524,185895,190396,8000,6700,10027,6700,7500,7000,Yes
290000,Male,2,2,30,0,0,0,0,0,0,65369,67270,65357,66893,69740,56411,3360,3000,3000,4000,2500,8000,No
50000,Male,1,2,33,-1,2,2,2,0,0,36363,35483,48256,47098,46898,150,0,13500,0,0,0,0,No
290000,Male,1,2,41,0,0,0,0,0,0,275367,255049,247090,242309,238609,238712,10580,9006,8507,10902,8600,8671,No
200000,Male,1,2,31,0,-1,-1,0,0,0,9080,14280,13918,22836,20105,4415,14280,13918,12836,8000,1000,0,No
50000,Male,1,2,31,2,0,0,0,0,0,56251,50758,49517,49528,44768,40295,8705,2501,2005,1312,1614,1706,No
290000,Male,1,2,32,-1,3,2,0,0,0,3739,3738,3737,179546,182148,185484,0,0,179460,6900,6600,7800,Yes
130000,Male,1,2,36,1,2,2,2,0,0,128190,131094,132549,128646,100845,101545,6500,5000,0,3512,3606,3699,No
220000,Male,2,1,47,-1,-1,-1,-1,-1,-1,3489,6246,29390,8460,19000,13550,6261,29390,8489,19000,13550,2969,No
250000,Male,1,2,33,0,0,0,0,0,0,76412,80024,83952,87147,91191,94220,5000,5000,5000,5000,4000,5000,No
150000,Male,1,1,38,5,4,3,2,2,-2,288585,282677,159283,148309,143972,139650,0,0,0,5000,5000,0,Yes
160000,Male,2,2,37,0,0,0,0,0,0,140266,133372,129619,116388,114022,111743,5019,5000,4156,4500,4500,4000,No
360000,Male,1,1,34,-2,-2,-2,-2,-2,-2,2433,1218,505,843,-4,2237,1230,505,843,4,2241,56,No
60000,Male,3,1,43,0,0,0,0,0,0,44057,42706,42345,42849,17490,15633,1669,2000,1870,1000,586,619,No
20000,Male,2,3,48,0,0,0,2,0,0,16537,16192,16926,17333,16820,17175,1500,3500,1000,1000,1000,1000,No
50000,Male,3,1,45,0,-1,-1,2,-1,-1,10522,261,1305,1134,1073,1312,261,2305,0,1200,1500,0,Yes
60000,Male,3,1,41,0,0,0,0,0,0,58563,58344,57920,58064,55928,57108,2826,2269,2277,2002,2081,2395,No
460000,Male,1,2,39,0,0,0,0,0,0,290372,287696,197014,179698,167727,136894,15495,10089,8077,6184,8047,6035,No
240000,Male,5,1,40,-2,-2,-2,-2,-2,-2,19295,2054,6984,0,0,0,2054,6984,0,0,0,0,No
30000,Male,2,2,44,2,0,0,0,0,0,17766,18771,19965,20865,23465,24465,1306,1500,1400,3000,1000,0,Yes
50000,Male,2,1,41,0,0,0,0,0,0,43607,45375,46836,48635,19373,20129,2500,2500,3000,1500,2000,3000,No
120000,Male,2,1,41,-2,-2,-2,-2,-2,-2,0,0,0,0,0,0,0,0,0,0,0,0,Yes
120000,Male,2,2,32,0,0,0,0,0,-1,114476,113995,116574,117041,50980,51285,4100,6000,5000,5000,58895,5000,No
230000,Male,1,2,40,-2,-2,-2,-2,-2,-2,6514,7882,162,-868,-868,-868,7882,162,0,0,0,0,Yes
20000,Male,2,2,34,2,2,2,0,0,0,17497,20690,20075,19492,19859,19232,3500,0,1500,805,7000,542,Yes
360000,Male,2,1,33,-1,-1,-1,-1,0,0,15299,44439,22637,101497,68960,28399,44730,22751,101691,2233,6138,16113,No
500000,Male,1,1,30,0,0,0,0,0,0,74797,75753,78031,78946,76689,77968,2800,3500,2818,2743,3000,10000,No
30000,Male,2,1,45,1,2,2,2,2,2,14728,15777,17224,18241,18446,18009,1600,2000,1600,800,0,1600,Yes
170000,Male,1,2,29,-1,2,-1,2,-1,-1,14479,27045,19041,12769,6283,3093,70,19136,64,6314,3107,3494,No
240000,Male,2,2,41,0,0,0,0,0,0,226047,230787,236518,232756,214781,219313,10000,11000,10300,7700,8000,8100,No
230000,Male,1,1,40,-2,-2,-2,-2,-2,-2,169,2008,3587,2663,2660,2997,2018,3605,2681,2673,3012,2583,No
180000,Male,1,2,31,1,2,2,2,2,2,172505,166692,176869,347813,171041,181637,0,16000,6000,0,15000,7000,No
210000,Male,3,1,38,2,2,2,2,2,2,122157,130309,116004,78564,37154,0,12301,16,5812,218,0,0,Yes
460000,Male,1,2,44,2,2,2,2,2,2,282944,288729,295114,299739,304319,299400,12000,12500,11000,11000,0,27000,Yes
200000,Male,1,1,47,1,2,2,0,0,0,198663,201996,194396,166515,163673,145683,8013,13,8684,5500,7437,4600,Yes
80000,Male,2,1,40,0,0,0,0,0,0,71578,71896,73744,73572,73025,73087,3007,5012,3119,3007,3110,3101,No
50000,Male,2,1,49,1,2,2,0,0,0,50435,50936,49463,50046,19858,19278,2400,0,2300,1000,1000,1000,Yes
230000,Male,2,2,38,2,2,2,2,2,0,177917,181465,185074,187053,176805,180826,8000,8000,6500,0,7000,6500,No
80000,Male,2,1,38,0,0,0,0,0,-1,40356,25023,16392,7467,6727,994,1631,1432,1000,520,1097,2236,No
200000,Male,2,1,32,-1,-1,0,0,-1,-1,80,89691,91517,72739,389,389,90001,3935,3759,390,390,390,No
50000,Male,3,1,40,-1,-1,-1,-1,-1,-1,1261,2522,170,1261,390,390,2522,170,1261,390,390,390,No
30000,Male,2,1,36,1,-1,-1,-1,0,0,0,780,0,1170,780,0,780,0,1170,0,0,0,No
280000,Male,3,1,40,2,0,0,0,0,0,178220,184848,188411,191291,189029,192023,10000,9000,8000,6738,6974,7600,Yes
200000,Male,2,2,32,2,0,0,0,-2,-2,160106,162743,81890,0,0,0,7600,4000,0,0,0,0,Yes
80000,Male,2,2,32,2,0,0,0,0,2,79237,65301,67253,67352,74448,72928,3000,4005,2500,10000,0,5000,Yes
200000,Male,1,2,45,0,0,0,0,0,0,14027,16016,16905,11791,7983,6327,5006,3024,2017,173,1002,3197,No
60000,Male,3,2,41,-1,-1,-1,-1,-1,-1,866,29123,26766,-1644,6398,5556,29687,30000,0,20009,10000,10000,No
50000,Male,2,1,38,0,0,0,0,0,0,46509,47072,47637,44429,27279,27318,2000,2000,2000,944,1118,1000,No
50000,Male,2,1,42,0,0,0,-1,0,0,1345,1545,-306,18394,18760,19166,1000,0,18700,663,700,820,No
50000,Male,2,2,41,0,0,0,0,0,0,50516,44187,20314,19707,19566,19916,2721,1750,1200,1000,1000,1000,No
200000,Male,3,2,43,3,2,2,2,2,2,2500,2500,2500,2500,2500,2500,0,0,0,0,0,0,Yes
130000,Male,3,2,38,2,2,0,0,0,0,114726,107602,106907,94152,96365,97413,20,4544,3200,3500,3585,2519,Yes
130000,Male,2,2,41,0,0,0,0,0,0,131762,106130,66523,55678,20290,14802,3466,2781,1702,602,492,515,Yes
50000,Male,2,2,32,-1,2,2,-1,-1,-2,780,390,0,780,0,0,0,0,780,0,0,0,Yes
160000,Male,1,2,33,2,2,2,0,0,0,146129,158066,156898,154725,115841,111615,15000,4000,8000,4000,4000,4000,Yes
50000,Male,2,2,32,1,2,2,0,0,0,48793,50194,49101,47549,48817,45928,2500,0,1800,2000,2000,2000,Yes
10000,Male,2,2,46,0,0,0,0,0,0,8866,9844,9319,18202,9287,0,1143,1218,1000,372,0,0,No
200000,Male,2,2,35,0,0,0,0,0,0,87750,89618,91499,93317,96110,98906,3000,3000,3000,4000,4000,5000,No
360000,Male,1,2,38,-2,-2,-2,-2,-2,-2,12325,14118,38645,5235,4710,6392,14123,38722,5235,4710,6392,12576,No
230000,Male,1,1,37,-2,-2,-2,-2,-2,-2,1464,1742,3267,800,2458,1880,1742,3267,800,2458,1880,2414,No
200000,Male,1,2,34,-1,-1,-2,-2,-1,-1,3253,3969,-8,2315,4255,2010,4005,326,2323,4264,2028,1857,No
50000,Male,3,1,43,0,0,0,0,0,0,27620,28923,29955,30666,31275,31940,1767,1799,1510,1119,1169,2000,Yes
90000,Male,2,1,34,0,0,0,0,0,0,106053,101023,97045,102372,100794,98277,3547,3580,13000,7000,6000,7000,No
270000,Male,1,2,36,-2,-2,-2,-2,-2,-2,11464,1879,6896,8583,880,4861,1879,6909,8587,880,4861,3212,No
50000,Male,2,1,41,0,0,0,0,-2,-2,49999,51043,51400,0,0,0,2263,2400,0,0,0,0,No
50000,Male,2,1,39,2,3,2,0,0,0,17150,16582,17014,17721,18184,20008,0,1000,1592,1055,2421,0,Yes
20000,Male,2,1,39,0,0,0,0,0,0,16621,7309,17120,18130,18491,18893,1200,10000,1301,662,700,1000,No
50000,Male,3,1,35,0,0,0,0,0,0,50500,50181,49630,50153,30914,29200,2000,2200,1968,1106,1040,1069,Yes
50000,Male,2,2,36,4,3,2,0,0,0,51689,50567,48454,49843,51355,29276,3,0,2183,2695,29276,4,No
160000,Male,3,2,38,1,-2,-2,-1,0,0,0,0,0,700,700,0,0,0,700,0,0,0,No
20000,Male,2,1,36,3,2,2,2,2,2,17500,16926,19260,18653,20041,19582,0,2921,0,1702,0,1594,Yes
50000,Male,1,2,46,0,0,0,0,0,0,49386,49487,50401,49148,30036,29873,2000,2500,2040,2000,1037,2000,No
50000,Male,3,2,40,0,0,0,0,2,2,55397,55877,57335,59595,55949,51225,2000,2356,3494,2000,0,1725,No
80000,Male,3,1,37,0,0,0,0,0,0,51925,51544,49430,46864,46473,48191,3018,2113,3007,2000,3000,20000,No
240000,Male,2,1,42,-1,-1,-1,-1,0,0,795,1916,1530,2961,5962,7336,1921,1534,2961,3001,2024,1000,No
90000,Male,3,1,39,0,0,0,0,0,0,93757,91359,88616,56887,46700,47272,4000,2625,2511,1501,1391,1393,Yes
260000,Male,3,1,44,0,0,0,0,0,0,250416,257987,260104,253488,145630,148720,11000,7100,135546,4500,4590,4501,No
50000,Male,2,2,47,0,0,0,0,0,0,48017,47913,49225,18858,19166,19834,2488,2800,1610,918,1214,468,No
20000,Male,2,2,42,0,0,0,0,0,0,15717,16724,18051,18759,19132,19684,1276,1603,1311,684,860,874,No
110000,Male,3,1,41,0,0,0,0,0,0,53497,51110,48995,46772,33220,31858,2510,2509,2031,1507,2032,1521,No
80000,Male,3,1,34,-1,-1,0,0,-1,0,5173,10809,8673,11590,5973,5878,10826,3683,5034,5981,2895,3789,No
230000,Male,2,1,34,1,-2,-1,2,2,0,0,0,33,33,33,1133,0,33,0,0,1100,704,Yes
370000,Male,2,2,39,0,0,0,0,0,0,377259,310284,278781,256794,156583,17909,15198,14177,15118,15020,10000,308000,No
100000,Male,2,1,38,-1,-1,-1,2,0,0,7798,864,3302,2430,805,3415,864,2438,821,1,3110,2206,Yes
490000,Male,2,2,35,2,2,0,0,0,0,427020,370428,337432,286247,256618,188154,0,13932,11771,10187,8013,7014,Yes
50000,Male,2,2,42,2,2,2,2,-1,0,22591,21523,24538,22402,9528,8447,0,3701,554,10026,421,6106,No
200000,Male,3,2,41,-2,-2,-2,-2,-2,-2,20950,182,3150,0,0,0,182,3165,0,0,0,94,No
70000,Male,2,1,37,2,2,2,2,2,2,60514,61923,62740,63090,64470,65828,3000,2400,2000,3000,2508,0,Yes
210000,Male,2,1,38,-1,-1,-1,-1,-1,-1,326,0,2684,0,10652,326,0,2684,0,10652,326,0,No
50000,Male,3,2,33,0,0,0,0,0,0,47834,47821,48442,42550,16324,17556,1866,2007,1915,589,1500,1000,No
50000,Male,3,2,34,0,0,0,0,0,0,49454,49157,49773,48398,32584,33322,1792,2208,1513,1149,1245,1271,No
100000,Male,1,2,34,0,0,2,2,2,2,18185,24932,24246,26839,26109,27686,7100,0,3000,0,2000,0,Yes
160000,Male,2,2,38,4,3,2,2,3,2,99340,96860,99911,103928,101540,99587,0,5500,6700,0,27,2800,Yes
30000,Male,2,1,32,-2,-2,-2,-2,-2,-2,5066,6367,2109,5930,4192,0,6367,2115,5933,4192,0,0,No
300000,Male,2,2,31,0,0,0,0,0,0,281829,285038,291480,298378,131103,128742,10208,12507,15056,5027,5007,5063,No
390000,Male,2,1,36,1,-2,-2,-2,-2,-2,0,0,0,0,0,0,0,0,0,0,0,0,No
180000,Male,1,1,36,-1,0,0,0,0,0,170619,172057,177813,178907,139825,118621,6063,8431,6845,4465,4287,4060,No
300000,Male,1,2,40,1,-2,-2,-2,-2,-2,0,0,0,0,0,0,0,0,0,0,0,0,No
150000,Male,1,1,37,0,0,0,0,0,2,112695,97907,100826,103297,111784,108887,3515,5002,5189,14002,8,4009,No
80000,Male,2,1,36,0,0,0,0,0,0,77870,79472,81757,77200,77669,79667,2900,3900,2750,2800,3200,2964,Yes
250000,Male,2,2,31,1,-2,-2,-2,-2,-1,0,0,0,0,0,1026,0,0,0,0,1026,1026,No
350000,Male,1,1,37,-2,-2,-2,-2,-2,-2,916,1123,604,4523,617,1902,1133,607,4545,620,1911,4690,No
450000,Male,1,2,34,-1,-1,-1,-1,-1,-1,583,-16,2312,192,1630,14099,0,2328,192,1638,14169,1122,No
340000,Male,1,2,35,0,-1,-1,-1,0,-1,62896,16480,27050,29103,58997,12518,16591,27283,29255,58276,12565,13507,No
180000,Male,1,1,48,-1,-1,-1,-1,-1,0,325,1260,325,1000,1100,1100,1260,325,1000,1100,0,0,No
360000,Male,1,1,43,0,-1,-1,-1,-2,-2,38324,3374,3620,0,0,0,3390,3638,0,0,0,0,No
230000,Male,1,1,46,1,2,2,2,2,2,189724,193112,197039,200300,203018,199689,8000,8500,8000,7500,0,6622,Yes
280000,Male,1,2,36,1,2,0,0,0,0,314318,307569,286773,275447,245409,211351,0,13500,14500,10000,9000,12000,No
50000,Male,2,2,34,0,0,2,0,0,0,46413,50056,49072,49724,19801,14301,4729,86,2198,1198,600,1000,No
230000,Male,2,2,41,-1,0,0,0,0,0,23216,25548,23769,17270,13903,1953,10014,1602,1017,332,9,3626,No
140000,Male,1,1,44,0,0,0,2,0,0,90547,92536,96535,98041,100504,103874,3500,5500,4000,5000,5000,5000,No
360000,Male,1,1,43,0,-1,-1,-1,0,0,30769,13532,840,68110,55905,42239,13952,864,124037,1679,1163,1126,No
320000,Male,1,1,44,-1,-1,-1,-1,-1,-1,1329,4526,11906,14202,6956,4839,4526,11911,14425,7063,4839,6271,No
310000,Male,1,1,36,-1,-1,-1,-1,-1,-1,8517,6734,6031,14884,5467,12510,6765,6076,14972,5512,12570,9215,No
60000,Male,2,2,42,0,0,0,-1,0,0,78291,70154,69940,60170,29261,30233,3000,1405,60941,1056,2100,1101,No
40000,Male,5,2,37,0,0,0,0,-1,0,36712,37403,18688,-620,32760,12500,1596,1006,0,17000,2000,780,No
150000,Male,2,1,40,0,0,0,0,0,-2,74985,76745,19472,20650,0,0,3400,1600,1700,0,0,0,No
200000,Male,1,1,36,-1,-1,-1,0,0,0,4585,33282,16175,104872,22897,29339,33485,16254,100551,12077,20182,21104,No
260000,Male,5,1,42,0,0,0,0,0,0,204017,182048,63074,262317,201344,191829,8000,7100,200140,6500,6000,6500,No
430000,Male,3,2,38,-2,-2,-2,-2,-2,-2,37693,3390,5930,33736,23558,8118,3507,5960,39507,11838,8158,8509,No
200000,Male,2,1,36,0,0,0,-2,-1,0,5440,7268,0,0,42362,43094,2000,0,0,87000,1566,1830,No
380000,Male,1,1,40,0,0,2,0,0,0,95972,123558,114785,161444,163071,160076,30027,0,50005,20042,20000,20000,No
200000,Male,1,1,42,2,2,2,2,2,2,168289,172001,175281,177895,180078,184048,8000,7500,7000,6600,7000,7100,No
270000,Male,1,2,34,1,2,0,0,2,0,20979,17228,20924,22448,15490,17343,0,4000,2000,0,2000,2000,No
120000,Male,1,1,31,-1,-1,-1,-1,-1,-1,1216,416,416,416,416,416,416,416,416,416,416,566,No
420000,Male,1,1,47,0,0,0,0,0,0,54799,53507,54678,55403,56260,57598,5000,5000,3000,3000,3000,3000,No
20000,Male,3,2,34,0,0,2,0,0,-2,6569,6939,4679,2960,0,0,2449,0,1000,0,0,0,No
200000,Male,2,2,40,1,2,2,0,0,0,193773,196323,181932,132127,132245,138104,7350,261,6206,5006,9406,6,Yes
80000,Male,2,1,45,0,0,0,0,0,0,34905,35923,37339,38419,39316,35902,1600,2000,1703,1600,1400,10350,No
270000,Male,2,2,45,1,-2,-1,-1,-1,-1,0,0,7304,3076,0,16191,0,7304,3076,0,16191,277,No
30000,Male,2,1,45,3,2,2,2,0,0,12751,12256,15002,13914,11093,9508,0,2955,0,436,423,341,Yes
80000,Male,3,1,45,0,0,0,0,0,0,55385,52801,50209,43323,40275,38690,2019,2031,2013,2016,2002,3000,No
20000,Male,1,1,36,0,0,0,0,0,0,18958,19427,19021,19449,19162,0,1500,2000,1200,413,0,0,Yes
20000,Male,2,1,33,2,0,0,0,0,0,17999,19090,19472,18629,12683,0,1700,3243,1200,254,0,0,Yes
320000,Male,2,1,35,0,0,0,0,0,0,274599,280021,286011,292636,298492,200098,11500,12000,12873,13020,8800,5650,Yes
120000,Male,3,1,36,-2,-2,-2,-2,-2,-2,326,326,326,326,326,652,326,326,326,326,652,0,No
290000,Male,2,1,38,1,2,0,0,0,0,296437,192441,194158,197590,187134,180887,25,10013,9526,6549,6373,6781,No
380000,Male,2,1,39,-2,-2,-2,-2,-2,-2,3074,-18618,-9415,-9415,-9415,-9415,9203,0,0,0,0,8000,No
480000,Male,1,1,49,0,0,0,0,0,0,376186,389822,401982,410694,407436,407809,20000,18000,15000,15000,14000,13000,No
350000,Male,2,2,47,0,0,0,0,0,0,190211,191582,163154,299409,250584,249412,8239,8902,213103,9036,10022,9027,No
220000,Male,1,2,36,-1,2,-1,-1,-1,-1,792,396,396,396,396,546,0,396,396,396,546,396,No
360000,Male,1,1,44,-2,-2,-2,-2,-2,-2,188,1610,1088,7870,5988,342,1610,1088,7870,5988,342,7159,Yes
420000,Male,2,1,39,-1,0,-1,-1,0,0,22219,22423,4889,14373,12881,3690,7573,4913,14415,6930,709,104259,No
170000,Male,2,2,31,0,0,0,0,0,0,8024,9338,11673,12770,12971,13312,1610,2500,1600,711,700,700,No
710000,Male,2,1,38,0,0,0,0,0,0,67061,64374,62858,69207,73333,121892,10045,10008,10019,10202,70001,10030,No
350000,Male,2,2,34,-2,-2,-2,-2,-2,-2,2184,1445,2424,4582,5600,2927,1445,2424,4584,5610,2927,1298,No
230000,Male,2,1,36,0,0,0,0,0,0,4761,5786,7676,9877,10181,12472,1110,2000,2500,1000,2472,1000,No
30000,Male,2,3,40,2,0,0,0,0,2,2922,3869,4890,5975,6474,6225,1000,1090,1175,600,0,1000,No
360000,Male,1,1,38,-1,-1,-1,-1,-1,-2,475,-25,4993,498,-2,-2,0,5018,505,0,0,553,No
500000,Male,1,1,41,-1,-1,2,2,-1,2,390,780,390,0,3280,2500,780,0,0,3280,0,0,No
240000,Male,2,1,37,1,2,0,0,0,0,211808,208892,213637,216754,219276,223920,2000,9600,8500,6500,6500,7520,No
100000,Male,1,2,41,0,0,0,0,0,0,31452,32453,33490,34926,35771,36366,1527,1564,2000,1426,1320,1333,Yes
500000,Male,1,2,35,-2,-2,-2,-2,-2,-2,5925,11175,21176,5086,9552,14389,11194,21193,5094,9563,14403,5233,No
220000,Male,3,1,48,-2,-2,-1,0,0,0,0,0,2128,4071,5640,7078,0,2128,2000,2000,2000,1500,Yes
640000,Male,1,2,33,-1,-1,-1,0,0,0,21189,4242,32110,62649,63218,53151,4258,32120,34000,5037,0,13855,No
340000,Male,3,2,34,0,0,0,0,0,0,334628,328749,285399,248984,251047,255303,16040,14000,11000,9200,10000,9500,Yes
400000,Male,1,2,48,0,0,0,0,0,0,112789,115910,120657,122338,124145,113477,5000,6624,5200,3826,3363,3398,No
200000,Male,1,1,39,-2,-2,-2,-2,-2,-2,8852,3103,2005,15776,2696,6147,5585,2015,15854,2709,6178,16961,No
20000,Male,2,1,41,0,0,0,0,0,0,9632,10676,13702,14713,15068,15425,1208,3234,1245,600,600,600,No
210000,Male,1,1,35,-1,-1,-1,-1,-2,-1,205,0,775,0,0,635,0,775,0,0,635,0,No
280000,Male,3,2,35,0,0,0,0,0,0,275659,265870,269140,272665,159017,88321,10932,12011,10807,4306,4023,5387,No
50000,Male,1,2,36,0,0,0,0,0,0,45010,45785,36131,29374,27059,27627,1919,1789,1442,967,1003,1030,No
60000,Male,3,1,36,1,-2,-2,-2,-2,-2,0,0,0,0,0,0,0,0,0,0,0,0,Yes
200000,Male,2,1,45,0,0,0,0,0,0,197600,200378,162374,154234,143953,147834,10265,6061,7048,5016,10294,5136,No
30000,Male,2,2,35,0,0,0,2,2,-2,21708,22583,25067,23237,0,0,1542,3026,0,0,0,0,Yes
130000,Male,2,1,42,1,-2,-2,-2,-2,-2,-52,-52,-52,-52,-52,-52,0,0,0,0,0,1000,Yes
140000,Male,2,1,39,0,0,0,0,0,0,136032,139118,134651,135350,129135,132035,5400,5000,6000,4700,5000,5400,No
280000,Male,2,2,39,0,0,0,0,0,0,273651,279296,282851,251648,255697,261691,11128,11234,11002,10000,10000,10000,No
110000,Male,3,2,44,0,0,0,0,0,0,102274,103275,105225,83722,78894,74659,3734,3653,2914,2627,2624,4138,No
130000,Male,1,2,42,-1,-1,-1,-1,-1,-1,836,836,836,836,836,836,836,836,836,836,836,836,No
110000,Male,2,1,48,0,0,0,0,0,0,92806,91217,89757,136859,60276,48652,5000,4087,64142,2038,1763,2500,No
320000,Male,1,1,38,0,0,0,0,0,0,18924,21589,23926,31161,32234,35688,3000,3000,8000,1900,4000,1600,No
490000,Male,1,2,41,0,0,0,0,0,0,345075,354273,57454,59860,29377,30478,10000,4000,3500,978,1500,3500,No
360000,Male,1,2,45,-1,-1,-1,-1,-1,-2,287,29646,9251,18860,-40,-40,29794,9297,18954,0,0,0,No
280000,Male,1,1,37,2,-1,-1,-1,-2,-1,1405,1549,1504,0,0,2949,1549,1504,0,0,2949,2838,No
290000,Male,1,1,36,2,0,0,0,0,0,170953,170747,171002,170795,170795,171003,546,1002,795,795,1003,998,No
180000,Male,2,2,39,0,0,0,0,0,0,119466,120491,124553,127096,128992,131660,4500,6000,6100,5500,4900,5500,No
150000,Male,2,2,36,0,0,0,0,0,-1,32263,26283,17897,10945,5174,1910,3000,1305,1637,350,1910,0,No
260000,Male,2,1,44,-1,-1,-1,-1,-1,-2,11506,973,1183,2270,0,0,975,1186,2287,0,0,2580,No
90000,Male,3,2,34,0,0,0,0,0,0,74012,76777,78594,39209,40057,40744,4600,4300,2700,1500,1400,2000,No
20000,Male,3,2,35,0,0,0,0,0,0,16958,17028,15421,13895,11592,11433,1699,1600,2000,1000,1500,1000,No
180000,Male,1,2,34,-1,-1,-1,-1,-1,-1,4400,2990,3762,5231,2092,3395,3018,3772,5254,2098,3403,215,No
230000,Male,2,2,36,-1,-1,-1,-1,0,0,182,1407,0,2458,2458,2458,1407,0,2458,0,0,0,No
260000,Male,1,1,38,3,2,2,-2,-2,-2,2500,2500,0,0,0,0,0,0,0,0,0,0,Yes
150000,Male,1,2,31,3,2,2,0,0,-1,125086,121521,67164,54078,9778,389,4967,65,1346,5051,8601,4435,Yes
110000,Male,2,1,45,0,0,2,0,0,0,112987,110899,111642,109584,50281,49373,7000,4000,2975,22000,1726,6000,Yes
170000,Male,1,2,42,0,0,0,0,0,0,166708,85607,88228,91719,97759,99905,4000,4000,5000,7500,4000,5000,No
50000,Male,2,2,44,0,0,0,0,0,0,49699,49685,28637,38137,27128,29992,2300,1487,21704,3000,15000,18300,No
400000,Male,5,2,40,0,0,0,0,0,0,178069,181613,186905,188959,183659,96385,6496,8214,6621,3400,3541,6000,No
430000,Male,3,2,47,1,-1,-1,-1,-1,-1,-18,6390,8833,9906,14239,9562,6408,8840,9954,14285,9584,26023,No
300000,Male,1,1,40,-1,-1,-2,-2,-2,-2,4950,-337,-337,-337,-337,-337,0,0,0,0,0,2000,No
180000,Male,2,1,45,0,0,0,0,0,0,130950,119109,119166,121661,122244,119536,6000,6000,6000,5000,4200,3862,No
300000,Male,3,2,31,0,0,0,0,0,0,80928,82690,84462,86263,87238,89176,4000,4000,4100,3300,3500,3500,No
20000,Male,2,3,49,0,0,0,0,0,0,16336,17354,18376,18253,18458,19197,1294,2316,1256,1000,1000,800,Yes
230000,Male,3,2,32,-1,-1,-1,-1,-1,0,326,326,326,326,677,351,326,326,326,677,0,514,No
180000,Male,1,1,46,0,0,0,0,0,0,178517,130975,135592,107315,56274,57608,5000,7000,5200,2000,2060,2000,No
50000,Male,2,2,36,1,2,2,2,2,2,19649,20526,19909,22096,22438,21941,1500,0,2531,1000,0,2000,Yes
160000,Male,1,1,37,0,0,0,0,0,0,16750,9715,5140,5379,3183,5120,1100,1500,1500,1000,2000,4000,No
100000,Male,2,2,43,-1,0,0,0,0,0,6768,13054,10489,16146,25053,27671,10015,3018,10002,10007,5018,3438,No
140000,Male,2,1,35,0,0,0,0,0,0,135227,134215,102002,101046,98880,96884,5304,5033,4000,5017,5041,4003,No
70000,Male,3,1,30,0,0,0,2,0,0,67730,67021,67328,60962,61146,56066,3000,6006,0,1900,2000,2000,No
400000,Male,1,2,32,0,0,0,0,0,0,55773,55917,51389,48272,49478,51242,3028,3023,3000,3000,3000,38662,No
130000,Male,2,1,39,0,0,0,0,0,0,103566,105797,102729,104761,87660,92123,3969,3823,3836,3345,9116,0,Yes
410000,Male,1,1,46,-2,-2,-2,-2,-2,-2,8756,1237,11912,4922,766,640,1237,11912,4922,766,640,6171,No
350000,Male,2,2,36,0,0,0,0,0,0,15061,23719,36582,40452,15203,20596,10000,16000,6000,314,10000,7000,No
360000,Male,1,2,35,0,0,0,0,0,0,41327,47751,48521,79788,63835,44164,20059,13043,40528,10157,12068,8060,No
100000,Male,2,1,46,-1,-1,0,-1,-1,-1,390,3505,5695,3480,2949,477,3505,2695,3480,2949,477,1753,No
200000,Male,2,2,36,0,0,0,0,-2,-2,193097,199873,205150,0,0,0,10000,10000,0,0,0,0,No
20000,Male,2,1,38,0,0,0,0,0,2,5705,6715,7736,8745,9394,9101,1266,1287,1296,945,0,481,Yes
230000,Male,2,1,35,0,0,0,0,0,0,170413,166858,170323,172136,175550,179291,5976,6158,6247,6276,6562,7769,No
20000,Male,2,1,31,0,0,0,0,0,0,18764,19750,19848,20570,19980,19990,1610,1488,1600,400,400,400,No
130000,Male,2,2,31,3,2,2,3,3,2,300,300,300,300,300,150,0,0,0,0,0,1000,Yes
150000,Male,3,2,32,0,0,0,0,0,0,150201,125858,105266,51456,35288,29818,5039,4030,1500,706,1000,0,No
160000,Male,1,2,31,-2,-2,-1,0,0,0,2930,459,2613,22315,26911,35239,466,4171,22137,20000,12198,0,No
20000,Male,2,2,30,3,2,3,3,5,4,15556,16987,18406,20795,20175,21265,2000,2000,3000,0,2000,0,No
130000,Male,1,2,48,0,0,0,0,0,0,102771,104003,102744,31384,30057,29206,4843,2608,2005,1180,1100,1234,No
360000,Male,1,1,45,-1,-1,-1,-1,0,-1,2369,1367,8570,5625,3684,2804,1367,8570,5625,0,2804,2473,No
150000,Male,2,1,40,0,0,0,0,0,0,172935,46462,42407,28265,25402,21514,35749,3016,1201,601,2002,1020,No
360000,Male,2,3,32,-2,-2,-2,-2,-2,-2,10591,-326,56337,10959,7056,0,326,56663,11013,7091,0,0,No
500000,Male,1,1,37,1,-1,-1,-1,0,0,271115,15074,16205,21770,60827,18524,15873,16205,21976,50000,7000,21769,No
250000,Male,2,2,38,-1,-1,-1,-1,-1,-1,2395,29636,23850,8220,0,8420,29658,23938,8220,0,8420,0,No
50000,Male,2,2,38,0,0,0,0,0,0,46005,46234,17266,18253,18618,37495,1266,1298,1285,650,825,1582,No
250000,Male,2,1,45,0,0,0,0,0,0,142001,135291,138084,100574,40066,38765,5084,6399,5000,2000,1615,2000,No
20000,Male,1,2,40,2,2,2,0,0,2,15563,16995,16433,17443,19254,18804,2000,0,1289,2100,0,2000,No
360000,Male,3,2,33,-2,-2,-2,-2,-2,-2,0,0,0,0,0,0,0,0,0,0,0,0,No
140000,Male,1,2,44,0,0,0,0,2,0,72763,75064,76892,79522,79623,80895,3905,4025,4924,2381,2926,3108,No
140000,Male,2,2,36,0,0,0,0,0,0,123474,125565,120847,121040,107310,105958,4409,4505,4100,3800,4000,3900,Yes
50000,Male,2,2,37,2,2,2,2,0,0,72034,75711,75322,71640,71114,67519,7300,3200,0,3000,5400,5000,Yes
160000,Male,2,2,34,0,0,0,0,0,0,144953,112501,115108,104295,61950,0,6000,5950,5128,3500,0,0,No
50000,Male,2,2,49,0,0,0,0,0,0,41638,28145,24569,26244,11540,13348,2000,2000,2500,1000,2000,1014,No
200000,Male,2,1,41,2,2,2,2,2,2,1075,11201,1383,976,1126,563,11000,980,0,563,0,413,No
80000,Male,1,2,38,1,2,2,2,2,2,67046,68439,69258,70526,71774,70503,3100,2500,3000,3000,0,2800,Yes
140000,Male,2,2,33,-2,-2,-2,-2,-2,-2,0,935,1490,0,3938,0,935,1490,0,3938,1160,0,No
90000,Male,2,2,34,0,0,2,0,-1,-1,77846,50281,14033,12628,20172,73512,5700,0,2000,20172,73512,3000,No
40000,Male,2,1,47,0,0,2,2,3,2,34664,37611,36726,40985,40085,39354,3524,0,4898,0,0,1800,No
10000,Male,2,1,38,1,2,2,0,0,0,4437,5355,6113,8012,8873,9229,1150,1000,2000,1000,500,500,No
500000,Male,2,1,33,0,0,0,0,0,-1,26597,16573,19080,13860,15904,134584,3357,3010,2000,2044,131438,4504,No
410000,Male,1,1,41,0,0,0,0,0,0,396975,409780,383225,396283,274224,321787,30000,20000,20000,50000,30000,43312,No
20000,Male,2,2,49,0,0,0,0,-1,-1,19111,18936,18588,19260,1500,0,1286,1328,1000,1500,0,0,No
50000,Male,1,2,32,0,0,0,0,0,0,49571,48765,49453,49827,48930,48748,1773,2110,2324,2000,1920,2000,No
180000,Male,1,1,49,-1,-1,2,2,-2,-2,1092,1733,1405,-434,-434,-434,1733,0,0,0,0,0,Yes
80000,Male,3,2,33,1,-1,-1,-1,-2,-2,0,3495,500,0,0,0,3495,765,0,0,0,0,No
300000,Male,2,2,34,0,0,0,0,0,0,50281,51441,54107,55111,56688,58272,2000,3500,3000,2500,2500,2500,No
150000,Male,1,2,36,2,2,2,-2,-2,-2,167094,86193,-25443,-46627,-46627,-46627,5068,9,0,0,0,0,Yes
220000,Male,3,1,48,1,-2,-2,-2,-2,-2,0,0,0,0,0,0,0,0,0,0,0,0,No
120000,Male,2,2,35,0,0,0,0,0,0,90972,93452,95943,99340,101783,104929,4000,4000,5000,5000,5000,3400,No
360000,Male,1,2,43,-1,-1,-1,-1,-1,-1,59,4465,300,966,1730,0,4465,300,966,1730,0,969,No
550000,Male,5,1,37,0,0,0,0,0,0,452600,364447,318029,91903,91010,70045,16025,14407,3512,3506,2512,125020,Yes
80000,Male,3,1,45,0,0,2,0,0,0,8133,10978,10511,11529,12332,13128,3000,0,1200,1000,1000,1000,Yes
160000,Male,1,1,48,1,-2,-2,-2,-2,-2,0,0,0,0,0,0,0,0,0,0,0,0,No
190000,Male,2,1,48,0,-1,0,0,0,0,6450,189102,189018,175871,157218,151618,189717,7779,6092,5018,6168,1218,No
250000,Male,1,1,44,-1,-1,-1,2,-1,0,3893,54673,8402,2765,6037,3561,54946,8433,13,6049,17,4980,No
30000,Male,3,2,37,0,0,0,0,0,0,22629,11332,12471,7985,13619,17997,5002,5003,7983,10000,10103,10106,No
100000,Male,2,2,37,2,2,2,2,2,2,24927,27689,26960,29504,30020,29995,3185,0,3000,1300,600,2000,Yes
350000,Male,1,1,35,0,0,0,2,-1,2,15193,19734,5338,3042,2418,2233,5197,3000,0,2500,0,5000,No
120000,Male,3,1,45,0,0,-1,-1,0,0,24591,16160,225,3550,3550,3550,3000,225,3550,0,0,0,No
340000,Male,2,1,49,0,-1,-1,0,0,0,9983,43418,388126,358617,333690,302528,43418,388126,12500,11000,11000,11180,No
360000,Male,1,2,39,-1,-1,-1,-1,-2,-2,2758,1448,3740,0,0,0,1448,3740,0,0,0,3942,No
410000,Male,2,1,47,-1,-1,-1,-1,-1,-1,40390,9760,9712,11756,4128,12424,9760,9712,11771,4128,12424,8702,No
170000,Male,2,1,42,0,0,0,0,0,0,162880,164824,132485,120267,117453,115778,8000,6107,6000,4500,4500,4500,No
110000,Male,2,2,38,0,0,0,0,0,0,95925,98331,100751,102496,80116,69391,4000,4000,3500,2500,2290,2060,No
30000,Male,3,2,51,0,0,0,0,0,2,24070,25358,26447,26946,28957,29408,2000,1800,1300,2400,1000,1000,No
200000,Male,2,1,54,0,0,0,0,-2,-2,41190,40921,17702,-2540,-6491,-7741,2138,5101,19,6,11,1,No
250000,Male,3,1,50,0,0,0,0,0,2,254893,258013,263493,268861,274444,290235,9316,9637,9765,10021,20300,10023,No
240000,Male,1,1,50,-1,-1,-1,-2,-1,-1,35117,17330,58422,54755,43605,26293,11051,116904,54762,43705,26293,13011,No
210000,Male,1,1,50,1,-2,-2,-2,-2,-1,0,0,0,0,0,484,0,0,0,0,484,0,No
30000,Male,3,1,52,0,0,0,0,0,0,28541,28889,30050,29797,18464,12235,1502,2002,1025,1230,1042,0,No
30000,Male,3,1,51,0,0,0,0,0,-2,13386,13218,14453,15525,0,0,1218,1453,1525,0,0,0,No
40000,Male,3,1,56,1,-2,-2,-2,-2,-2,0,0,0,0,0,0,0,0,0,0,0,0,Yes
50000,Male,3,3,55,0,0,0,0,0,0,23498,22625,20197,19528,19520,17420,1336,1348,1257,639,622,638,No
50000,Male,2,1,50,0,0,0,0,0,0,47053,11165,12186,13280,14055,14428,1200,1206,1300,1000,600,530,Yes
20000,Male,2,1,50,0,0,2,2,2,2,14123,16758,17494,16916,18135,17703,3200,1300,0,1500,0,1200,No
20000,Male,3,1,52,2,2,2,2,-2,-2,8145,10474,10000,0,0,0,2474,0,0,0,0,0,Yes
240000,Male,2,1,51,0,0,0,0,0,0,98588,100545,102651,104749,106832,109062,3592,3719,3798,3821,3949,3976,Yes
110000,Male,3,2,52,0,0,0,2,0,0,56327,57106,58489,57800,57312,57188,2700,3300,2044,2100,2000,2266,No
90000,Male,2,2,52,0,0,0,0,0,0,86826,87186,87526,88924,88735,87521,4000,3505,3962,2909,3107,3127,No
110000,Male,1,1,52,0,0,0,0,0,0,82390,84024,84485,81057,43113,40805,4000,4015,4012,3000,2164,2000,No
500000,Male,1,1,50,0,0,0,0,0,0,350340,359289,366475,248288,253283,258707,12884,13000,7029,7100,7500,7399,No
20000,Male,2,1,54,0,0,0,0,0,0,18398,19014,17836,19410,18512,14483,2000,1500,2900,1500,1000,0,No
70000,Male,3,1,50,2,2,2,2,2,2,41087,42109,43135,43924,44700,45634,2000,2000,1800,1800,1800,1700,Yes
120000,Male,3,1,53,0,0,2,2,2,2,88702,101498,104480,105280,106149,108381,14357,5500,4000,4100,4100,4200,Yes
50000,Male,2,1,60,0,0,0,0,0,0,46344,41162,25245,25955,26470,27025,1389,1722,1432,947,981,985,No
20000,Male,2,1,50,0,0,0,0,0,2,5519,6620,7556,8570,10020,9715,1200,1200,1300,1600,0,600,No
30000,Male,2,2,51,0,0,0,0,0,0,29628,29253,28342,28282,30118,24584,1460,1560,2000,3077,804,761,No
290000,Male,3,1,61,0,0,0,0,0,0,281967,288456,296084,218399,200461,204637,10492,12447,8973,6761,6983,5980,No
110000,Male,2,1,50,0,0,0,0,0,0,110406,109550,109921,67212,49120,49772,4600,3348,2444,3869,1808,1751,No
190000,Male,3,2,54,0,0,0,0,0,0,142032,40883,42835,31982,36329,26964,5883,2835,5982,33329,1964,11849,No
50000,Male,1,2,48,0,0,0,-1,0,0,56672,53540,53321,49263,29063,26644,2500,1066,50045,992,1000,1000,No
50000,Male,3,1,51,0,0,0,0,2,2,38302,39299,40703,44350,43517,46821,1634,2038,4685,0,3982,0,No
20000,Male,3,1,52,2,0,0,0,0,0,16290,17301,19012,19959,19962,19988,1289,2000,1300,658,680,1000,No
110000,Male,3,1,57,-1,-1,-1,-1,-1,-1,390,390,390,390,390,390,390,390,390,390,390,390,No
350000,Male,2,1,50,0,0,0,0,0,0,83134,84087,86492,91898,189555,192627,3969,4131,7261,103801,6007,6008,No
20000,Male,3,2,59,2,2,2,2,0,0,7451,5119,5546,6302,7193,8075,2000,1500,1000,1000,1000,1000,No
430000,Male,1,1,51,0,-1,-1,-1,0,-1,4704,9714,13247,27555,17389,2919,9723,13298,27570,0,2919,96117,No
260000,Male,2,1,51,-2,-2,-2,-2,-2,-2,0,0,0,0,0,0,0,0,0,0,0,0,Yes
140000,Male,2,1,52,1,2,0,0,2,0,31511,30705,31809,34374,33522,34481,0,1600,3100,0,1500,1500,Yes
360000,Male,1,1,50,-1,-1,-2,-1,-1,-2,1858,0,0,3000,0,0,0,0,3000,0,0,1033,No
280000,Male,2,1,50,-2,-2,-2,-2,-2,-2,5622,4554,4373,7774,3355,16441,4573,4396,8055,3417,16557,41,No
10000,Male,2,1,50,0,0,0,0,0,-1,3664,4526,6880,8830,5550,6195,1300,3000,2509,0,6195,0,No
280000,Male,2,1,49,0,0,0,0,0,0,94916,96838,98878,100899,102900,105057,3500,3600,3666,3683,3815,3900,No
50000,Male,1,1,63,-1,-1,2,-1,-1,-1,264,528,264,264,264,264,528,0,264,264,264,264,No
50000,Male,2,2,56,0,0,0,-1,-1,0,37624,44915,46665,390,430,390,8000,26390,390,430,350,3581,No
280000,Male,2,1,53,0,0,0,0,0,-1,278127,42518,31900,21342,11500,2000,1700,1500,1400,2000,2000,2900,Yes
20000,Male,2,1,50,0,0,0,0,0,-1,18865,36059,18757,15521,13086,7688,1500,2580,1279,654,7688,0,No
80000,Male,2,1,51,2,-1,2,-1,0,0,1041,780,390,992,602,-178,1000,0,992,0,0,0,Yes
50000,Male,2,1,51,0,0,0,0,0,0,46094,47157,48669,42360,19840,19840,1831,2343,1611,200,0,0,No
260000,Male,1,1,50,-2,-2,-2,-2,-2,-2,390,7516,553,1080,1780,0,7516,553,1080,1780,0,0,No
110000,Male,2,1,51,0,0,0,0,0,0,45012,45964,46922,48140,49339,50542,2000,2000,2000,2000,2000,3000,No
20000,Male,2,2,52,0,0,0,0,0,0,19626,20002,19916,18970,19790,18990,1311,3005,2000,2000,5000,0,Yes
20000,Male,5,2,55,0,0,0,2,0,0,69257,70055,18997,10404,11170,380,2400,1833,1100,2300,0,400,Yes
70000,Male,1,1,60,0,0,0,0,0,0,69956,70688,68912,70652,50686,47093,2500,3300,3700,2100,2000,2300,No
230000,Male,3,1,61,2,2,-2,-2,-2,-2,2500,0,0,0,0,0,0,0,0,0,0,0,Yes
160000,Male,3,1,57,-1,-1,-2,-2,-1,-1,759,-660,-660,-660,340,596,209,0,0,1000,596,1436,Yes
30000,Male,3,1,50,-1,-1,-1,-1,-1,-1,390,390,390,390,390,390,390,390,390,390,390,2109,No
50000,Male,3,3,52,-2,-2,-2,-2,-2,-2,0,0,0,0,0,0,0,0,0,0,0,0,Yes
210000,Male,3,1,47,-1,-1,-2,-2,-2,-2,1772,-55,-55,-55,-55,-55,0,0,0,0,0,0,No
50000,Male,3,2,60,0,0,0,0,0,0,46362,47393,48631,49143,27709,27549,1800,2000,1500,1000,1200,1100,No
660000,Male,1,2,55,-1,0,0,0,0,-2,284334,288120,325889,342408,19903,20843,6486,38507,20000,2000,1000,345,No
100000,Male,2,1,47,1,2,0,0,0,0,99823,96932,96924,96122,97432,95062,0,3579,3472,3287,3590,10179,No
700000,Male,2,1,50,0,0,0,0,0,0,280809,273492,224238,174189,121717,124040,10000,8500,7093,4500,4100,4100,No
300000,Male,1,1,50,2,2,2,2,2,2,245193,250672,256178,260434,264114,269733,11000,11000,10000,9500,10000,1300,Yes
320000,Male,1,1,50,-2,-2,-2,-2,-2,-2,18831,1809,1294,2310,50720,51736,1809,2588,2310,50720,51736,0,No
250000,Male,1,1,50,1,-2,-1,-1,-1,-1,0,0,191,2160,0,900,0,191,2160,0,900,2000,No
150000,Male,1,2,50,-1,-1,-1,-1,-1,2,829,18311,3023,2914,3529,2989,18400,3500,3025,3600,0,1600,No
200000,Male,1,2,50,1,-1,0,-1,-1,-1,-6676,5953,2870,390,1210,2551,16374,2392,500,1210,2551,0,Yes
50000,Male,3,2,52,0,0,0,0,-2,-2,50717,36507,14890,0,0,0,1357,1000,0,0,0,0,Yes
20000,Male,3,1,51,0,0,0,0,0,0,14962,17580,19748,19290,21000,0,2890,2458,1000,210,0,0,No
50000,Male,2,1,52,1,2,2,2,0,0,50757,78196,43733,85652,29775,30243,0,5607,16,1167,1051,1165,Yes
130000,Male,2,1,52,-1,2,-1,-1,0,0,6954,4110,1030,357,357,370,12,1034,727,0,13,1330,No
150000,Male,1,1,59,-2,-2,-2,-2,-2,-2,5066,2616,3766,3289,8356,10916,2616,4097,3371,8923,13919,8227,No
500000,Male,1,1,53,-2,-2,-2,-2,-2,-2,13331,13307,15734,-101,27145,1479,13941,16392,470,27916,1994,12670,No
410000,Male,2,1,54,-1,-1,-1,2,-1,-1,1413,1701,6566,5206,986,986,1710,7064,430,990,990,990,No
50000,Male,2,1,53,0,0,0,0,0,0,70820,50813,51131,49099,19739,19905,1998,2374,1130,523,537,633,No
200000,Male,6,1,66,0,0,0,0,0,0,143994,102211,54762,55858,56338,57360,4767,2573,2604,1997,2228,2094,No
20000,Male,3,2,53,0,0,0,0,0,0,19165,16851,14431,9150,10100,0,3000,3000,5000,6000,0,0,Yes
300000,Male,3,1,53,-2,-2,-2,-2,-2,-2,-3,-3,-3,580,992,1205,0,0,583,992,1205,96,No
20000,Male,3,3,57,0,0,2,0,0,0,19071,20442,20141,19888,20318,20364,2000,1200,1300,1000,1000,1000,No
380000,Male,1,1,55,0,0,0,0,0,0,59881,61070,62350,63623,64846,66204,2185,2263,2310,2282,2363,2380,No
150000,Male,2,1,57,2,2,2,2,2,2,14496,15546,16303,15744,16582,17166,1600,1300,0,1100,1000,1000,Yes
20000,Male,2,1,53,1,2,2,-1,-1,-1,5397,6153,5914,13385,5490,0,1000,99,13401,5490,0,0,No
130000,Male,3,2,56,0,0,0,0,0,0,33928,35356,36782,31309,32480,33953,2000,2000,2000,2000,2000,3000,No
350000,Male,1,1,57,0,0,0,0,0,0,262719,269742,263086,269832,271763,276224,11500,18000,11000,11500,14000,12000,No
440000,Male,1,1,64,0,0,0,0,0,0,427038,431540,413605,355274,361170,338732,20000,18000,18003,15000,13000,17000,No
170000,Male,2,1,54,-1,-1,-1,-2,-2,-1,186,116,0,0,0,275,116,0,0,0,275,0,No
70000,Male,1,1,67,1,-1,-1,2,2,2,275,400,2,2,2,2,10400,10002,0,0,0,0,No
270000,Male,1,1,58,-2,-2,-2,-1,-1,-2,9211,8913,3255,9052,13615,14743,9012,3286,9097,13683,14774,14512,No
500000,Male,2,1,59,0,0,0,0,0,0,197792,201418,205895,212010,214287,218266,7200,8000,10010,7500,7266,6218,No
200000,Male,3,1,60,0,0,0,2,2,2,135775,136946,142735,149574,151108,142190,4916,8011,10800,5411,0,4959,No
290000,Male,3,1,55,0,0,0,0,0,0,21372,25278,29127,32901,36634,40460,5000,5000,5000,5000,5000,5000,No
50000,Male,1,2,54,0,0,0,0,0,0,48092,35513,35230,32888,19624,20112,2500,2500,3000,2000,2000,2500,No
20000,Male,3,1,57,1,2,2,-2,-2,-1,1472,211,-1050,-1440,-1830,780,0,0,0,0,3000,0,Yes
80000,Male,3,1,56,0,0,0,0,0,0,49897,50892,52472,53674,7886,16432,1822,2401,2581,1238,1816,3746,No
70000,Male,2,2,55,0,0,0,0,0,0,31081,23839,24717,19754,22032,25070,1474,1352,3722,2500,3292,663,No
50000,Male,3,1,53,0,0,0,0,0,0,48684,49466,50544,25381,9652,9464,1974,2442,1669,330,1342,330,No
160000,Male,2,1,55,0,0,0,0,0,0,155389,152162,154715,155026,79051,81089,6911,6500,4270,2518,2994,0,No
70000,Male,1,3,57,0,0,0,0,0,0,70051,69398,70352,69936,68118,65942,3567,2667,2321,2391,2316,2466,No
230000,Male,1,2,59,1,-2,-2,-2,-1,-1,0,0,0,0,1715,0,0,0,0,1715,0,0,No
180000,Male,2,1,70,0,0,0,0,0,0,12216,13724,15495,16232,16958,17685,1724,2000,1300,1000,1000,792,No
20000,Male,2,2,56,5,4,3,2,2,-2,19977,19375,18405,17680,18000,19000,0,0,0,1500,1000,1000,No
350000,Male,1,1,70,0,0,0,0,0,0,106813,100895,70244,64839,57583,45554,4000,3371,2089,3008,1300,1500,No
70000,Male,2,1,54,-1,0,0,0,0,0,20706,21410,22437,23448,23914,24415,1351,1378,1389,855,885,1132,No
20000,Male,2,2,54,0,0,0,0,0,0,37720,12266,8999,8810,10167,11710,1200,1200,1600,1500,1700,1000,No
180000,Male,2,2,56,0,0,0,0,0,0,89560,90940,92868,94243,94888,95819,3460,4000,3501,2690,3000,2603,No
320000,Male,3,1,56,0,0,0,0,0,0,274210,262737,199761,187759,68920,62702,9441,7821,7361,2227,2046,1892,No
50000,Male,2,1,53,2,0,0,2,0,0,17946,18946,21904,21243,20225,19850,1306,3264,0,846,856,804,No
50000,Male,2,1,56,0,0,0,0,0,0,48895,49455,49245,48657,20050,17376,1775,2070,1232,625,585,560,No
180000,Male,2,1,55,-1,-1,-1,-1,-1,0,6854,560,10600,0,9510,9510,560,10600,0,9510,0,4600,Yes
130000,Male,2,1,55,-1,2,2,-1,-1,2,780,780,390,390,1080,540,390,0,390,1080,0,390,No
20000,Male,3,2,57,-1,-1,-2,-1,-1,-1,170,-220,-610,18990,390,930,0,0,19990,390,930,0,No
500000,Male,2,1,54,0,0,0,0,0,0,108075,106532,102315,90435,91924,81378,5014,4500,4000,4052,3007,4013,No
50000,Male,2,1,58,-1,-1,-1,2,2,-2,382,-286,954,1154,-572,-962,0,1908,764,0,0,0,No
20000,Male,2,1,55,3,2,2,2,0,0,13139,12636,15212,14675,14835,15047,0,3100,0,700,600,2000,Yes
200000,Male,1,1,54,-1,-1,-1,-1,-1,-1,22413,890,1649,2121,0,51110,890,1649,2121,0,51110,1053,No
50000,Male,2,1,54,2,2,2,2,2,2,48556,49240,48647,36411,32087,22909,1804,2045,1314,1268,0,2436,Yes
680000,Male,2,2,64,0,0,0,0,0,0,568532,577681,577015,565669,524315,476846,22000,23000,21300,20000,17500,17000,No
290000,Male,2,1,53,-1,0,0,0,-1,-1,4975,3688,3164,2277,1497,1887,1027,1000,1000,1497,1887,2277,No
370000,Male,1,1,68,0,0,0,0,0,0,8207,11054,15840,20542,25255,30034,3000,5000,5000,5000,5000,5000,No
80000,Male,1,1,53,0,-1,0,0,0,2,9527,42908,42108,30610,32396,31743,42908,2400,1900,2600,0,2700,No
40000,Male,1,1,57,0,0,0,0,0,2,87313,88918,92387,94078,101340,20650,2729,3692,2846,7540,0,0,No
60000,Male,1,1,54,1,2,0,0,0,0,60500,58926,58625,58822,56661,40700,0,2500,2500,3000,4500,3000,No
300000,Male,1,1,58,-1,-1,-1,-2,-1,0,13620,5779,-1921,-1921,1912,1921,5823,0,0,3833,9,0,No
190000,Male,3,1,67,2,2,2,2,0,0,186797,191210,195681,190545,191478,187875,9000,9000,0,7033,7348,10000,No
200000,Male,2,1,65,-1,-1,-1,-1,-1,-1,1269,3784,5755,2255,8014,3635,3789,5860,2282,8042,3640,4850,No
150000,Male,1,1,54,1,2,2,2,2,2,23959,23276,25294,26780,27143,27563,0,2400,2201,1100,1000,0,Yes
200000,Male,1,1,58,-2,-2,-2,-2,-2,-2,0,0,0,0,0,0,0,0,0,0,0,0,Yes
50000,Male,1,1,58,0,0,0,0,0,0,55262,53057,50447,34608,22658,18503,2000,1703,1406,721,645,658,No
300000,Male,1,1,55,-2,-2,-2,-1,-1,-1,14202,0,0,11940,17693,2402,0,0,11940,17693,2402,0,No
480000,Male,2,1,53,1,-1,-1,-1,-1,-1,-11,11349,13461,9327,1368,1538,11360,13469,9327,1368,1538,15605,No
290000,Male,3,1,53,0,0,0,0,0,0,271508,261713,267792,273208,277225,284010,11000,11800,11500,10000,11000,9000,No
360000,Male,1,1,54,1,-1,-1,-1,-1,0,-281,2520,7508,434,2139,993,3011,7545,502,2205,5,1799,Yes
110000,Male,2,1,56,0,0,0,0,0,0,93983,88777,82501,54458,45943,44724,3371,2636,1883,1584,1604,2008,No
220000,Female,1,2,27,-1,-1,2,-1,-1,0,375,750,375,375,750,375,750,0,375,750,0,420,No
120000,Female,2,3,59,2,2,2,2,2,2,82172,80266,85919,86910,87893,86370,0,7898,3300,3300,0,3149,Yes
50000,Female,3,2,26,0,0,0,-2,-2,-1,6450,10744,0,0,0,239,4500,0,0,0,239,3363,Yes
30000,Female,2,2,35,0,0,0,0,-2,-2,29728,30479,13052,0,0,0,1779,3345,0,0,0,0,No
110000,Female,2,2,28,0,0,0,0,0,0,35208,36619,38026,40332,41772,43052,2000,2000,3000,2000,2000,2000,Yes
30000,Female,3,1,30,-1,-1,-1,-1,0,0,1483,1378,2381,2967,1746,780,1378,2781,3067,35,780,3308,No
60000,Female,3,1,34,0,0,0,0,0,0,53748,41668,29306,27800,27552,29545,1778,2000,1748,1500,2600,1000,No
60000,Female,1,2,26,-1,-1,-1,-1,-1,-1,959,0,849,1120,327,531,0,849,1120,327,531,188,No
30000,Female,2,2,24,1,2,2,2,2,0,16704,18121,19030,19424,18818,23307,2000,1500,1000,0,5000,2000,No
60000,Female,3,1,49,0,0,0,0,0,0,60335,52211,48293,49311,50290,51346,6751,6803,1821,1800,1866,1896,No
180000,Female,4,2,26,0,0,0,0,0,0,42086,96998,133743,135900,159631,160881,90402,100028,20000,26000,7000,6654,No
240000,Female,2,1,34,0,0,0,0,0,0,65883,66386,67444,68461,69423,70843,3000,3038,3057,3000,3000,3500,No
220000,Female,1,2,30,-1,-1,-1,-1,-1,-1,8939,316,541,4188,3473,7653,316,541,4188,3473,7653,2280,No
100000,Female,3,1,35,-1,-1,-1,-1,-1,-2,390,390,0,780,0,0,390,0,780,0,0,0,No
140000,Female,2,1,26,0,0,0,0,0,0,128720,129996,132004,127275,48724,48875,6450,7000,5000,2000,2000,2000,No
60000,Female,2,1,27,1,2,2,2,2,2,25547,24838,27725,26981,28921,29506,0,3300,0,2400,1200,1300,Yes
90000,Female,3,1,56,0,0,0,0,0,0,59524,57898,57739,55499,48246,47850,2670,2690,3041,3790,2000,2000,No
50000,Female,2,2,27,2,0,0,0,2,2,16557,17975,20366,22710,23541,23027,2000,3000,3000,1500,0,1000,Yes
400000,Female,1,2,47,-2,-2,-2,-2,-2,-2,6573,8155,11724,10570,15120,11453,8195,11755,10617,15189,11495,18506,No
60000,Female,2,2,35,0,0,0,-1,0,0,42174,40510,20513,22123,17094,18668,3090,10709,22154,1000,2000,700,No
60000,Female,2,2,29,0,0,0,0,-1,0,10450,3388,11722,10937,21528,20835,1011,11000,1220,21528,780,17,No
180000,Female,2,2,29,-2,-2,-2,-2,-2,-2,0,0,4690,0,150,193,0,4690,0,150,193,3403,Yes
130000,Female,2,2,24,0,0,0,0,0,0,128499,131370,123434,122806,125287,127992,5100,4500,4400,4500,4700,6400,No
110000,Female,1,2,24,2,0,0,0,0,2,85123,40882,35428,39680,44097,42543,2000,2000,5000,5000,0,2000,Yes
160000,Female,2,2,35,0,0,0,2,0,0,24306,25590,29169,28406,28836,30208,2000,4000,0,1200,2000,1300,No
500000,Female,1,2,25,1,-1,-1,-1,-1,0,-46,9412,1260,0,1121,6566,9458,1260,0,1121,6000,3000,No
160000,Female,1,2,26,-1,-1,-1,-1,-1,-1,5323,1714,2003,2580,0,380,1726,2235,2605,0,380,1488,No
80000,Female,1,2,29,1,-1,-1,-1,-1,-1,0,416,832,28940,832,0,416,832,28940,832,0,416,No
70000,Female,1,2,28,0,-1,-1,-1,-1,-1,12018,39270,603,2288,1380,2028,39270,603,2288,1380,2028,390,No
130000,Female,5,2,27,0,0,0,0,0,0,106852,107599,109902,112635,114472,117556,4000,4030,4600,4200,5000,5000,No
20000,Female,3,1,23,0,0,0,0,0,0,5373,7286,8311,11179,10400,3782,2000,1132,3000,1000,3782,3000,No
90000,Female,3,2,27,1,2,0,0,0,0,94699,92290,90719,39902,39200,38531,0,4183,1600,1280,1310,1432,Yes
30000,Female,1,2,24,0,0,0,0,0,0,4848,6524,6290,4440,4531,1300,3000,1108,1000,91,26,0,No
360000,Female,2,2,25,0,0,0,0,0,0,354626,356006,351383,335323,332865,333404,14000,14000,12000,12000,12000,12000,Yes
150000,Female,2,2,30,0,0,0,0,0,0,106911,105889,96548,87085,52323,51260,4000,4500,5000,2000,1700,2300,No
360000,Female,2,1,26,0,0,0,0,0,0,358897,357100,362900,293597,249345,228470,14245,14061,11028,8813,7900,8100,Yes
160000,Female,1,2,29,-1,0,-1,0,0,0,3462,4673,12741,10023,11023,8922,4000,12841,1000,1000,178,4000,No
120000,Female,3,1,51,0,0,0,2,2,2,26496,28586,33828,34236,34734,35292,2800,6000,1200,1300,1200,0,No
190000,Female,1,2,27,0,0,0,0,0,0,14671,15141,17574,18943,20405,42921,2000,3000,2000,2000,25921,1400,No
110000,Female,1,2,28,0,0,0,0,0,0,65024,61848,57944,53857,35036,31973,2500,2900,2000,2000,2000,2000,No
290000,Female,2,2,26,0,0,0,0,0,0,291861,254619,226755,155527,125986,107792,9596,7700,4402,3300,3100,4000,No
20000,Female,1,2,24,1,-1,-1,-1,-2,-1,0,1516,500,0,0,1500,1516,500,0,0,1500,0,No
200000,Female,1,2,28,1,-1,3,2,2,-2,0,344,344,344,0,0,344,0,0,0,0,250,No
440000,Female,1,2,30,-1,-1,-1,0,0,0,777,612,87426,171244,150897,117870,612,87426,130007,3018,15000,51663,No
160000,Female,2,2,24,0,0,0,0,0,0,39604,24023,21323,18933,12763,0,1378,1533,1000,255,0,0,No
120000,Female,2,2,30,-1,-1,-1,-1,-1,-1,140,3230,3011,1964,1883,1538,3230,3011,1964,1883,1538,1911,No
20000,Female,3,1,22,2,0,0,0,0,0,16358,17063,18406,18992,16564,16944,1282,1625,1209,1000,570,411,No
310000,Female,1,2,27,-2,-2,-2,-2,-2,-2,1000,304,1852,2587,8441,14761,152,1868,2587,8441,14761,3418,No
180000,Female,2,2,29,1,2,0,0,0,2,77494,75658,76942,80419,90715,37376,0,3100,5000,11000,1000,1000,No
250000,Female,1,2,28,0,0,0,0,0,0,176925,179079,186166,189786,195130,198147,7000,10000,10000,10000,7300,8000,Yes
180000,Female,2,2,24,0,0,0,0,-1,0,8031,9269,9029,11186,23320,6666,2009,2626,3000,23320,1000,1000,Yes
130000,Female,2,2,29,2,0,0,0,0,0,120844,123333,126347,129249,132093,129155,4500,5000,5000,5000,4700,5000,Yes
330000,Female,3,1,27,-1,-1,-1,-1,0,0,7098,4863,906,46353,2175,30824,4885,906,46789,10,30824,6269,No
310000,Female,2,2,29,0,0,0,0,0,-1,135195,78756,44127,44782,2108,1983,3500,2500,2150,1000,2000,119943,No
70000,Female,1,2,25,0,0,0,0,0,0,27990,24526,25532,25971,14859,14930,1394,1790,1229,519,687,557,No
30000,Female,2,2,29,2,2,2,2,2,0,18872,21734,21103,22939,22273,22814,3500,0,2500,0,900,1000,Yes
290000,Female,2,1,29,2,0,0,0,0,0,112676,113924,116828,119857,122243,124885,4500,4630,4857,4251,4485,4493,Yes
260000,Female,1,2,29,2,0,0,-1,-1,-1,19006,19113,16376,2590,390,390,6005,1525,2590,390,390,390,Yes
250000,Female,1,2,26,0,0,0,0,0,0,187336,184608,188570,188585,205272,208778,10000,10065,10000,20000,10000,20000,No
120000,Female,2,2,28,1,-2,-2,-2,-2,-2,0,0,0,0,0,0,0,0,0,0,0,0,Yes
230000,Female,1,2,26,0,0,0,0,0,0,166511,159766,142435,136502,122572,110839,6722,6500,6020,4056,4000,4500,No
30000,Female,2,1,28,-2,-2,-2,-2,-2,-2,435,0,0,295,-5,-5,0,0,295,5,0,0,No
50000,Female,2,2,26,1,2,2,2,2,-2,49119,44419,42521,38517,19221,19774,0,3213,1331,1000,1000,1100,Yes
180000,Female,1,2,28,0,0,0,0,0,0,49550,43015,50238,49461,43877,32411,3006,10017,2018,1022,2322,23023,No
500000,Female,2,2,34,0,0,0,0,0,0,367463,287148,262173,90450,9685,-39046,10584,30232,3018,1335,30000,10000,No
50000,Female,1,2,29,-1,-1,-2,-1,-1,-1,2463,0,0,536,326,652,0,0,536,326,652,0,No
80000,Female,2,1,28,0,-1,-1,-1,-1,-1,8432,928,3602,5495,10059,5700,928,3602,5495,10109,5700,3502,No
460000,Female,2,1,28,0,0,0,-1,-1,-1,25537,23314,16098,3316,3316,3316,1335,10000,3316,3316,3316,3316,No
50000,Female,2,1,27,0,0,0,0,0,0,48292,47171,37779,28424,29133,27509,2300,1900,1500,1194,1000,1000,No
20000,Female,1,2,27,-1,-1,-1,0,-1,-1,5888,4088,6597,9333,4133,8456,4813,6597,5000,4431,8500,8032,No
350000,Female,1,2,33,0,0,-1,-1,0,0,14118,4278,8621,970,1345,2267,3922,8621,970,1000,1917,454,No
20000,Female,2,1,24,-1,4,4,3,4,3,19915,19902,19299,20686,20073,19470,600,0,2000,0,0,0,Yes
400000,Female,1,2,29,-1,-1,-1,-1,-1,-1,3807,3168,372,20031,916,30979,3168,372,20231,916,30979,1984,No
490000,Female,2,2,35,0,0,0,0,-1,0,48108,45281,46705,41125,20205,6483,3000,5015,5007,20205,3000,1181,No
280000,Female,1,2,30,-1,-1,-1,-1,-1,-1,596,645,2550,349,1148,785,645,2550,349,1148,785,175,No
50000,Female,2,2,23,-1,0,0,0,0,0,48570,48599,49124,48930,50316,62794,1773,2246,2000,3000,1725,6120,No
20000,Female,2,1,24,2,2,0,0,0,0,19891,15895,17140,18457,21381,18914,0,1500,1600,1646,678,1000,Yes
90000,Female,1,2,27,0,0,2,0,0,0,46588,49496,48425,50611,52764,55898,4000,0,3000,3000,4000,2043,No
150000,Female,1,2,29,-1,-1,-1,-1,-1,-1,1639,592,3784,2340,5920,5400,592,3791,2340,5920,5400,0,No
70000,Female,1,2,28,0,0,0,0,0,0,37325,38402,39476,40818,41833,45165,2000,2000,2000,2000,4000,0,No
230000,Female,1,2,30,-1,-1,-1,-1,-1,-1,1432,1094,665,582,472,746,1094,665,582,472,746,633,No
200000,Female,2,2,29,-1,0,0,0,0,0,3334,4772,7675,10519,6980,8702,1500,3000,3000,1000,2000,2000,No
500000,Female,2,2,28,0,0,0,0,0,0,182416,150298,88448,58009,47336,7112,5000,3850,3248,13736,14256,220371,No
160000,Female,2,2,28,-2,-2,-1,2,-1,-1,968,708,1841,441,3438,3046,710,1913,0,3456,3054,1224,No
250000,Female,2,1,29,-1,-1,-1,0,0,0,390,0,49140,32699,32949,34150,0,49140,1596,5000,2000,1800,Yes
60000,Female,2,2,27,0,0,0,0,0,0,57697,48934,44653,44056,42210,41796,2200,5000,2000,1500,2000,1600,Yes
500000,Female,1,1,34,0,0,0,0,0,0,30376,32715,60927,76088,110294,108964,15000,30007,30000,50000,5000,5000,No
140000,Female,2,1,30,-2,-2,-2,-2,-2,-2,0,0,0,0,0,1122,0,0,0,0,1122,0,No
460000,Female,1,2,28,0,0,0,0,-1,0,21333,16560,12570,19403,10063,8628,4560,2500,9456,10063,0,0,No
160000,Female,2,2,39,0,0,2,2,2,0,30633,37119,36263,43481,43515,49619,7000,0,7847,1026,7000,7968,Yes
50000,Female,1,2,29,1,-2,-2,-2,-2,-1,0,0,0,0,0,429,0,0,0,0,429,250,No
110000,Female,1,2,26,0,0,0,0,0,0,103705,94786,94708,83765,73122,74366,3500,3500,3000,3700,12488,100,No
100000,Female,2,2,24,0,0,0,0,0,0,65744,67050,68456,69849,71240,72736,2398,2485,2532,2549,2643,3000,No
80000,Female,1,2,29,0,0,0,0,0,2,19833,21192,22842,24147,29133,28532,2000,2000,2000,5394,0,5000,No
230000,Female,1,2,27,-2,-2,-2,-2,-2,-2,2978,6666,1951,67101,5136,10316,7000,1951,67101,5142,10316,5720,No
280000,Female,2,1,38,0,0,0,0,0,-1,8868,14766,16272,10496,6876,34574,10006,10018,7011,6000,37000,10000,No
20000,Female,2,2,22,3,4,3,2,0,0,22353,21720,21098,20334,19943,19956,0,0,0,458,463,235,Yes
30000,Female,2,2,22,2,0,0,0,0,0,30324,30123,30299,27758,22720,19136,1900,1600,2000,2000,614,924,Yes
30000,Female,2,1,23,6,5,4,4,3,2,40439,37936,36489,33971,31632,28677,0,1011,0,0,0,2405,Yes
30000,Female,1,2,23,0,0,0,-1,0,0,10210,13754,-191,24149,25452,25104,6000,250,25000,2000,1000,1100,No
30000,Female,2,2,23,2,-1,-1,-1,0,0,729,479,859,755,755,220,483,859,755,0,0,0,Yes
110000,Female,2,2,24,-1,0,0,0,0,0,90929,92303,92114,70057,28492,107453,3550,3200,2500,1600,80000,4000,No
30000,Female,2,2,25,2,2,0,0,0,0,28518,27774,28987,24960,14358,16123,0,2027,2000,1000,2000,2000,No
220000,Female,2,2,25,0,0,0,0,0,0,215036,216083,217461,212995,182534,169250,7800,8200,7039,6528,6100,6200,No
20000,Female,2,2,26,1,-2,-1,0,0,0,0,0,1568,1398,920,0,0,1568,1000,302,0,192,No
60000,Female,2,2,26,2,2,2,2,2,2,55892,56685,55208,59175,60218,55447,2300,0,5000,2511,6,3000,No
90000,Female,3,1,48,-1,-1,-1,2,-1,0,1102,-14,21816,316,632,316,0,22146,0,632,0,7816,No
100000,Female,1,2,30,0,0,2,0,0,0,92909,96454,98010,99633,88708,93474,6000,4000,4507,2983,6000,4800,No
70000,Female,2,1,33,0,0,0,0,0,0,52901,43981,33439,24926,10681,7431,2011,1683,3160,3000,3000,5060,No
210000,Female,2,2,28,0,0,0,0,0,0,40236,29230,24717,26563,22812,13620,2200,1854,2700,0,0,0,No
50000,Female,2,2,22,0,0,0,0,0,0,51417,48260,43889,35324,24146,22914,2054,1981,1344,810,828,824,No
50000,Female,1,2,22,1,2,0,0,0,0,4112,3900,7737,3406,1470,1500,0,4019,2500,0,30,0,No
20000,Female,2,2,22,-1,3,2,2,0,0,18021,17439,17466,17846,18310,18923,0,600,1000,1000,1000,700,Yes
130000,Female,3,2,23,2,-1,0,0,0,0,1330,5719,15578,19887,11659,11735,5719,10000,5000,2000,2000,2000,Yes
360000,Female,1,1,44,1,-2,-2,-2,-2,-2,0,0,0,0,0,0,0,0,0,0,0,0,No
200000,Female,1,2,26,0,0,0,0,0,0,134780,138349,141821,145144,148268,151604,6000,6000,6000,6000,6000,6200,No
130000,Female,1,1,35,0,0,0,0,0,0,23693,27228,30795,38637,39259,72981,4257,4338,8399,1260,34721,5202,No
100000,Female,2,1,23,0,0,0,0,0,0,6584,7560,4470,1490,542,679,2500,1193,1000,0,400,842,No
80000,Female,2,2,22,0,0,0,0,0,0,77408,78363,72602,72525,56951,21952,2677,3341,1850,1499,933,32000,No
60000,Female,2,2,22,3,2,2,2,2,2,61558,59967,59693,39686,30077,30761,10,3616,301,2501,1300,0,Yes
50000,Female,2,2,23,0,0,0,0,0,0,50614,48702,47770,37239,20526,19771,2500,1700,2151,687,2000,669,No
10000,Female,2,2,23,1,2,3,3,2,0,5699,7434,8164,7889,7614,7990,2000,1000,0,0,500,900,Yes
30000,Female,3,2,23,2,2,2,0,0,2,27588,30354,29150,26731,29273,29887,3540,73,1418,4499,1200,0,Yes
50000,Female,2,2,23,0,0,0,2,2,-2,26001,16982,19313,18700,0,0,1282,2613,0,0,0,0,No
50000,Female,1,2,22,2,2,-2,-2,-2,-2,4536,0,0,0,0,0,0,0,0,0,0,0,Yes
30000,Female,2,2,22,-1,2,2,2,2,2,11222,11738,13255,14380,14081,10796,1000,2000,1670,551,0,500,Yes
50000,Female,2,2,22,0,0,0,0,2,0,11970,14445,16391,17804,10868,12151,3000,2500,2050,0,2000,3000,No
70000,Female,2,2,22,0,0,0,0,0,0,68969,67682,68448,69316,29083,28140,3200,3600,3075,1204,1200,1046,No
20000,Female,1,2,22,-1,2,2,2,0,0,12831,12328,15195,14659,14642,15102,0,3077,0,524,696,300,Yes
30000,Female,2,2,22,0,0,0,0,0,0,19502,8999,11797,11972,16482,9082,3000,3000,4000,5000,5000,5000,No
30000,Female,2,2,24,0,0,0,0,0,-2,24835,23527,20701,8263,0,0,1485,1138,1000,0,0,0,No
130000,Female,1,2,24,0,0,0,2,2,-1,3621,4530,6627,3300,0,18300,1130,2227,200,0,18300,0,No
10000,Female,2,2,23,-1,-1,-1,0,0,0,9438,1985,9436,8057,8891,-873,1985,9436,1000,1500,0,11571,No
70000,Female,3,2,23,0,0,0,-1,0,0,14816,8237,-2601,69823,30446,29585,1000,695,73820,1042,1054,1024,No
20000,Female,2,2,21,0,0,0,0,0,0,19039,19684,18825,19876,20040,17755,1286,1416,1467,631,730,0,No
20000,Female,2,2,22,1,-1,2,-1,0,0,0,6594,4840,780,390,0,6594,0,780,0,0,11000,No
30000,Female,2,2,22,2,2,2,2,2,2,24874,26163,26449,27915,27170,29071,2000,1000,2201,0,2500,1001,No
50000,Female,3,2,22,-2,-2,-2,-2,-2,-2,2498,-2,1697,0,0,5000,0,1699,0,0,5000,0,No
20000,Female,2,2,24,-1,-1,-1,2,0,0,396,1301,12056,11151,11219,18120,1301,11151,0,600,8120,1500,No
60000,Female,2,2,22,2,0,0,0,0,0,46403,34438,30920,27817,26281,26830,1544,1759,1500,940,972,976,Yes
50000,Female,2,2,23,-1,-1,-1,-1,-1,-1,900,2757,4893,390,390,1670,3147,4893,390,390,1670,1890,No
20000,Female,1,2,22,0,0,0,0,0,0,19458,18786,16249,16478,10735,3274,1552,1381,1000,215,65,0,No
30000,Female,2,2,22,0,0,0,0,0,0,19759,19973,22058,24598,26564,27521,3000,3500,3000,2500,2000,3000,No
20000,Female,2,2,23,1,2,0,0,0,2,15596,15053,15773,17102,18704,18263,0,1269,1598,2200,0,3700,Yes
10000,Female,1,2,23,2,0,0,0,0,2,3413,5188,6937,7946,8714,8432,2000,2000,1132,900,0,500,No
50000,Female,1,2,22,0,0,0,0,0,0,50813,50558,50455,49443,20405,19494,1972,2369,3592,1029,723,874,No
70000,Female,1,1,22,0,0,0,0,2,0,64525,66548,67344,62083,29914,29406,3093,2594,4512,0,1070,1065,No
20000,Female,3,0,23,0,0,0,0,0,0,14702,16445,17563,18290,18665,19077,2000,1388,1115,490,531,400,No
50000,Female,2,2,23,1,-1,0,0,0,0,14191,5896,6175,10000,1952,406,5896,2006,5074,1300,406,0,No
30000,Female,2,1,23,2,0,0,0,0,0,27997,26049,27222,27729,28437,25336,1800,1900,1330,1038,1128,5000,No
50000,Female,2,2,22,0,0,0,0,0,0,49619,50629,50778,48261,28768,29370,1836,1985,1468,1175,1214,1232,No
30000,Female,3,2,23,3,2,0,0,0,0,30051,29274,30498,29713,29819,30342,0,2000,1500,2000,1100,2000,No
80000,Female,2,2,23,1,2,2,2,2,2,68594,66893,72307,70556,74021,75675,0,6507,0,5260,3000,4584,No
50000,Female,3,2,23,0,0,0,0,0,0,32644,34096,34941,34243,28014,28528,2000,1700,1502,1000,1200,1200,No
20000,Female,1,2,24,-1,0,0,0,0,0,16582,17721,18762,19729,20134,19590,1422,1333,1300,700,1000,1000,No
30000,Female,1,2,25,0,0,0,0,0,0,26376,27483,28242,16498,16923,17649,1550,1308,1300,700,1000,2000,No
140000,Female,1,2,25,-1,-1,-1,-1,-1,-1,30077,2809,7541,10661,2214,6020,2809,7541,10661,2214,6020,0,No
210000,Female,2,2,26,-1,0,0,0,0,0,119269,60133,56076,39135,25396,18553,2345,1915,5028,3200,371,25140,No
200000,Female,1,2,26,0,0,0,0,0,0,200849,146340,146660,145623,144166,145141,80000,4600,6000,4700,4800,5000,No
20000,Female,2,2,22,1,2,2,2,0,0,14645,14113,18550,17867,18072,17899,0,4675,0,701,563,1000,No
30000,Female,2,1,22,2,2,2,0,0,0,30525,28574,14220,14188,7058,7976,1725,0,1230,1000,1000,0,Yes
150000,Female,3,2,23,0,0,0,0,0,0,11329,10775,11829,7031,7172,5833,1219,1273,1069,1683,202,299,No
60000,Female,1,2,24,0,0,0,0,0,0,35138,35776,34783,32158,28991,28434,1553,2000,1508,1080,1003,1000,No
20000,Female,2,2,21,0,0,0,0,0,0,10109,11153,11841,4725,9135,18355,3000,2000,1200,5000,10000,8906,No
150000,Female,1,2,25,0,0,0,0,0,0,119788,112824,92456,80532,59866,49472,4728,3610,2377,1714,828,846,No
70000,Female,1,2,25,-1,-1,-1,-1,-2,-1,1288,0,1999,0,0,842,0,1999,0,0,842,0,No
60000,Female,2,1,30,0,0,0,0,0,0,65460,64128,62736,59133,57662,53059,2299,2232,2152,2226,1908,1933,Yes
330000,Female,2,2,31,0,0,0,0,0,0,30532,33814,38243,39603,40542,41239,3814,5000,2000,1598,1500,2000,No
20000,Female,1,2,23,0,0,0,0,2,0,23809,24798,24258,24172,21959,20898,1700,1800,2350,0,1000,2700,No
130000,Female,2,2,24,0,0,0,-1,-1,-2,14518,15000,0,1207,0,0,1150,0,1207,0,0,0,No
30000,Female,2,2,25,0,0,0,0,0,0,28709,28649,29619,30224,27326,30297,1462,1589,1351,2500,4000,1500,Yes
30000,Female,2,2,22,0,0,2,0,0,0,27762,30392,27688,28134,29591,28883,5000,0,3000,2000,1300,1500,No
500000,Female,1,2,37,-2,-2,-2,-2,-2,-2,315,2579,3824,813,0,4443,2579,3824,813,0,4443,330,No
450000,Female,1,1,38,0,0,0,0,0,0,108390,96704,84033,72279,55757,37161,4300,3073,3000,2000,1500,2000,No
50000,Female,2,2,22,0,0,0,0,-1,0,44593,33019,13552,0,28105,29684,5000,3000,0,28105,2000,2000,No
60000,Female,2,2,24,0,0,0,-1,-1,-1,58692,61225,54673,2193,8258,0,5000,1098,2193,8258,0,0,No
130000,Female,2,2,22,1,-2,-1,2,2,-2,0,0,1485,299,0,0,0,1485,0,0,0,0,No
280000,Female,2,2,25,0,0,0,0,0,0,139019,141146,129252,103317,101085,104181,4074,4232,4022,3000,4010,100022,No
100000,Female,2,1,26,0,0,0,0,0,0,7086,7644,8197,9203,3815,5493,1500,1500,2000,1000,2493,2443,No
60000,Female,1,2,24,0,0,0,0,0,0,57802,58960,60862,59279,59176,58128,2960,2866,2279,2276,2128,2237,No
80000,Female,1,2,25,-1,-1,-1,-2,-1,-1,177,1200,0,0,7240,0,1200,0,0,7240,0,0,No
130000,Female,1,2,27,1,-1,0,-1,-1,0,0,1386,5275,198,3992,8893,1386,4000,198,3992,5000,40000,No
30000,Female,2,2,21,0,0,0,0,0,0,9696,10406,5068,2023,1163,0,2000,1000,1002,23,0,0,No
50000,Female,2,2,22,1,2,2,2,0,0,38633,36378,33533,28591,28390,28739,500,2231,1500,1300,1700,800,No
50000,Female,2,2,23,0,0,-2,-2,-2,-2,43634,0,0,0,0,0,0,0,0,0,0,0,Yes
90000,Female,2,2,23,0,0,0,0,0,0,90508,89618,75342,71668,49358,50296,3432,3615,3511,2500,2000,1850,Yes
70000,Female,1,2,23,-2,-2,-1,0,0,0,-22,-11,5173,6345,7083,8961,0,69900,1262,1000,2000,1000,No
110000,Female,2,2,25,0,0,0,0,0,0,80374,81652,47291,43857,45684,40994,3000,3000,2173,3000,3500,1538,No
80000,Female,2,2,25,0,0,0,0,0,0,81477,81058,80510,81565,81232,81422,3100,2931,3600,2908,3117,3071,No
130000,Female,2,2,23,-1,0,-1,-1,-1,-1,13429,2984,9811,5136,19040,2940,1000,10363,5177,19040,2940,1332,No
130000,Female,1,2,24,-1,-1,-1,-2,-2,-1,7353,3700,0,0,0,297,3727,0,0,0,297,0,No
60000,Female,2,2,24,0,0,0,0,0,0,28277,27295,27403,23837,23078,22618,1450,1724,1600,1000,1000,2500,Yes
140000,Female,3,2,24,-2,-2,-2,-2,-2,-2,0,580,2298,299,3330,0,580,2500,502,3531,0,0,No
110000,Female,2,2,24,1,2,0,0,0,0,72184,69650,70172,48720,48540,43692,0,3200,2478,2000,1900,2000,No
100000,Female,2,2,24,1,2,0,0,0,2,7127,6867,8095,9296,10241,9936,0,1500,1500,1100,0,3000,Yes
20000,Female,2,1,24,0,0,0,0,-1,0,17599,18920,19000,0,80,540,1920,1000,0,40,1000,844,No
90000,Female,2,2,24,0,0,0,0,0,0,89608,87743,87363,74329,48451,48715,4507,4000,2500,2000,2000,2000,No
50000,Female,2,1,24,0,0,0,0,0,0,46437,40703,20215,21116,20036,18952,1912,1370,1271,664,658,638,No
30000,Female,2,2,24,-1,0,0,0,0,0,1513,27350,28561,29684,32650,34299,26500,2048,2000,3769,5007,2007,No
50000,Female,2,2,26,-1,-1,-1,-1,-1,-1,390,2078,390,390,0,780,2078,390,390,0,780,0,No
80000,Female,2,1,23,0,0,0,0,0,0,79874,60000,47160,32382,8706,3876,2100,2026,4360,2000,1000,2057,No
130000,Female,1,2,24,0,0,0,0,0,0,78744,74511,81315,75538,77172,79442,3500,10000,4000,3500,3500,3500,No
20000,Female,1,2,24,-1,-1,-1,-1,0,-1,390,390,390,1052,662,1202,390,390,1052,0,2030,5485,No
120000,Female,1,2,24,-2,-2,-2,-2,-2,-2,0,0,0,0,1000,0,0,0,0,1000,0,0,No
20000,Female,2,2,24,1,2,3,2,-1,0,9739,12322,3023,2748,12351,13927,3023,0,0,12351,4000,2000,No
80000,Female,2,2,24,0,0,0,0,0,-1,13118,11622,12011,3210,1651,2256,1500,1511,1000,1000,2256,924,No
50000,Female,1,2,24,0,0,0,0,0,0,35871,36312,35827,32834,29052,28288,5000,5000,5716,3000,2000,1500,No
70000,Female,2,2,24,0,0,0,0,2,0,12954,14425,18171,20861,20231,22831,2000,4000,3000,0,3100,3000,No
90000,Female,2,1,25,-1,-1,0,0,0,0,7766,13788,15459,43380,46632,14177,93788,10000,33000,5300,5000,2913,No
280000,Female,2,2,25,1,2,-1,-1,-1,-1,6714,4526,3868,389,389,384,22,4277,390,390,385,166196,No
400000,Female,1,2,26,-1,0,0,0,0,0,2871,6260,6651,6542,7093,9134,4016,4020,4066,4009,4021,3507,No
130000,Female,3,2,26,0,0,0,0,0,0,113707,115323,120461,121177,4623,5402,5000,7000,5000,2000,2000,5000,No
30000,Female,5,2,22,0,0,0,0,0,-2,24979,26418,26791,14500,0,0,1859,1232,1040,0,0,0,Yes
50000,Female,3,2,23,2,0,0,2,0,0,25046,25174,27850,27038,27465,20943,1724,3400,0,1000,900,790,Yes
80000,Female,2,2,23,1,2,2,2,2,2,21775,21127,23772,23092,24806,24272,0,3000,0,2100,0,1500,Yes
50000,Female,3,2,22,2,2,2,0,0,0,24729,22719,18408,19330,19561,19815,1651,0,1573,804,675,738,No
10000,Female,1,2,23,1,2,2,-1,-1,-2,8356,7864,6171,1681,0,0,1200,0,1681,0,0,1250,No
90000,Female,2,2,24,0,0,0,0,0,2,83590,84960,85744,79963,70021,70853,3200,3110,4677,3200,2500,2500,No
50000,Female,1,2,24,3,2,2,2,0,0,8506,10194,10928,10456,11279,12095,2000,1200,0,1000,1000,1000,Yes
100000,Female,2,2,24,-1,-1,-2,-2,-1,-1,3587,660,6010,2789,2973,3611,660,6010,2789,2973,3611,11880,No
90000,Female,2,1,25,2,0,0,0,0,0,90371,87525,89052,85807,68186,69011,4100,4200,3000,3000,3000,2600,Yes
310000,Female,1,2,26,-2,-2,-2,-2,-2,-2,297,0,0,0,0,0,0,0,0,0,0,0,No
210000,Female,1,2,26,1,2,0,0,0,0,7271,4951,1815,3789,4721,5641,6,1600,2000,1000,1000,0,No
340000,Female,2,2,25,-2,-2,-2,-2,-2,-2,-2,-2,466,-3,1292,586,0,468,0,649,1178,0,No
30000,Female,2,1,25,2,0,0,0,0,0,27458,21203,18394,19560,13035,13836,1267,1342,1508,500,1000,1102,Yes
70000,Female,2,2,25,2,2,2,2,2,2,67588,68983,70691,71692,67740,68470,3100,3400,2752,0,5156,0,Yes
450000,Female,1,2,25,-2,-2,-2,-2,-2,-2,0,0,0,0,0,0,0,0,0,0,0,0,No
30000,Female,2,1,26,-1,-1,-1,-1,-1,-1,3761,7215,2730,1770,0,11242,7231,2732,1770,0,11242,2000,No
10000,Female,2,2,26,1,2,2,2,2,2,6220,5975,8104,7807,8329,6613,0,2400,0,615,0,539,Yes
50000,Female,1,2,26,0,0,0,0,0,0,49392,50350,50154,49766,24492,22974,1786,2162,1724,600,1000,47438,No
120000,Female,1,2,27,-1,-1,0,0,0,0,13060,23008,119558,93652,23862,0,23008,100000,3500,1000,0,122350,No
210000,Female,1,2,27,0,0,0,0,0,0,21275,18405,76779,67518,66364,65038,2079,67000,2300,2365,2000,2000,No
260000,Female,2,2,27,-2,-2,-2,-2,-2,-2,895,0,0,0,0,0,0,0,0,0,0,0,No
300000,Female,1,2,27,0,0,0,0,0,0,183468,180149,168098,181257,175362,179536,10000,6500,20000,7000,7000,7000,No
30000,Female,2,2,27,0,0,0,0,2,2,8476,9677,10715,13218,12709,17463,1500,1500,3000,0,5000,0,No
120000,Female,2,1,22,2,2,0,0,0,0,121522,120084,122250,70901,40860,39553,2000,5700,2964,1527,1407,1873,No
70000,Female,2,2,23,0,0,0,0,0,0,68410,67449,66767,65528,47888,44198,2413,2605,2013,2003,1607,1606,No
90000,Female,1,2,23,-1,-1,-2,-1,-1,-1,3030,0,0,4220,1130,212,0,0,4220,1130,212,298,No
60000,Female,2,2,24,0,0,0,0,0,0,57674,59213,60764,60070,40479,39871,2500,2505,2000,3003,1500,2100,No
60000,Female,1,2,24,0,0,0,0,0,0,22504,23547,24877,21465,21218,21300,1420,1750,1338,761,925,887,No
50000,Female,1,2,22,0,0,0,0,0,0,49772,50537,49556,49902,38391,29427,1778,2110,1456,1360,1057,1069,No
100000,Female,1,2,23,-1,-1,-1,0,-1,-1,4357,1897,4153,2972,1990,1861,1901,4153,1000,1990,1861,0,No
50000,Female,2,1,24,0,0,0,0,0,0,34983,34922,37248,30640,16158,0,1700,3000,1200,2000,0,0,No
80000,Female,1,2,24,0,0,0,0,0,0,34106,33045,32318,30171,32950,30899,3000,3000,2000,5000,3000,6000,No
300000,Female,5,2,26,0,0,0,0,-2,-2,293880,242669,76777,34072,11632,15429,11128,47009,34044,11677,15483,6098,No
100000,Female,2,2,23,-1,-1,-1,0,-1,-1,892,2180,10876,11714,7177,10455,2180,10876,3000,7177,10455,2819,No
140000,Female,2,2,25,0,0,-1,-1,-1,0,140286,143649,435,556,92556,94567,6500,436,621,94500,3500,3500,Yes
80000,Female,2,2,23,2,0,0,0,0,0,71975,64153,47680,33336,24439,26187,3139,4000,3000,2000,2000,0,Yes
60000,Female,3,2,23,0,0,0,0,0,0,30660,30286,29757,30122,30498,28647,1800,1630,3000,2000,2000,2000,No
230000,Female,2,2,23,1,-1,-1,-1,-1,-1,-15,6179,1502,708,2882,1939,6194,1502,708,2896,1939,365,No
120000,Female,2,2,25,0,0,2,0,0,2,46953,48670,49587,50961,53597,55094,2500,2000,2500,4100,2500,0,No
60000,Female,1,2,24,0,0,0,0,0,0,59267,60042,59225,59947,60107,57338,2694,2800,2300,2250,2081,2120,No
50000,Female,2,2,24,-2,-2,-2,-1,0,0,50096,49917,0,24415,25305,25775,1000,0,24415,1295,1275,0,No
210000,Female,2,1,25,0,0,0,0,0,0,7788,8801,9825,10838,12652,13060,1149,1173,1186,2000,1000,1000,No
20000,Female,1,2,24,0,0,0,0,0,0,19403,18989,18914,19883,19293,19993,1300,1332,1301,700,1000,900,No
130000,Female,2,2,22,0,0,0,0,0,0,34970,14867,10341,9788,7193,9006,2012,2000,2290,1005,4078,713,No
20000,Female,2,2,22,0,0,0,0,0,0,16653,18062,18374,19222,18014,18627,2000,1700,1500,1000,1000,1000,No
90000,Female,2,2,24,0,0,0,0,0,0,14329,14520,14747,4753,5152,4664,3000,1240,1220,1000,500,800,No
30000,Female,1,2,23,-1,-1,-1,-1,-1,0,23225,29801,10008,9336,24339,16710,30043,10024,9340,24363,5714,4,No
30000,Female,2,1,23,0,0,0,0,0,0,27222,27630,28618,28833,9895,12155,1450,1638,1053,2000,5155,4145,No
150000,Female,2,2,24,1,-2,-2,-2,-1,-1,0,0,0,0,2000,2000,0,0,0,2000,2000,2000,No
20000,Female,1,2,24,0,0,0,0,0,0,20933,22202,21867,21813,21228,21614,2700,1400,1400,800,1783,1000,Yes
80000,Female,3,1,25,0,0,0,0,0,0,63214,61943,61458,57045,50652,48476,2300,2215,1900,1800,1920,2300,No
40000,Female,2,2,25,0,0,0,2,0,0,34084,35169,37940,36824,37242,37900,1861,3755,0,1290,1337,1339,No
240000,Female,1,2,27,-2,-1,-1,-1,-1,-2,5886,5055,8774,1854,-9584,-15483,5055,8774,1854,0,0,66971,No
100000,Female,5,2,27,0,0,0,0,0,0,152330,66107,60734,48816,28679,30231,3000,2231,1617,1000,2000,590,No
100000,Female,1,2,30,1,-2,-2,-2,-2,-2,0,0,0,0,0,0,0,0,0,0,0,0,No
150000,Female,3,2,25,-2,-2,-2,-2,-2,-2,0,1145,2580,0,0,0,1145,2580,0,0,0,0,No
270000,Female,2,2,25,0,0,0,0,0,0,22579,23579,24613,25617,25434,25966,1380,1419,1423,910,942,951,No
400000,Female,2,2,24,0,0,0,0,0,0,35660,37065,38142,38870,30059,27656,2000,1673,1401,990,964,975,No
50000,Female,1,2,25,0,0,0,0,0,0,38153,34476,25857,26621,27178,28038,1700,2000,1500,1000,1300,1300,No
80000,Female,1,2,25,-1,2,2,-2,-2,-2,259,259,0,0,0,0,0,0,0,0,0,0,No
20000,Female,2,2,25,0,0,0,0,0,0,4120,5387,6440,7373,8246,11095,1500,1300,1200,1000,3000,406,No
240000,Female,3,2,25,0,-1,-1,-1,-1,-1,198768,2986,191142,98080,19380,100000,2986,191142,98080,79380,100000,50254,No
70000,Female,2,2,25,2,0,0,0,2,2,19112,20115,20837,22986,22319,23952,1629,1351,2500,0,2000,0,Yes
50000,Female,2,2,26,2,0,0,0,0,0,47510,32952,22289,22752,9325,9270,1744,1537,1000,187,185,0,No
70000,Female,1,2,23,0,0,0,0,0,0,45707,40238,36620,32163,29620,23384,1931,1626,1760,841,1000,1000,No
170000,Female,5,2,24,-2,-2,-1,-1,0,0,85663,-37,1740,97961,66257,12106,0,1777,114593,5823,439,497,No
100000,Female,1,1,26,0,0,0,0,0,0,98530,95849,97235,93531,43975,45512,4301,4615,2729,1275,47052,1680,No
10000,Female,1,2,23,3,2,2,0,0,0,7067,8092,7820,8824,8996,9182,1291,0,1295,467,479,480,Yes
230000,Female,2,2,23,1,3,2,2,2,2,5263,5021,3579,31053,30334,38203,3,8,30334,0,8507,14,No
230000,Female,2,2,23,-1,-1,-1,-1,-1,0,5049,1444,14019,1045,12525,12219,1444,14019,1045,12525,244,725,No
60000,Female,2,1,23,0,0,0,-1,-1,-1,43714,47653,51400,399,500,10400,5000,5000,399,500,10400,0,No
50000,Female,3,2,23,0,0,0,0,0,2,17976,18254,16428,16986,18579,17317,1564,1589,2000,3000,0,3000,No
180000,Female,3,2,42,0,0,0,0,0,0,102826,102646,82849,78064,73437,108072,5011,5006,5000,5005,42500,3000,No
80000,Female,2,2,24,-1,-1,0,-1,-1,-1,390,2463,3409,12091,3371,3558,2463,1789,12091,3371,4682,500,No
30000,Female,2,2,24,1,2,2,2,2,2,25193,24490,27474,27926,27189,28604,0,3400,1200,0,2500,1000,Yes
50000,Female,3,2,24,1,2,0,0,0,0,50162,48982,43579,43825,28396,27437,0,2207,2300,1006,1000,1100,No
190000,Female,1,2,26,1,-1,0,0,0,0,0,2236,5265,5034,1091,0,2236,3265,3060,22,0,0,No
120000,Female,2,2,26,0,0,0,0,0,2,87151,88304,89657,41720,29022,28422,3500,3103,1800,2381,0,1100,No
30000,Female,2,1,21,0,0,0,0,0,0,28404,29009,29831,29992,21754,18519,1467,1679,1230,827,1000,1000,No
20000,Female,2,2,21,0,0,0,0,0,0,19382,20040,17850,13560,11748,10632,1318,1499,1099,333,2000,2000,No
60000,Female,1,2,22,0,0,0,0,0,0,57484,59521,59674,56018,36350,18203,3000,3000,1500,790,1000,1000,No
20000,Female,1,2,22,0,0,0,0,0,0,16936,18139,18024,18500,18067,17640,2684,2000,1600,361,353,360,No
50000,Female,2,2,23,0,0,0,0,-1,0,97259,50017,48560,46978,19640,18937,3608,2110,2558,19640,683,699,Yes
30000,Female,3,2,26,2,3,2,0,0,0,26412,25700,24989,25068,26145,27219,0,0,1500,1500,1500,1050,No
150000,Female,2,2,27,0,0,0,0,0,0,58751,60163,62142,57777,51110,52284,3000,3000,2010,2000,2000,2000,No
210000,Female,2,2,26,0,0,0,0,0,0,177492,179951,171135,166199,144060,132326,10000,10000,10000,10000,10000,10000,No
130000,Female,3,1,25,0,0,0,0,0,-1,24885,26196,25476,22394,17907,1739,1740,2000,1209,1120,1739,35,No
50000,Female,2,1,26,1,-2,-2,-2,-2,-2,0,-69777,0,0,0,0,0,70000,0,0,0,0,No
200000,Female,1,2,26,-1,0,0,0,0,0,32938,25985,19496,16104,28666,18215,3000,1241,5000,16831,1000,1000,No
180000,Female,1,1,26,-1,-1,-1,-1,-1,-1,4745,5865,6059,5537,17366,16971,5865,6091,5537,17366,16971,2785,No
190000,Female,1,2,26,0,0,0,0,0,0,174519,179122,182680,154753,90540,92248,9000,8382,10221,10000,3000,10490,Yes
130000,Female,1,2,23,-1,-1,-1,-1,-1,0,4459,13453,3656,5008,13734,14976,13485,3656,5024,13734,3000,822,No
50000,Female,1,2,23,-2,-2,-2,-2,-2,-2,307,0,0,0,0,0,0,0,0,0,0,0,No
30000,Female,3,1,21,0,0,0,0,2,0,28884,25277,25289,25971,25350,5082,2091,1600,1600,301,102,40,No
20000,Female,1,2,23,-1,0,0,0,0,0,4456,7339,9662,9708,4779,6968,3000,4029,5514,3000,3000,8000,No
110000,Female,2,2,23,0,0,0,0,0,0,37129,32761,26428,23043,20338,7680,1800,1554,1212,0,0,74458,No
50000,Female,3,2,24,2,0,0,0,0,0,57396,58941,60630,53662,20229,19044,2500,3000,5064,1000,840,1000,Yes
50000,Female,1,2,24,2,2,2,2,0,0,45049,43379,46097,44187,43165,37967,0,3628,8,1500,1490,1303,Yes
80000,Female,2,2,23,0,0,-1,0,0,0,80715,82687,80613,80671,72785,74313,5000,81000,2776,2600,2696,2812,No
20000,Female,2,1,24,0,0,2,0,0,2,16505,18817,18227,19632,20298,20337,2905,0,1720,1754,893,0,Yes
20000,Female,2,1,24,0,0,0,-1,-1,-1,16393,8118,5463,1379,2668,390,1688,1463,1379,2668,390,390,No
150000,Female,1,2,23,-2,-2,-2,-2,-2,-2,0,0,0,0,0,0,0,0,0,0,0,0,No
50000,Female,1,2,23,0,0,0,0,0,0,45345,46403,38343,32214,17292,7501,2010,2046,1866,310,300,483,No
20000,Female,1,2,24,0,0,2,-1,-1,0,5275,5487,2778,6572,5016,2508,2778,0,6572,5016,0,0,No
130000,Female,1,1,23,1,2,-1,-1,-1,-1,126885,62717,29615,22110,15352,10452,239,29615,22135,15352,10452,4623,No
130000,Female,2,2,25,-1,-1,-1,-1,-1,-1,3639,396,396,396,396,396,396,396,396,396,396,396,No
60000,Female,2,2,24,0,0,0,0,0,0,52676,41956,29626,29804,28045,28629,1778,1794,1772,1200,1186,1513,No
110000,Female,2,2,24,0,0,-1,-1,-1,-1,6071,0,3308,2527,1076,1164,0,3308,2527,1079,1167,1974,No
80000,Female,2,2,22,1,2,2,-2,-2,-2,7369,7000,0,0,0,0,0,0,0,0,0,0,No
80000,Female,2,2,24,0,0,0,0,0,0,75125,77353,78321,73731,39643,39457,3503,5001,2092,1218,1445,878,No
150000,Female,1,2,24,-2,-2,-2,-2,-2,-2,4244,9830,7588,13896,528,0,9830,7588,13907,528,0,6093,No
50000,Female,1,2,24,1,2,2,0,0,2,50789,52158,51051,50959,51121,49344,2500,0,2100,3500,0,2000,No
270000,Female,2,1,25,0,0,0,0,0,0,184560,178592,170225,156719,151716,153519,6061,6081,5072,5009,5254,4069,No
180000,Female,1,2,23,0,0,0,0,0,0,6825,4094,4268,5423,6423,7404,2015,3000,3000,1000,1814,3000,No
80000,Female,1,2,24,-2,-2,-2,-2,-2,-2,0,698,4949,967,5762,0,698,4949,967,5775,0,0,No
50000,Female,2,2,24,0,0,0,0,0,0,48393,49405,50934,7728,8390,48679,1814,2343,1137,799,41933,1943,Yes
210000,Female,2,2,24,-1,-1,-1,-1,-1,-2,1077,7882,816,300,0,0,7960,816,300,0,0,0,Yes
90000,Female,2,2,24,0,0,0,0,0,2,12750,15359,16404,17424,18925,18483,3155,1600,1600,2100,0,1500,No
130000,Female,1,2,24,0,-1,-1,2,0,0,9920,5500,670,670,670,670,5555,670,0,0,0,0,No
60000,Female,2,2,24,-2,-2,-2,-2,-2,-2,5648,12270,0,0,479,27485,12270,0,0,479,27485,0,No
130000,Female,1,2,25,1,-1,-1,-1,-1,-1,0,2178,604,700,0,1440,2178,604,700,0,1440,412,No
180000,Female,2,2,25,0,0,0,0,0,0,109030,177633,139415,136942,114632,117808,78266,5203,30023,10024,10000,4458,No
100000,Female,3,2,25,0,0,0,0,0,0,97997,97018,94247,62919,10492,4809,4000,4046,4752,4000,4500,3000,No
80000,Female,2,2,25,-2,-2,-2,-2,-2,-2,0,0,0,0,0,0,0,0,0,0,0,0,No
90000,Female,4,2,25,-1,-1,-1,-1,-2,-2,1407,4989,998,0,0,0,5000,998,0,0,0,0,Yes
310000,Female,1,2,25,0,0,0,0,0,0,140483,141796,145125,148388,152132,155887,4000,4500,4500,5000,5000,5000,No
360000,Female,2,2,25,2,2,-2,-2,-2,-2,1614,-40,-40,-40,-40,1153,40,0,0,0,1193,17,No
180000,Female,1,2,26,0,0,0,0,0,0,60258,51699,48469,49553,49772,50829,2130,2200,2200,2000,2000,2100,No
40000,Female,1,2,24,-2,-2,-2,-2,-2,-2,5247,7196,6597,5552,4081,3232,7196,6597,5552,4081,3232,8390,No
20000,Female,1,2,24,2,-1,2,0,0,0,1015,19214,15703,9914,8200,11876,19214,0,1000,0,5000,5400,Yes
90000,Female,2,1,24,0,0,0,0,0,2,86422,89710,70681,73595,90755,53692,5000,3300,22837,3300,0,1650,No
210000,Female,2,2,25,-1,-1,-1,0,0,0,2785,461,6472,83589,73689,64854,461,13966,80000,2326,2272,3661,No
180000,Female,2,2,25,0,0,0,-2,-1,0,11393,2963,0,0,351,1351,2000,0,0,351,1000,0,No
220000,Female,2,2,25,0,0,0,0,0,2,47588,47721,31027,31807,33966,33288,1479,1820,1600,2688,0,1500,Yes
150000,Female,1,2,25,0,0,0,0,0,0,151160,152127,154652,157819,155982,154158,5526,5877,5804,5763,5669,5596,No
50000,Female,2,2,25,0,0,0,0,-2,-2,18734,19340,10000,0,0,0,1340,1000,0,0,0,0,No
20000,Female,1,2,25,1,-1,-1,-2,-1,0,2521,17360,0,200,17976,17980,17388,0,200,17976,4,2170,Yes
130000,Female,1,2,25,0,0,0,0,0,0,55368,58035,47313,44568,48560,51529,5000,5000,5000,5000,5000,5000,No
320000,Female,3,2,25,0,0,0,0,0,0,66497,68327,68759,69746,70040,71076,3084,3007,3031,2367,2450,2432,No
90000,Female,2,2,25,1,-2,-2,-2,-2,-2,0,0,0,0,0,0,0,0,0,0,0,0,No
210000,Female,1,1,26,1,2,-1,-1,-1,2,5589,2687,3746,5000,5618,3618,14,4062,5005,5618,0,1354,No
360000,Female,1,2,26,-2,-2,-2,-2,-2,-2,2741,-59,-59,11868,-2,450,0,0,11927,0,452,3818,No
220000,Female,2,2,26,2,2,2,2,0,0,80055,82646,81229,80175,79563,82371,4500,450,2000,300,3310,16,Yes
200000,Female,1,2,25,1,-2,-2,-2,-2,-1,2396,1823,1630,2203,1443,1823,1823,1630,2203,1443,1823,1027,No
30000,Female,2,2,24,0,0,0,0,0,0,27690,28543,8536,9497,29046,29873,1578,1239,1200,25000,1200,0,No
50000,Female,3,1,24,0,0,0,0,0,0,48789,49755,49551,49800,20000,0,1775,2221,1470,400,0,0,No
110000,Female,2,2,25,0,0,0,0,0,0,38152,39214,39981,41312,42028,42899,2000,1700,2000,1700,1700,2300,No
140000,Female,2,2,25,0,0,0,0,0,0,133714,137585,131666,114989,81475,82812,6560,6200,4246,5000,3000,3000,No
200000,Female,2,2,25,-1,-1,-1,-1,-1,-1,2298,1490,1669,142,1100,6861,1490,1669,144,1100,6861,1110,No
50000,Female,1,2,25,-1,-1,-1,-1,-1,-1,3195,3548,23231,2881,3048,2739,3557,23501,2889,3057,2746,47651,No
50000,Female,1,2,25,2,2,3,2,2,2,40959,43870,42891,43582,44561,45592,3900,0,1700,2000,1900,1800,Yes
50000,Female,1,2,25,0,0,-1,0,0,0,4705,9557,7861,8984,10664,7292,5000,7861,1320,2000,6000,10000,No
80000,Female,3,1,24,-1,-1,-1,2,-1,-1,754,-69,3330,2699,1853,184,0,3399,0,1853,184,1350,No
120000,Female,3,2,25,0,0,0,0,0,0,106621,105893,107838,103273,101353,87934,4000,5013,4000,3199,3130,4000,Yes
200000,Female,1,2,26,-2,-2,-2,-2,-2,-2,5337,2322,7458,1086,25643,35237,2322,7471,1086,25643,35237,7678,No
140000,Female,1,2,26,0,0,-2,-2,-2,-2,21688,0,0,0,0,0,0,0,0,0,0,0,No
360000,Female,2,2,26,0,0,0,0,0,0,22233,22935,23816,13800,11000,0,1287,1152,1000,1000,0,179,No
70000,Female,2,1,26,0,0,0,0,0,0,41659,42652,43705,45965,46900,47884,1687,1740,3000,1700,1739,1770,No
140000,Female,3,2,26,2,0,0,0,0,0,144010,142724,142802,140103,142750,142855,5301,5400,5100,5300,5500,5400,Yes
20000,Female,2,2,24,3,2,3,2,3,2,17690,19102,19502,20881,20266,20511,2000,1000,2000,0,700,0,Yes
50000,Female,1,2,24,0,0,0,0,0,2,12986,13994,15020,16335,17040,16625,1230,1256,1571,1276,0,624,No
110000,Female,1,2,25,0,0,0,0,0,0,92332,77807,75559,74371,75126,73799,2800,3703,2700,2200,1810,3000,No
180000,Female,2,2,26,1,-2,-1,-1,-2,-2,0,0,1000,0,0,0,0,1000,0,0,0,0,No
140000,Female,1,2,26,0,0,0,0,0,0,63119,64240,64992,52809,51406,50328,2450,2226,2367,1740,1754,1818,No
290000,Female,2,1,26,0,0,0,0,0,0,262518,180499,138326,128721,95657,90210,6500,5300,4000,5000,3000,2974,Yes
310000,Female,1,2,26,0,0,2,2,-1,2,11683,9624,9022,-422,6214,2360,3000,0,0,6900,0,1300,No
30000,Female,1,2,27,0,0,0,0,0,0,3812,5744,8642,11492,14285,17056,2000,3000,3000,3000,3000,1000,No
200000,Female,1,1,25,-1,-1,-2,-2,-2,-2,776,0,0,151,0,0,0,0,151,0,0,0,No
180000,Female,3,2,26,-1,2,-1,2,2,-2,1728,1539,2703,1650,0,0,0,2703,0,0,0,0,No
120000,Female,2,1,24,0,0,0,0,0,0,56324,28542,13590,11501,10151,11171,3000,5007,3200,2000,3000,0,No
290000,Female,1,2,25,-1,-1,-1,0,0,0,11102,9327,22149,23737,13449,17963,9358,22149,20000,3449,7000,11041,No
90000,Female,3,2,26,0,0,0,0,0,0,91564,43201,42219,1769,2269,3269,3000,3000,1000,500,1000,86500,No
260000,Female,1,2,26,0,0,0,0,0,0,145165,149173,142730,148307,152375,158435,6500,7000,8000,6500,8500,5600,No
230000,Female,1,2,26,-2,-1,-1,0,0,0,865,221,16601,17833,15708,10013,221,16601,1513,1000,350,500,No
110000,Female,2,2,27,1,-2,-2,-2,-2,-2,0,0,0,0,0,0,0,0,0,0,0,0,Yes
60000,Female,1,2,27,-1,-1,2,0,0,0,1130,7,7,11965,11958,12069,7,0,11958,0,611,0,No
70000,Female,1,2,27,0,0,0,0,0,0,70844,64697,65455,66247,65230,66685,3000,2400,3000,2400,2500,2500,No
100000,Female,2,1,27,2,0,0,0,0,2,101429,79254,80910,83072,87774,90579,2833,2929,3500,6100,4367,0,Yes
140000,Female,2,1,27,0,0,0,0,0,0,125792,126771,132730,124689,105447,106704,5000,10000,5000,5000,5000,5000,No
50000,Female,2,1,22,0,0,0,0,0,0,34250,34833,35625,36754,16943,16234,1550,1750,2270,603,713,1000,Yes
40000,Female,5,1,24,0,0,0,0,0,0,40848,39270,40929,40528,39575,40526,1650,2300,1600,1330,1500,1500,No
140000,Female,2,2,24,0,0,0,0,0,0,135432,136312,131559,111859,98815,97443,6500,4733,4015,4000,4000,3800,Yes
200000,Female,2,2,24,0,0,0,0,0,-2,19326,20330,21362,22000,2000,950,1330,1362,1000,2000,950,0,No
50000,Female,2,2,24,1,2,3,2,2,2,16455,17885,18305,18708,19105,19653,2000,1000,1000,1000,1000,1000,No
80000,Female,2,2,24,0,0,0,0,-1,-1,41444,14262,14631,8592,1425,88516,1306,1500,1500,1425,88516,3300,No
270000,Female,2,1,26,0,0,0,0,0,-1,22804,11496,12273,12014,10597,31182,1496,2273,2014,597,31182,82615,No
70000,Female,2,1,27,0,0,0,0,0,0,69762,68914,69252,70415,69212,70514,2450,2600,2700,2500,2800,2500,Yes
200000,Female,1,2,25,0,0,0,-1,0,0,11740,7221,1341,25068,52486,45047,2012,1025,32994,37042,2004,2502,No
170000,Female,2,2,25,0,0,0,0,0,0,26151,24019,26013,24471,23496,25333,3000,5000,2000,2000,5000,895,Yes
420000,Female,2,2,25,0,0,0,0,0,0,23191,24541,24813,25893,26397,26557,2267,2034,1500,1467,1267,1767,No
50000,Female,1,2,26,2,0,0,2,2,2,25875,27132,29695,30908,30112,32123,2000,3000,2000,0,2500,0,Yes
140000,Female,2,2,27,0,0,0,0,0,0,124753,101551,93649,89574,90413,90596,3626,4324,3207,4000,3500,3390,No
130000,Female,1,2,27,-1,0,0,0,0,0,19486,52960,26491,19038,22297,25986,35000,10048,8000,5000,6000,8000,No
270000,Female,1,2,27,-1,-1,-1,0,0,0,1390,363,14770,14367,14388,47441,363,14841,1200,1288,41437,1335,No
160000,Female,2,1,26,1,2,0,0,0,2,46835,45781,47040,47807,50711,40166,0,2000,1700,3550,0,2000,No
130000,Female,2,2,26,0,0,0,0,-1,0,130318,131351,131352,121931,61755,61453,4700,5108,3860,82367,3041,2000,Yes
160000,Female,2,2,27,0,0,0,0,0,0,100613,78592,80240,39835,41150,0,3600,3700,1700,2000,0,0,No
180000,Female,2,2,27,0,0,0,0,0,0,173098,172494,172060,166204,145146,142961,8000,8100,8000,5600,5500,15000,No
210000,Female,3,1,27,0,0,-2,-1,-1,-2,4700,0,0,1008,0,0,0,0,1008,0,0,0,No
150000,Female,3,2,26,0,0,0,0,0,0,21081,7985,7315,11295,10413,16745,2200,2500,6023,5000,6745,2155,No
470000,Female,2,2,26,0,0,0,0,0,0,27134,26594,26805,24808,21101,17906,1500,1502,3696,1008,1006,1001,No
40000,Female,1,2,27,0,0,0,-1,0,0,33563,20539,2360,38639,8899,0,1204,1000,38639,178,0,0,No
200000,Female,1,2,27,0,0,0,0,0,0,201202,202252,195276,167209,144232,137271,15200,9600,9503,5148,4968,4930,No
150000,Female,1,2,27,0,-1,0,-1,-1,-1,8000,13024,9809,8000,800,1072,13024,3000,8100,800,2524,24902,No
90000,Female,2,2,25,0,0,0,0,0,2,65924,58210,60050,61448,73852,72551,3000,2771,3000,13500,0,3000,Yes
60000,Female,2,2,26,1,2,0,0,-2,-2,47963,36871,3800,0,0,0,0,1038,0,0,0,0,No
160000,Female,1,2,26,0,0,2,0,0,0,13122,14011,12276,7457,7267,5529,4000,1000,2000,2000,2000,500,No
130000,Female,1,2,27,1,-2,-1,2,2,-1,0,0,98,98,98,2500,0,98,0,0,2500,0,No
70000,Female,3,2,26,0,0,0,0,0,0,70251,29481,8948,9006,10570,11421,2000,1200,1500,2000,1000,2000,No
50000,Female,2,2,25,0,0,0,-1,0,-1,4406,3732,0,4249,4865,2157,3000,0,4249,2065,2157,0,No
100000,Female,1,1,25,0,0,-1,0,0,0,7565,460,98796,52079,40183,35796,28,103350,1722,1100,1300,2000,No
130000,Female,1,2,27,1,-2,-2,-2,-2,-2,0,0,0,0,0,0,0,0,0,0,0,623,No
60000,Female,2,2,23,0,0,0,0,0,0,56397,57112,58057,59006,39578,38973,2039,2250,2060,1506,1500,1500,No
290000,Female,2,2,25,0,0,0,0,0,0,140615,142201,145676,144305,140375,142119,7003,7037,7019,6005,6006,6011,No
50000,Female,2,1,26,1,-1,2,2,-2,-2,0,1000,2000,0,0,0,1000,0,0,0,0,0,No
120000,Female,1,2,24,0,0,0,0,-1,-1,3377,4644,8528,8200,3488,1161,2500,5000,1000,3488,1161,5036,No
190000,Female,2,2,26,0,0,2,0,0,0,115608,138097,130898,130950,115342,115657,26500,0,7000,4550,4600,4170,No
30000,Female,2,2,22,2,-1,-1,-1,-1,-1,174,1995,3530,0,5960,0,1995,3530,0,5960,0,1778,No
160000,Female,3,2,26,-1,-1,-1,-1,-1,-1,390,390,390,390,390,390,390,390,390,390,390,390,No
230000,Female,4,2,26,1,-1,2,-1,-1,-1,0,500,500,624,1090,2952,500,0,624,1090,2952,1505,No
130000,Female,3,2,27,0,0,0,0,0,0,124769,127966,119008,46659,47588,47698,5400,3941,1742,1671,1712,1730,No
340000,Female,1,2,27,0,0,0,0,0,0,195524,196119,197690,182112,166822,143166,7524,9809,7852,6525,6002,6007,No
230000,Female,1,2,28,2,0,0,0,0,0,101347,95956,87294,85336,81640,82462,4179,4231,4061,2846,2800,2909,Yes
90000,Female,1,2,25,0,0,0,0,0,0,33336,39009,47657,52372,52112,56257,10000,10000,6000,1570,5000,1363,No
300000,Female,2,2,26,0,0,0,0,0,0,63425,50294,38235,29944,26259,26288,3005,2691,2400,1000,1000,859,No
110000,Female,2,2,25,0,0,0,0,0,0,52059,49709,8504,7277,7774,8261,1150,1330,2500,1000,1000,1000,Yes
140000,Female,1,2,25,0,0,0,0,0,0,38199,38810,39811,41133,41730,42026,2000,2000,2000,2000,2000,2000,No
180000,Female,2,2,26,0,0,0,0,0,0,3739,4889,7768,7156,6956,29402,3889,4739,2289,4289,26735,3972,Yes
70000,Female,1,2,26,1,2,2,2,2,2,52204,53250,53799,52330,55666,56839,2500,1983,0,4206,2200,0,Yes
180000,Female,2,1,27,0,0,0,0,0,0,117703,116372,115445,112938,109306,104106,4171,4200,4000,3789,3959,3300,No
150000,Female,2,2,27,-1,-1,-1,-1,-1,0,7815,4914,6237,3280,11167,15915,4933,6237,3280,11167,10000,686,No
30000,Female,2,1,27,0,0,2,0,0,0,27347,31402,30047,30869,29403,29831,5500,0,3000,998,3000,3000,No
230000,Female,2,2,25,0,-1,2,0,0,0,14330,222761,197630,172058,174123,178052,232557,0,7556,6219,6721,7074,No
180000,Female,2,1,27,1,-1,-1,-1,-1,-1,0,376,0,390,698,636,376,0,390,698,636,456,No
150000,Female,2,2,27,0,0,0,0,0,0,61162,50928,47542,46644,31595,24473,3000,5000,5065,5000,2000,5000,No
40000,Female,1,2,27,0,0,0,0,0,0,30923,26175,27251,29397,19650,23202,5000,1522,10000,10000,15000,841,No
40000,Female,1,2,27,0,0,0,2,2,2,37005,38084,41156,39986,40465,36745,2000,4000,0,1000,0,0,Yes
120000,Female,2,2,27,2,2,2,2,0,0,113354,115503,121861,117485,118381,115604,6200,10900,0,5000,4800,4505,Yes
140000,Female,1,2,27,0,0,0,0,0,0,14997,16437,18848,21209,25503,27918,2000,3000,3000,5000,3000,10000,No
420000,Female,1,2,27,-1,-1,-1,-1,0,0,15629,5402,1237,24712,11912,12647,5402,1237,24712,0,2647,22019,No
180000,Female,3,2,27,-1,-1,-1,-1,-1,-1,3578,3898,0,715,4079,0,3898,0,715,6942,0,213,No
90000,Female,2,1,27,0,0,0,0,0,0,73849,70549,49858,43303,29888,24973,2900,2012,1603,1208,1000,707,No
330000,Female,2,1,27,-2,-2,-2,-2,-2,-1,0,0,0,0,0,2234,0,0,0,0,2234,1000,No
260000,Female,2,1,27,0,0,0,0,0,0,71865,75459,77240,78856,80350,84040,5000,3000,3000,3000,5000,5000,No
200000,Female,2,2,27,-1,-1,-1,-1,-1,-1,1126,390,390,390,540,770,390,390,390,540,770,13993,No
30000,Female,2,2,23,0,0,0,0,2,0,19769,24285,26143,26929,19610,20591,5896,3002,2130,2,3004,8013,No
300000,Female,2,2,24,0,0,0,0,0,0,16463,11537,9265,7263,14145,11535,1500,1500,1500,9433,2000,3000,No
130000,Female,1,2,24,0,0,2,0,-1,-1,16078,16055,13371,4405,1292,390,4176,0,1000,1292,390,2165,No
30000,Female,2,2,22,-1,0,-1,-1,-1,-1,2293,3158,5547,3312,3145,3022,1009,5572,3321,3154,3031,3339,No
30000,Female,2,2,23,1,2,2,2,2,2,11174,11989,12997,12491,13374,13017,1300,1500,0,1090,0,2000,Yes
130000,Female,1,2,23,0,0,0,0,0,0,102087,101079,93977,94427,89041,89833,4500,4363,3300,3178,3178,3424,No
190000,Female,2,2,28,0,0,0,0,0,2,188370,188550,187521,190448,195492,190598,8700,8500,9270,14100,0,7200,No
230000,Female,2,2,23,3,2,2,-1,-1,-2,1090,490,0,878,0,0,0,0,878,0,0,0,Yes
70000,Female,2,1,24,0,0,0,0,0,0,8193,7569,8127,8838,8736,10753,1122,2127,2000,1736,2753,2177,No
50000,Female,2,1,25,0,0,0,0,0,0,59010,57593,56203,54794,53509,52021,2039,2015,2000,2100,2000,2100,Yes
60000,Female,1,2,24,0,-1,0,0,-1,-1,47386,4807,3434,2386,2837,3358,4807,1048,1000,2837,3358,5093,Yes
150000,Female,2,2,25,-2,-2,-2,-2,-2,-2,36215,6105,1076,0,3113,0,6105,1084,0,3113,0,0,No
240000,Female,2,1,27,0,0,0,0,0,0,240428,235782,129479,125584,128752,130651,7227,4486,3557,4235,3593,349,No
110000,Female,2,2,25,0,0,0,0,0,0,50406,45099,46002,44701,42706,43513,1800,1800,1700,1500,1600,2000,No
110000,Female,2,1,26,0,0,0,0,0,0,108001,90128,92103,87049,66820,65823,3500,3500,3000,2342,2390,3000,No
210000,Female,1,2,29,-2,-2,-2,-2,-2,-2,10692,-3,-3,-3,650,1850,0,0,0,653,1859,1411,No
120000,Female,1,2,29,0,0,0,0,0,0,3706,101833,103108,100953,83739,51424,100000,5369,4014,1000,1000,1000,No
130000,Female,5,1,27,0,0,0,0,0,0,131041,133792,127622,129795,122416,124653,6500,5000,5000,5000,5000,5000,No
170000,Female,2,2,27,0,0,0,0,0,2,168858,171530,164509,128279,139968,127502,7000,6500,8000,15462,2163,4300,No
120000,Female,1,2,27,0,0,0,0,0,0,35238,35907,31513,31659,30069,8005,1777,2254,1400,800,400,6262,No
170000,Female,1,2,27,1,-2,-2,-2,-2,-2,0,0,0,0,0,0,0,0,0,0,0,0,No
290000,Female,2,2,27,0,0,0,0,0,0,240506,235475,240584,212024,216379,209440,8601,9300,8000,7612,8015,7008,No
70000,Female,1,2,27,-1,-1,-1,-1,-1,-1,157,157,157,157,157,307,157,157,157,157,307,507,No
140000,Female,2,2,27,0,0,0,0,0,0,136276,139504,140262,138958,136898,141634,7000,6000,7000,5000,10700,4600,No
180000,Female,1,2,27,1,2,2,2,0,0,5892,4824,3784,3089,2715,1821,0,3089,0,1521,0,347,Yes
200000,Female,1,2,27,-1,-1,-2,-1,-1,-2,1171,0,0,680,0,0,0,0,680,0,0,442,No
90000,Female,2,2,27,0,0,2,0,0,0,97973,100442,89242,82784,53609,49048,12500,2,5085,5000,3000,1004,Yes
80000,Female,2,2,27,0,0,0,-1,-1,-1,52934,54217,52394,2131,744,758,3000,1064,2500,1000,1000,1000,No
130000,Female,1,1,27,-1,-1,-1,-1,-1,-1,3363,8305,15253,7338,3666,7856,8319,15253,7338,3669,7856,7836,No
20000,Female,2,1,27,-1,-1,2,0,0,0,191,20391,19292,19545,18945,19494,20200,0,1310,678,854,767,No
200000,Female,1,2,27,-2,-2,-2,-2,-2,-2,4257,3690,4460,3190,5238,950,3690,4460,3190,5238,950,250,Yes
200000,Female,2,2,27,-1,-1,-1,0,-1,-1,13285,2150,14122,27413,35377,29922,2155,14122,23007,7212,29922,37790,No
120000,Female,2,2,27,1,-2,-1,-1,-2,-2,0,0,2382,0,0,0,0,2382,0,0,0,0,Yes
60000,Female,3,1,28,0,-1,-1,-1,-1,0,7207,12625,6244,13615,25475,26237,12625,6244,13615,25478,5000,5000,No
340000,Female,3,2,28,0,0,0,0,0,0,1830,4777,7681,12519,15299,15905,3000,3000,5000,3000,1000,10000,No
150000,Female,1,2,28,-1,2,-1,2,0,-1,1040,148,9173,296,148,446,0,9173,0,0,446,0,Yes
160000,Female,3,2,28,-1,-1,-1,-1,-1,-1,408,99,99,398,99,569,99,99,398,99,569,751,No
200000,Female,1,2,28,0,0,0,0,0,0,52935,51971,51341,49090,50009,51076,2500,2200,2500,3500,3000,3000,No
50000,Female,3,1,28,0,0,2,2,0,0,43165,49091,50453,49037,28589,29392,6987,2433,0,1145,3167,0,Yes
170000,Female,1,2,27,-2,-2,-2,-2,-2,-2,106,18719,30000,0,0,1532,18719,30000,0,0,1532,0,Yes
280000,Female,2,1,27,0,0,2,2,2,2,109392,128447,131053,132418,134038,136939,21000,6150,5000,5300,5200,5250,No
270000,Female,1,2,26,0,0,0,0,0,0,209164,201798,186008,173810,159418,139200,6429,5959,6863,3762,3907,4207,No
280000,Female,1,2,27,-1,-1,-1,-1,-1,-1,6585,4308,0,1265,1627,204,4308,0,1265,1638,204,3908,No
50000,Female,1,2,27,0,0,0,0,0,0,30951,28622,11656,5435,6337,7227,1600,1542,1100,1000,1000,284,No
200000,Female,1,2,28,-2,-2,-2,-2,-2,-2,0,0,0,0,0,0,0,0,0,0,0,510,No
50000,Female,2,1,27,0,0,0,0,0,0,47254,43583,35245,27520,25928,26470,1720,3100,1723,1100,1111,1200,Yes
50000,Female,3,2,28,3,2,2,7,7,7,2350,2400,2400,2400,2400,2400,50,0,0,0,0,0,Yes
150000,Female,2,2,27,-1,-1,-1,-1,0,0,1518,1798,5699,4644,70337,67902,1798,5699,4644,70331,3000,3000,No
150000,Female,1,2,27,-2,-2,-2,-1,0,0,-3706,-6108,32662,59350,41136,28596,3449,46128,60260,30218,17000,20133,No
90000,Female,2,2,27,-1,-1,0,0,0,0,18674,88907,90659,82827,79359,81401,92858,4100,3200,3100,3500,3500,No
500000,Female,1,2,28,0,0,0,0,0,0,93625,101723,95390,102203,47388,73230,11723,15390,12239,6000,30000,6000,No
300000,Female,2,2,28,0,0,0,0,0,0,327724,325970,325020,319750,265136,262378,11250,11877,10487,7831,8092,7634,No
240000,Female,2,2,28,0,0,0,0,0,0,234053,132007,234638,239790,132697,135561,5000,120000,10000,5000,4100,4000,No
120000,Female,2,2,28,0,0,0,0,-2,-2,48499,48684,6344,0,0,0,1621,1000,1326,0,0,0,No
120000,Female,2,1,28,-2,-2,-2,-2,-2,-2,1613,136,0,0,0,0,136,0,0,0,0,0,No
390000,Female,1,2,28,0,0,0,0,0,0,125863,131249,119175,115922,101725,90334,10053,5028,5045,3012,3000,5572,No
200000,Female,2,1,28,0,0,0,-1,0,0,5733,4426,3559,22458,20888,17875,2023,2018,22491,7521,2000,3000,No
80000,Female,2,2,24,0,0,2,2,2,2,70411,75874,76710,74792,79636,77757,6657,2629,0,6000,0,3000,No
20000,Female,2,2,23,2,2,0,0,0,0,12492,11995,13324,14029,14308,14625,0,1528,1233,512,547,3880,Yes
50000,Female,2,2,24,0,0,0,0,0,0,26735,26994,28331,27138,26499,27301,1500,1798,1605,966,1247,1500,No
70000,Female,2,2,25,2,0,0,0,0,0,46526,47820,48750,49936,51102,52276,2070,2000,2000,2000,2000,2100,Yes
310000,Female,2,2,27,0,0,0,0,0,0,122127,110388,119365,113435,140988,145161,10000,10124,20000,30125,30137,20171,No
230000,Female,1,2,27,0,0,0,0,0,0,145959,94798,70299,40299,33112,18009,3551,3000,1284,1000,1000,1000,No
20000,Female,2,2,27,0,0,0,0,0,0,18833,19404,18699,19324,16234,16609,1290,2000,2000,1000,1000,3000,No
270000,Female,2,1,27,1,2,0,0,0,0,253072,247521,253024,258109,243331,247504,0,11000,11000,8900,9000,9200,No
230000,Female,3,2,27,-1,2,-1,-1,0,-1,6155,5650,3004,4200,1400,4222,500,3004,4200,0,4222,4649,Yes
230000,Female,2,2,28,0,0,0,0,0,-1,7865,12377,12543,13713,17960,650,5000,2000,1500,5000,650,0,No
200000,Female,1,2,28,0,0,0,0,2,2,58833,61991,7357,9471,8538,7685,4100,3000,3000,0,1000,0,No
30000,Female,3,2,28,-1,-1,-1,-1,-1,2,8432,25460,557,1299,600,450,25460,1000,1306,600,0,11961,No
300000,Female,2,2,28,0,0,2,2,2,2,275855,286812,280337,318248,316147,303666,15000,7000,50000,12000,0,13000,Yes
170000,Female,1,2,29,1,-1,-1,-1,-2,-2,0,6390,1690,0,0,0,6390,1690,0,0,0,0,No
200000,Female,2,2,29,-1,-1,-1,-1,0,0,18568,-49,980,3682,3682,0,0,1029,3682,0,0,590,No
500000,Female,1,2,29,0,0,0,0,0,0,33107,34773,35426,28479,15729,7905,7000,6664,1500,501,5000,3000,No
50000,Female,2,2,29,0,0,0,0,0,0,50029,48347,49268,50437,37302,38302,2100,2000,2100,1400,1600,1600,No
150000,Female,1,2,29,-1,2,-1,-1,0,0,2599,1530,390,1366,780,0,0,390,1366,0,0,431,No
100000,Female,2,2,29,0,0,0,0,-1,0,47107,60800,68095,64339,15522,51336,18000,10000,2635,15522,41136,2000,No
150000,Female,1,2,26,0,0,0,0,0,0,24848,22726,11145,15690,17875,24590,14000,5000,5000,7875,13000,2000,No
170000,Female,1,2,26,0,0,0,0,0,0,22680,13827,9522,10254,5520,6212,2000,2000,2000,0,2000,1320,No
100000,Female,2,2,27,0,0,0,0,0,0,42713,50270,22576,18247,22029,19540,10000,10000,1500,4000,5000,5000,No
160000,Female,1,2,27,-2,-2,-2,-2,-2,-2,1040,1188,1276,372,372,372,1320,1276,372,372,372,372,No
90000,Female,1,2,27,0,0,0,2,0,0,37026,40641,42142,35349,29790,26414,5000,3611,199,208,0,2000,No
190000,Female,2,2,27,0,0,0,0,0,0,97136,98767,101452,103471,104083,106359,4418,5452,5471,4083,4359,3697,No
200000,Female,2,2,28,0,0,0,0,0,0,61940,63314,64699,66029,66836,68390,3000,3000,3000,2500,2632,2700,No
50000,Female,2,1,28,0,0,2,2,0,0,56701,57421,54587,49571,50028,17159,5000,2000,0,1809,35082,2000,No
260000,Female,1,2,28,-2,-2,-2,-2,-2,-2,-28,5735,693,1557,685,11625,5763,703,1564,688,11683,6997,No
250000,Female,2,2,29,0,-1,-1,-2,-1,-1,20687,14082,-38,-38,7581,5625,14158,0,0,7619,5653,652,No
230000,Female,1,2,29,-2,-1,2,-1,-1,-1,3764,10943,6588,4571,2526,5375,11142,1430,4571,2526,5375,3133,No
240000,Female,1,2,26,-1,0,-1,-1,-1,-1,28700,21944,12450,27255,6280,7619,1639,12450,28969,6280,7619,3000,No
110000,Female,1,2,27,0,0,0,0,0,0,110553,108387,111427,111697,111956,111325,4000,4800,4300,4300,4400,3874,Yes
60000,Female,1,2,27,1,-2,-2,-1,-1,-1,0,0,0,150,1179,778,0,0,150,1179,778,496,No
80000,Female,1,2,24,0,0,0,-1,-1,0,42377,32482,20782,11632,64989,62392,2008,1000,11632,64989,1470,5027,No
230000,Female,2,2,28,0,0,0,0,0,0,111295,112425,95155,72983,70329,69340,4473,5000,2624,2360,3100,1600,No
210000,Female,1,2,28,0,-1,-1,-1,-1,-1,7457,1512,8475,5499,2960,670,1512,8475,5499,2960,670,25594,No
100000,Female,2,2,28,2,2,2,2,2,0,72464,70710,72432,74322,74496,76058,0,3462,3700,2000,2760,2776,Yes
50000,Female,2,2,29,2,2,2,2,0,0,48286,49286,50006,48846,45944,46925,2100,1800,0,1624,1700,3000,Yes
50000,Female,2,2,27,0,0,0,2,0,0,42391,44689,48172,46937,48570,50144,3000,4200,0,3000,3800,0,No
40000,Female,1,2,27,-1,0,0,-1,-1,0,27025,32228,38904,4235,87230,72647,6000,8040,4235,87230,3000,10000,Yes
90000,Female,2,2,24,0,0,-2,-1,-1,-2,3386,-63,0,1176,0,0,0,780,1176,0,0,0,No
70000,Female,1,2,25,0,0,0,0,2,2,35871,37174,37904,40651,39697,42253,1902,1632,3379,0,3200,0,No
30000,Female,2,1,26,0,0,0,0,2,0,20105,21419,22278,24423,19985,15021,1650,1506,2651,0,2044,550,No
170000,Female,1,2,27,-1,-1,-1,-1,-1,-1,272,272,272,755,759,602,272,272,755,759,602,2581,No
80000,Female,2,2,27,0,0,0,0,0,0,83120,51347,44878,42108,28316,29523,1764,1906,2000,2000,2000,2000,No
140000,Female,2,2,27,0,0,0,-1,-1,-1,16037,17066,21199,390,0,390,2000,5000,390,0,390,780,No
30000,Female,2,2,25,0,0,2,0,0,0,5293,8107,7738,10179,11902,13109,3000,0,3000,2000,1500,1000,No
40000,Female,2,2,25,0,0,0,0,0,0,26133,26896,27961,28995,29612,30434,1500,1500,1500,1100,1300,1200,Yes
50000,Female,1,2,26,1,-2,-2,-1,-1,-1,0,0,0,1363,0,1624,0,0,1363,0,1624,2349,No
230000,Female,2,2,26,0,0,0,0,0,0,2656,3678,4650,3234,4174,5100,1074,1046,1060,1000,1000,5000,No
60000,Female,1,2,27,1,-1,-1,-1,0,0,0,3947,5691,21001,17931,2439,3947,5691,21028,0,0,841,No
60000,Female,1,2,27,0,0,0,0,0,0,62321,61015,58160,51237,29999,28972,3000,3016,5011,1005,1000,14000,No
250000,Female,2,2,29,0,0,0,0,0,0,46948,46351,33227,33732,32245,37589,2500,10000,3000,3000,8000,0,No
240000,Female,1,1,29,0,0,0,-1,0,0,41923,21409,17833,194043,194991,192800,1779,1000,194043,6530,7000,7000,No
310000,Female,1,2,28,0,0,0,0,0,0,176565,152037,166900,154297,146844,146883,25532,50120,30000,20000,5807,5800,No
320000,Female,1,2,28,0,0,0,0,0,0,293073,293210,290057,25922,22982,20553,13300,12756,1295,10312,8394,8242,No
20000,Female,1,2,28,0,0,0,-2,-2,-2,12031,13446,0,0,0,0,5000,0,0,0,0,612,No
300000,Female,1,2,28,0,0,0,0,-1,-1,10291,19617,19326,10662,10162,10250,19326,10000,1940,10200,10500,10000,No
50000,Female,2,2,28,0,0,0,0,0,0,10051,14149,21514,25359,30400,39678,5000,10000,5000,5780,10000,10000,No
570000,Female,1,2,28,0,0,0,0,0,0,33675,29865,33337,32646,30465,31126,3000,5000,3016,3000,4000,4000,No
160000,Female,1,2,28,0,0,0,0,0,0,118695,125186,131648,137902,145046,152551,10000,10000,10000,10000,10000,6000,No
250000,Female,1,2,28,0,0,0,0,-1,0,45687,31114,21867,13190,27817,22001,5000,1585,3028,27817,0,0,No
80000,Female,2,2,28,0,0,0,0,0,0,77391,78198,78840,79855,79488,80001,2784,2887,3402,2790,2867,2894,No
60000,Female,3,2,28,-1,-1,0,0,0,0,396,43902,44802,42984,38495,39038,87804,2000,1567,1320,1500,2000,No
90000,Female,5,2,24,0,0,0,0,0,-1,17584,18377,18496,11716,3163,30483,2000,1300,2000,67,30483,2905,No
150000,Female,1,1,25,-1,-1,-1,-1,-1,-1,8319,5056,2441,4471,2441,0,5056,2441,4471,2441,0,3987,No
90000,Female,3,1,25,0,0,0,0,0,0,25806,16919,17566,8718,6432,2655,1619,1266,1048,1032,1655,0,No
150000,Female,1,2,25,1,-2,-2,-2,-2,-1,0,0,0,0,0,9240,0,0,0,0,9240,0,No
150000,Female,1,2,24,0,0,0,0,0,0,52824,15214,16452,17281,18576,18783,4000,2000,2000,2000,2000,3000,No
400000,Female,3,1,25,0,-1,-1,-1,-1,-1,12570,958,4465,14272,1965,958,958,4465,14272,1965,958,6405,No
200000,Female,1,2,25,0,0,0,0,0,0,198890,200299,181617,181994,150013,150283,8058,6900,7022,5300,5368,5520,No
210000,Female,1,2,25,0,0,0,0,0,0,66517,63828,60713,61949,61908,59914,3000,2500,6259,5000,3000,5000,No
140000,Female,2,1,28,-1,2,-1,-1,-1,-1,1953,1366,464,337,548,395,0,464,337,548,395,681,Yes
220000,Female,2,2,28,-1,-1,-1,-1,-1,-1,7468,5045,4944,7083,2495,8365,5045,4949,7083,2495,8365,5574,No
250000,Female,2,1,29,0,0,0,-1,-1,-1,227762,191424,18016,15353,325,325,35018,1000,20000,325,325,318,No
120000,Female,1,2,29,-1,-1,-1,-1,-1,-1,328,413,3007,1927,1838,2472,417,3012,1927,1838,2472,2341,No
200000,Female,2,1,28,1,-1,-1,-1,-1,-1,0,2658,150,3570,2853,0,2658,150,3570,2853,0,0,No
50000,Female,2,2,29,1,2,2,2,0,0,22021,22334,21047,19925,20638,18803,1000,2000,1000,1000,1000,1000,No
50000,Female,3,2,29,0,0,0,0,-1,0,50148,50761,35777,7464,42705,43662,1840,1311,2000,42705,1569,2822,No
230000,Female,1,2,29,-2,-2,-1,-1,-2,-2,20517,12883,10867,10100,3068,21064,12903,10880,10125,3076,21162,3224,No
100000,Female,1,1,29,2,2,-2,-2,-2,-2,1526,0,0,0,0,0,0,0,0,0,0,0,No
50000,Female,2,1,29,1,2,0,0,0,0,26293,25492,19680,19271,19659,19915,0,1609,2000,1000,715,883,No
330000,Female,1,2,27,0,0,0,0,0,0,37587,39183,39305,40251,41683,38978,2000,2000,3000,3000,3000,1500,No
150000,Female,2,1,27,0,0,0,0,0,0,5877,6640,7408,8147,8054,7819,1268,1284,1271,426,283,484,No
70000,Female,3,2,28,2,2,2,2,2,2,24799,24102,26305,27570,28021,27436,0,2600,2000,1200,0,1500,No
80000,Female,1,2,28,0,0,0,0,0,0,71126,71009,69504,68262,70547,73040,4000,5002,4500,3000,3000,10000,No
130000,Female,2,2,28,0,0,-1,0,0,0,131630,65325,2315,101035,82288,86788,3600,2315,100000,3500,8000,4000,No
130000,Female,1,2,29,0,0,0,3,3,2,101650,106271,119728,121140,117767,115640,4621,15107,5000,0,0,4200,No
140000,Female,2,2,29,-1,-1,-1,-2,-2,-2,389,403,0,0,0,0,407,0,0,0,0,1260,Yes
240000,Female,3,1,27,-1,-1,-1,-1,-1,-1,2400,152,3250,2391,1182,321,152,3250,2391,1182,321,118,Yes
160000,Female,1,2,26,-1,-1,-1,0,0,0,2659,3859,10709,8677,4318,2659,3859,10709,1000,100,1000,2856,No
50000,Female,1,2,26,-1,-1,-1,-1,-1,-1,651,651,1072,1713,651,646,651,1072,1713,651,646,651,Yes
500000,Female,1,2,27,-1,0,-1,-1,-1,-2,17531,27016,10627,680,0,0,26588,10663,680,0,0,2360,No
260000,Female,2,1,28,0,0,0,0,0,0,238896,244419,250051,247271,250327,253355,11000,11065,9500,9000,9100,9500,No
100000,Female,2,2,23,0,0,0,0,0,0,10693,26226,18726,19225,18299,20056,22622,2326,1600,0,4000,0,No
130000,Female,2,2,23,0,0,0,0,0,0,111388,113900,109062,105252,103969,104254,6000,5000,6000,10000,10000,5000,No
80000,Female,1,2,26,0,0,0,0,0,0,124224,124762,125778,128293,127839,128714,4574,4737,5753,5000,4330,4341,No
400000,Female,2,2,29,0,-1,-1,-1,0,-1,52875,55544,994,5030,4568,500,55544,994,5030,0,500,150,No
360000,Female,2,2,27,0,0,0,0,0,0,44179,37697,29686,23724,5576,2273,1498,1799,1008,120,2289,5302,No
190000,Female,1,2,28,0,0,2,0,0,0,7188,9521,9224,10262,13083,13372,2459,0,1200,3000,500,510,No
90000,Female,2,2,28,0,0,0,0,0,0,41138,38755,38448,37612,36174,33769,2000,1866,1347,1065,1041,1500,No
50000,Female,1,2,29,0,0,0,0,0,0,8838,7662,40125,37552,22960,14735,6540,37130,2858,3000,1000,5000,No
80000,Female,2,2,29,0,0,2,2,2,2,49196,54033,52595,56709,55201,69270,6292,0,5000,0,15000,2600,No
120000,Female,2,2,29,-1,-1,-2,-1,0,0,1450,0,0,1187,1187,1187,0,0,1187,0,0,0,No
100000,Female,2,2,28,2,0,0,2,2,2,21117,22163,26789,26065,27615,28122,1400,5000,0,2300,1100,1300,Yes
170000,Female,1,1,28,1,-1,-1,-1,-1,-1,0,1295,0,376,0,376,1295,0,376,0,376,0,No
400000,Female,1,2,27,-2,-2,-2,-2,-2,-2,0,0,0,0,18014,0,0,0,0,18014,3710,0,Yes
230000,Female,1,2,27,0,0,0,2,0,0,79108,70757,76049,68989,54450,39862,3187,7100,0,2700,2000,1572,No
260000,Female,1,2,28,0,0,0,0,0,0,207593,205105,209805,203532,199611,94363,7011,11932,4709,6087,0,1600,No
110000,Female,2,2,29,0,0,0,0,0,0,56073,59635,63179,66637,68037,70448,4500,4500,4500,2500,3500,5800,No
500000,Female,2,2,28,-1,0,0,0,0,0,319082,0,300165,281019,44528,40325,8752,0,21420,1002,935,967,No
90000,Female,2,2,28,-1,-1,-1,-1,-1,-1,2943,906,669,0,400,182,906,669,0,400,182,5634,No
60000,Female,1,2,28,0,0,2,2,-1,-1,20729,14486,12163,8891,1723,40276,3016,1000,0,1723,40276,3000,No
320000,Female,2,1,29,0,0,0,0,0,0,34818,22718,9398,10222,13791,13498,1690,1500,1000,3628,1041,1006,No
190000,Female,1,2,28,0,0,0,0,0,0,112039,114347,102229,83779,72666,63714,4600,4500,4000,2900,2800,3000,No
80000,Female,1,2,28,1,-2,-2,-2,-2,-2,0,0,0,0,0,0,0,0,0,0,0,0,Yes
230000,Female,2,1,28,2,2,2,2,2,2,35610,38701,35043,35678,36730,35994,3706,0,1513,1730,2000,9000,Yes
310000,Female,1,1,29,-2,-2,-2,-2,-2,-2,594,235,5641,0,0,0,477,5648,0,0,0,2287,No
260000,Female,2,2,29,0,0,0,0,0,0,150709,151527,155081,156138,145251,139784,6911,7514,6756,5176,5200,5700,No
200000,Female,1,2,29,0,0,0,-1,0,-1,65199,21489,0,1762,1768,860,6532,0,1762,6,1257,8308,No
200000,Female,2,2,28,0,0,0,0,0,0,50925,51519,53693,55506,63261,52979,2455,2629,2442,10000,1502,1517,No
50000,Female,2,2,28,0,0,0,0,0,0,28157,28409,27589,27875,28539,29202,1430,1770,1446,1500,1500,1073,No
50000,Female,3,2,28,0,0,0,0,0,0,52775,54397,55328,42511,31032,34510,2500,2000,2000,5000,4000,3000,Yes
50000,Female,1,2,29,0,0,0,0,0,0,44498,41897,17304,16544,14787,15975,4000,4000,2000,3000,3000,3000,No
240000,Female,2,1,29,0,0,0,0,0,0,187431,186968,187967,187731,188603,185252,8200,8000,8000,7025,6500,7000,No
100000,Female,2,2,29,0,0,0,-1,-1,-1,7815,11139,3708,2180,1949,717,5000,1000,2180,1949,717,39000,No
230000,Female,2,2,28,-1,-1,-1,-1,-1,-1,2454,1197,4556,4316,4316,4316,1197,4566,4316,4316,4316,4316,No
230000,Female,1,2,29,0,0,0,0,0,0,4827,5605,7719,7601,12140,16145,2000,3050,5000,5000,5000,5000,No
240000,Female,2,1,28,2,2,2,2,2,0,191137,210333,206332,214981,194817,186895,24000,0,12014,0,5307,5001,Yes
150000,Female,2,1,30,-1,-1,0,0,-1,-1,35213,115041,135090,80085,35940,38460,115041,66066,2031,35940,38460,41154,No
150000,Female,2,1,30,0,-1,-1,-1,-1,-1,1499,1231,0,1872,0,113,1231,0,1872,0,113,0,No
200000,Female,1,2,29,-1,-1,-1,-1,0,0,27869,5531,6781,12162,12410,12410,5531,6781,12162,248,0,1703,No
60000,Female,2,2,29,2,0,0,0,0,0,58501,54932,85672,41483,19394,18893,2000,1900,1572,1000,700,668,Yes
50000,Female,2,2,31,0,0,0,0,0,0,19889,20451,20426,19894,20294,20145,1500,1600,1600,1000,900,1000,No
140000,Female,2,2,31,-1,-1,-1,-1,0,-1,277,19983,17685,36603,27886,7659,19983,17725,36621,0,7847,43467,No
220000,Female,1,1,30,2,2,0,0,0,0,150682,139629,136020,115942,54611,42363,0,6824,2726,1239,2953,112742,No
300000,Female,1,2,28,-2,-2,-2,-2,-2,-2,936,0,744,2826,0,18525,0,744,3000,0,18525,3078,No
300000,Female,1,2,29,-2,-2,-2,-2,-2,-2,-5478,-8584,-14998,10980,1123,4665,1220,33,30044,12,11493,4983,No
200000,Female,1,2,29,0,0,0,0,0,0,118296,94899,71050,68967,47951,45519,3900,3000,3015,1600,1600,1400,No
80000,Female,2,3,29,-1,-1,2,-1,-1,-1,6441,14342,6187,7757,8451,6625,14349,5,7761,8460,6630,6218,No
430000,Female,2,2,29,2,0,0,0,0,0,75249,77754,79822,81859,83844,86082,3754,3322,3359,3344,3582,3623,Yes
60000,Female,2,3,29,0,0,0,-1,-1,-1,4134,3596,3801,694,531,531,1200,1000,2694,531,531,681,No
50000,Female,2,2,29,0,0,0,0,0,0,26159,27222,27954,26702,26993,25758,1800,1500,1800,1000,1200,1200,No
420000,Female,2,2,26,0,0,0,0,0,0,24434,22586,36569,28994,15159,9379,1500,28000,1210,303,2000,0,No
80000,Female,2,2,26,3,2,2,2,2,2,45088,46040,46998,47929,46860,51931,2000,2000,2000,0,6000,0,Yes
230000,Female,1,2,27,-1,-1,-1,-1,-1,-2,17077,22420,57255,34289,0,0,22437,57326,34311,0,0,0,Yes
270000,Female,2,2,29,0,0,0,0,0,0,62516,48770,47846,39772,35143,44371,1854,1952,1418,5000,14000,2500,No
500000,Female,1,2,28,0,0,0,0,0,0,56437,58076,59534,51006,44360,34229,2357,2001,6620,6015,10001,4137,No
220000,Female,2,2,28,0,0,0,2,0,0,94311,95967,97995,97577,98583,99708,4319,5419,3000,3501,3629,7442,No
180000,Female,3,2,24,0,0,0,0,0,0,100772,85185,77698,67459,52777,46337,3034,4031,2495,1556,1431,1293,No
50000,Female,2,2,23,0,0,0,0,2,2,34448,35545,36620,40767,41495,42377,1975,1950,5100,1700,1700,700,No
20000,Female,5,2,22,1,2,0,0,0,0,11871,11375,10620,11355,11209,11299,0,1265,1000,244,500,500,No
20000,Female,1,2,24,1,-1,-1,-1,-1,-1,0,890,467,500,0,647,890,467,500,0,647,0,No
80000,Female,1,2,22,1,2,2,-1,-1,-1,6261,6170,4258,7032,6348,1606,1000,0,7032,6348,1606,0,No
120000,Female,2,1,23,0,0,0,0,0,0,64049,65984,66825,68820,69776,71297,3000,2500,3100,2700,2800,2800,No
40000,Female,1,2,23,0,0,0,0,0,0,10389,11410,12970,13246,11024,9798,1200,1751,1027,250,385,1000,No
100000,Female,2,1,42,-2,-2,-2,-2,-2,-2,2811,1055,8090,5524,4973,1000,1055,8090,5549,4973,1000,1000,No
90000,Female,2,2,25,1,2,0,0,0,0,91830,89448,83949,47118,44942,45886,0,2549,1583,1444,1500,1511,No
160000,Female,2,2,24,0,0,0,0,0,0,160553,162449,157395,159178,121642,124347,6050,7771,7300,4163,4470,4609,No
100000,Female,1,2,24,0,0,0,-1,-1,-1,27753,28306,14320,180,2500,12411,1632,1000,180,2500,10000,0,No
60000,Female,1,2,28,0,0,0,0,0,0,37878,35511,28894,21556,21494,21838,3000,2000,1600,3000,2800,0,No
300000,Female,1,1,26,2,-1,-1,0,0,-1,800,1946,2612,3408,1908,1108,1946,2612,1914,0,1108,530,No
140000,Female,2,1,29,0,0,0,0,0,0,129289,90352,85052,65758,46847,39777,3713,3546,2589,1960,1733,1379,No
300000,Female,1,2,29,-2,-2,-2,-2,-2,-2,1049,205,4962,13634,41510,-1087,205,4962,13634,41510,0,3940,Yes
60000,Female,1,2,29,0,0,0,0,0,0,23304,20517,20261,22832,24234,24928,3000,3000,3000,2000,2000,2000,No
360000,Female,2,2,29,-2,-2,-2,-2,-1,-1,0,1307,747,1707,792,1346,1307,747,1707,850,1346,0,No
100000,Female,1,2,29,1,2,0,-1,0,0,3788,1263,2394,2839,32934,31056,0,2000,3000,31000,2000,5000,No
100000,Female,2,2,29,-1,-1,-1,-1,-1,-1,3262,3262,326,6198,326,326,3262,326,6198,326,326,326,No
320000,Female,1,2,29,-2,-1,2,-1,-1,-1,0,192,192,2518,255,1945,192,0,2518,255,1945,301,No
500000,Female,2,2,29,-2,-2,-2,-2,-2,-2,902,0,0,0,0,0,0,0,0,0,0,19440,No
180000,Female,1,2,30,-2,-2,-2,-2,-2,-2,405,4445,5047,200,745,0,4445,5047,200,745,0,0,No
280000,Female,2,1,30,2,0,0,0,0,0,18925,20223,15883,15547,14472,15086,1976,2000,1600,1000,1000,1100,Yes
140000,Female,2,1,30,0,0,0,0,0,0,13859,16229,16459,14753,13437,14745,5000,1286,1476,423,3000,1000,No
200000,Female,2,1,30,-1,2,-1,2,0,0,1877,1690,6314,6034,6034,2493,0,6314,0,0,0,0,No
270000,Female,1,2,30,0,0,0,2,0,0,25628,27880,35387,34524,36630,38871,3000,8000,0,3000,3000,2000,No
230000,Female,1,1,30,0,0,0,0,0,0,5442,5142,5305,5661,3935,4460,1210,3116,1000,2000,2000,2000,No
210000,Female,1,2,29,1,-1,-1,-2,-1,-1,-12,2425,-12,-12,5884,0,2437,0,0,5896,0,89886,No
170000,Female,1,2,29,-1,-1,0,-1,-1,-2,1380,9493,8794,2301,0,0,9533,5004,2301,0,0,7800,No
230000,Female,1,2,29,-2,-2,-2,-2,-2,-2,360,0,0,0,100,900,0,0,0,100,900,715,No
300000,Female,2,2,29,0,0,0,0,0,0,164437,140536,124802,80088,25283,12358,5100,6001,3500,705,3000,2300,No
150000,Female,3,2,29,-1,-1,-1,-2,-2,-1,3850,227,0,0,0,1500,227,0,0,0,1500,1606,No
360000,Female,1,2,29,1,-2,-2,-2,-2,-2,0,0,0,0,0,0,0,0,0,0,0,0,No
110000,Female,2,2,29,2,0,0,0,0,0,99876,72548,74379,75878,78503,80451,3000,3000,3000,3500,3000,3000,Yes
150000,Female,1,3,30,1,-1,2,-1,-1,-1,6043,50,6527,2168,-7,1373,0,8589,2500,0,1380,0,No
50000,Female,1,2,27,0,0,0,0,0,0,49959,47675,48349,46192,45272,46230,2100,2426,2100,1600,2000,1900,No
170000,Female,1,2,27,-1,-1,2,-1,-1,-1,356,1472,736,736,736,736,1536,0,736,736,736,736,No
210000,Female,2,2,27,0,0,0,0,0,0,26311,24805,25810,27071,27817,28401,2000,1800,2000,1500,1031,1191,No
50000,Female,2,2,28,2,2,2,0,0,0,45004,48119,42958,37812,15617,9625,3880,10,8656,1044,349,414,Yes
200000,Female,2,2,30,0,0,0,2,0,0,4644,5670,8107,7523,8345,19030,1263,2700,0,1000,11000,707,No
100000,Female,1,2,28,0,0,0,0,0,0,29086,19091,17916,12233,6741,-24,1400,1506,1209,0,0,0,No
180000,Female,2,2,31,0,0,-1,0,0,0,112900,0,178143,181625,164914,145052,0,181625,8350,5005,5000,6800,No
80000,Female,2,1,33,0,0,0,0,0,0,75564,77708,78888,80466,28186,28445,3406,3518,3558,1200,1100,1500,No
80000,Female,2,1,27,0,-1,-1,-2,-2,-2,56720,5958,4303,3850,0,0,5958,4321,3869,0,0,0,Yes
50000,Female,3,1,29,0,0,0,0,0,0,47425,48171,46466,47226,46917,47571,2100,2100,2105,2000,1800,3500,No
560000,Female,2,1,28,-2,-2,-2,-2,-2,-2,2740,2740,2740,2740,1703,27802,2740,2740,2740,1703,27802,1500,No
150000,Female,2,2,28,2,0,0,0,0,0,89336,90337,84905,86814,73827,60284,4027,4004,5016,5004,3000,5005,Yes
310000,Female,2,2,27,-1,-1,-1,-1,0,-1,1261,1261,1261,1651,390,390,1261,1261,1651,0,390,390,Yes
210000,Female,2,2,27,-1,-1,-1,-1,-1,-1,1856,8657,10371,0,2700,2278,8657,10427,0,2700,2278,2900,No
200000,Female,1,2,27,-2,-2,-2,-2,-2,-2,4941,5555,15546,1665,3370,-36,5610,15616,1673,3385,0,95456,No
100000,Female,1,2,28,0,0,0,-1,-1,-1,14309,11226,13142,12280,938,796,1268,2184,38500,938,796,0,No
200000,Female,2,1,28,-2,-2,-2,-2,-2,-2,34819,165,1850,1538,165,165,165,1850,1538,165,165,165,No
40000,Female,2,1,28,0,0,2,0,0,0,29195,32043,31250,31962,32752,33571,3650,0,1533,1322,1500,1221,No
80000,Female,3,1,29,-2,-2,-2,-2,-2,-2,456,3351,9452,1584,2200,7042,3366,9481,1588,2206,7073,4186,No
360000,Female,3,2,29,-2,-2,-2,-2,-2,-2,3307,0,0,0,0,1131,0,0,0,0,1131,3409,No
90000,Female,1,2,28,-2,-2,-2,-2,-2,-2,1944,0,0,0,0,0,0,0,0,0,0,0,No
280000,Female,1,2,29,-1,-1,-1,-1,-1,0,33210,526,9252,21254,1608,407,726,9298,21360,1614,2,4069,No
200000,Female,3,1,29,0,0,0,0,0,0,203621,203424,199728,195609,131981,131294,7464,7889,6600,4602,4900,4726,No
210000,Female,1,2,31,-2,-2,-2,-2,-2,-2,0,0,4811,2994,14321,5193,0,4811,2994,14327,5193,2723,No
50000,Female,2,1,31,0,0,0,0,0,-2,47800,50725,53518,4199,0,0,3725,2364,2398,0,0,17324,Yes
150000,Female,1,2,30,-1,-1,-1,-1,-1,-1,4205,1264,10830,2501,4461,1240,1264,10830,2501,4461,1240,165,No
230000,Female,1,2,29,1,-2,-1,-1,-1,-1,0,0,249,0,449,1530,0,249,0,449,1530,0,No
70000,Female,1,2,29,0,0,0,0,0,0,75040,75705,69514,69312,69412,68692,3000,3000,3100,3000,3000,2700,No
80000,Female,2,2,29,0,0,0,0,0,0,70810,72231,73953,69366,57435,39322,3200,3501,2500,2000,2000,1000,No
380000,Female,2,2,30,0,0,0,0,0,0,305489,299641,256345,258936,228387,203931,11687,12160,12434,8651,8531,6974,No
100000,Female,2,1,31,0,0,0,0,0,-1,91192,91305,103216,88782,35146,39849,4000,15074,16197,13112,43122,43000,No
30000,Female,2,1,31,0,0,0,0,0,0,24358,23798,23071,23496,26562,27346,3000,4000,3000,5000,5000,3000,No
140000,Female,1,2,31,0,0,0,0,0,0,3886,4906,5233,6206,7140,8161,1100,1500,1100,1000,1100,1000,No
320000,Female,1,2,27,1,2,2,2,2,2,43243,42537,41370,40694,39606,38680,2000,1500,2000,1500,1500,0,Yes
30000,Female,2,2,23,0,0,0,0,0,0,28347,28296,25819,26409,26401,26448,2300,2390,1718,1100,1000,2000,No
110000,Female,1,2,24,0,0,2,0,0,0,111863,111569,110768,110480,48708,47060,6001,5000,5060,2000,3000,5000,No
50000,Female,2,2,24,0,0,0,0,0,-2,2568,3589,4608,4919,0,0,1070,1089,1000,0,0,0,No
200000,Female,2,2,31,-1,-1,-1,-1,-1,-1,2718,590,8971,8509,29645,7300,591,8981,8525,29713,7305,20914,No
100000,Female,2,2,29,0,0,0,0,0,0,87018,75666,74709,76143,73327,147496,3267,3324,4220,2728,2800,2825,No
100000,Female,1,2,27,-1,-1,-2,-2,-1,-1,4829,0,0,0,5330,0,0,0,0,5330,1274,2100,No
150000,Female,1,2,29,-1,0,-1,-1,2,0,1148,3019,100,802,802,702,2000,100,702,0,0,0,Yes
60000,Female,2,1,27,0,0,0,0,0,0,60915,54738,47023,57554,27412,27829,2255,2469,25000,1200,1008,1057,No
150000,Female,1,2,26,0,-1,-1,-1,-1,-1,7448,2089,174,640,2414,500,2089,174,640,2414,500,3158,No
30000,Female,1,2,27,0,0,0,0,0,0,30342,29337,29956,29782,27290,27865,1500,1485,2000,1000,1014,4413,Yes
250000,Female,1,2,26,0,0,0,0,0,0,50122,44742,43194,41381,33246,32948,2027,2020,1510,1000,1000,7000,No
500000,Female,1,2,29,0,0,0,0,0,0,36051,30912,33740,15272,17015,18740,2065,25099,2000,2000,2000,2000,No
230000,Female,1,2,28,0,0,0,0,0,0,65862,61532,37214,37680,33708,565,5000,1954,1420,3708,565,0,No
160000,Female,1,2,29,-2,-2,-2,-2,-2,-2,386,4194,196,7730,3113,3484,4194,196,7741,3113,3484,2475,No
360000,Female,1,1,31,-2,-2,-2,-2,-2,-2,9315,58319,48179,14702,20444,30833,58617,48426,14775,20559,30954,14905,No
400000,Female,2,1,30,0,0,0,0,0,0,30667,31160,23054,8453,10387,9222,5034,2086,2025,5006,543,1711,No
130000,Female,1,2,29,0,0,2,0,0,0,93761,100172,97727,98588,97129,98016,8901,0,3401,3509,3671,3240,No
160000,Female,1,2,28,-2,-2,-2,-2,-2,-2,316,1599,2328,1798,1000,1442,1617,2378,1798,1000,1442,0,No
390000,Female,1,1,28,0,0,0,0,0,0,60697,64440,67503,68566,65411,66597,5000,5000,5007,5000,5000,5000,No
200000,Female,2,2,31,-1,2,2,-1,-1,-1,3707,3347,0,665,2846,6586,0,16550,665,2846,6586,3807,Yes
30000,Female,2,1,30,0,0,0,0,0,0,9211,9133,10165,11441,11479,11719,1154,1186,1462,500,400,434,No
180000,Female,2,2,31,0,0,0,0,0,0,69502,69878,71866,72140,60885,32397,2500,3300,2140,1885,4000,95000,No
200000,Female,3,2,32,0,0,0,0,0,0,148959,152810,159907,168200,148987,152224,6700,10000,10000,4183,4465,4352,No
180000,Female,2,1,32,0,0,0,0,2,0,151307,143025,140984,85948,80069,77462,6000,6000,8009,0,3000,3000,No
250000,Female,1,2,31,-1,0,0,0,0,-1,36439,30161,24326,13198,6686,9423,5000,1298,1000,134,9423,19346,No
180000,Female,1,2,29,-1,-1,-1,-1,0,-1,3900,222,906,6101,50372,1203,222,908,6101,48251,1207,4545,No
50000,Female,2,1,32,0,0,0,0,0,0,48971,38736,26945,27541,27689,28868,1754,1500,3038,976,2000,1077,No
220000,Female,1,1,33,0,0,0,0,0,0,199040,182158,143895,147039,152384,159631,10032,7000,7500,10000,10000,7000,No
360000,Female,2,1,31,-2,-2,-2,-2,-2,-2,990,990,990,990,990,990,990,990,990,990,990,4970,No
500000,Female,1,2,29,0,0,0,0,0,0,33252,39078,33086,18304,16604,9505,10000,2014,3030,8006,1000,1000,No
50000,Female,3,1,30,-1,-1,-1,-1,-1,-1,1032,1464,1722,316,2615,2104,1464,1722,316,2615,2104,3379,No
150000,Female,2,2,30,-1,-1,-2,-2,-1,-1,55,-94,-208,-208,993,0,0,239,0,1201,0,2184,No
150000,Female,2,2,31,-1,-1,-1,-1,0,-1,13701,12009,11985,24310,17280,36986,12013,12005,24322,6000,37000,25017,No
300000,Female,1,2,31,-1,-1,-1,-1,-1,-1,720,0,69190,0,686,2927,0,69190,0,686,2927,2995,No
130000,Female,1,2,24,0,0,0,2,0,0,76582,86333,91715,89245,90827,87779,12000,7700,0,3001,3011,2816,No
30000,Female,3,2,22,2,0,0,2,2,2,15048,16795,18524,19923,19305,20994,2000,2000,2000,0,2000,0,No
90000,Female,2,2,25,0,-1,-1,-1,-1,-1,27658,11865,4602,28426,8978,5104,6708,8853,28990,9028,5119,428,No
90000,Female,2,2,25,0,0,0,-1,-1,2,88822,76400,0,2757,3060,2864,1588,0,2757,500,0,475,Yes
70000,Female,3,2,25,0,0,0,0,0,0,31337,34439,25170,20921,18229,20915,4000,3069,3000,2000,3000,3000,No
80000,Female,2,1,25,0,0,0,0,0,0,73267,74425,76347,51150,43193,44230,2971,3435,1750,1593,1730,1972,Yes
60000,Female,2,2,25,0,0,0,0,0,0,7885,9244,11082,12133,16891,17615,1500,2000,1242,5000,1000,700,Yes
60000,Female,3,2,26,-1,2,-1,-1,0,0,4837,3642,6232,6444,3783,3219,0,6472,6444,3219,0,0,No
200000,Female,1,2,27,-2,-2,-2,-2,-2,-2,0,0,0,0,0,0,0,0,0,0,0,0,Yes
220000,Female,1,2,29,-2,-2,-2,-1,0,0,2848,7146,4690,16331,77894,2576,7181,4714,16493,97910,0,4862,No
170000,Female,1,2,29,-1,0,0,-2,-2,-2,1000,6000,0,0,0,0,5000,0,0,0,0,0,No
500000,Female,3,2,29,-2,-2,-2,-2,-2,-2,5024,798,5921,2381,823,801,802,5950,2392,827,805,30435,Yes
60000,Female,1,2,29,1,-1,2,-1,-1,-1,0,351,199,3697,0,532,351,0,3697,0,532,0,Yes
140000,Female,2,2,30,-2,-2,-2,-2,-2,-2,107,232,107,107,107,107,232,107,107,107,107,107,No
100000,Female,2,1,31,0,0,0,-2,-1,-1,95160,94327,0,0,2743,1782,2000,0,0,2743,1782,0,No
180000,Female,1,2,31,-2,-2,-2,-2,-2,-2,-23,5631,2771,390,0,0,5654,2771,390,0,0,999,No
360000,Female,1,2,31,1,-2,-2,-2,-2,-2,0,0,0,0,0,0,0,0,0,0,0,0,No
420000,Female,1,2,31,0,0,0,0,0,0,233413,241503,277447,287781,294010,319257,12000,40000,15000,11000,30000,15000,Yes
200000,Female,2,2,29,-1,-1,-1,-1,-1,-1,779,860,496,2755,2048,2318,860,496,2763,2048,2318,3311,No
260000,Female,2,1,31,0,0,0,0,0,0,82156,83083,85346,87620,89566,91502,3611,3712,3800,3500,3400,3100,No
300000,Female,2,2,30,-2,-2,-2,-2,-2,-2,19333,19333,19333,19333,20333,20333,19333,19333,19333,20333,20333,1000,No
400000,Female,1,2,29,0,0,2,0,0,0,74829,77970,70557,71867,72137,72955,7017,0,3200,2750,3000,5800,Yes
220000,Female,1,2,30,0,0,0,0,-1,-1,22959,37955,25741,17875,14639,27042,20066,1318,1102,14710,28087,1174,No
130000,Female,1,2,30,-1,-1,-1,-1,-1,0,1493,1492,1310,1310,2046,1574,1492,1310,1310,2046,574,1995,Yes
150000,Female,1,2,29,-1,-1,-1,-1,-1,-1,962,5868,15218,15965,9275,25321,5868,15283,15972,9275,25321,7350,No
280000,Female,1,2,33,0,0,0,0,0,0,266030,264176,267668,262905,260296,254023,12000,12001,12000,9510,10002,10000,No
230000,Female,1,2,33,0,0,0,0,0,0,181532,187639,193252,200648,203103,207573,9000,10000,12000,7130,7600,8100,No
180000,Female,2,1,28,0,0,0,0,0,0,54972,42329,42071,39649,39221,40731,2000,2002,2000,2000,2000,2000,No
270000,Female,2,2,29,0,0,0,0,0,0,39004,28963,23021,17934,13650,12864,1520,1719,1200,1000,2000,3022,No
190000,Female,4,2,30,0,0,0,0,-1,0,198098,194576,202868,198936,28950,28666,4515,15466,4700,47450,16666,17549,No
150000,Female,3,2,30,0,0,0,0,0,0,69235,69407,69232,71089,65793,66651,2500,3000,3067,2344,2419,2500,No
230000,Female,1,2,28,-2,-2,-2,-2,-2,-1,355,0,916,0,0,8878,0,916,0,0,8878,800,Yes
70000,Female,3,1,29,0,0,0,0,0,0,22438,24055,25359,26434,26993,28551,2000,2000,1500,1000,2000,1500,No
50000,Female,2,1,30,0,0,0,0,0,0,46800,37395,38591,40037,32260,27649,1604,1800,2200,1400,1100,1300,Yes
210000,Female,2,1,30,-1,-1,-2,-2,-2,-2,2818,0,0,0,0,0,0,0,0,0,0,0,No
260000,Female,2,1,30,0,0,0,0,0,0,66433,67134,67768,69033,70166,71377,2400,2496,2429,2599,2827,2050,No
280000,Female,1,2,29,-1,-1,-1,-1,0,-1,1939,333,779,8029,8040,2979,333,779,8029,11,3129,138,No
30000,Female,3,1,29,1,2,2,2,2,2,27705,28452,29693,30206,30309,28218,1500,2000,1500,1044,0,2000,Yes
20000,Female,2,1,30,1,-2,-1,2,2,-2,0,0,780,780,0,0,0,780,0,0,0,0,Yes
200000,Female,2,1,32,1,-1,2,-1,2,2,-400,163,163,2231,2048,4732,563,0,2250,0,2732,0,No
80000,Female,1,2,30,3,2,0,0,0,0,82523,80586,80783,75115,49420,50677,0,4000,3000,1800,2000,2000,Yes
90000,Female,2,2,31,0,0,0,0,2,2,22259,23418,24443,26695,25967,26946,1838,1408,2660,0,1400,2000,Yes
20000,Female,2,1,32,2,0,0,0,2,2,15073,15431,16176,18204,17614,18826,1600,1300,2300,0,1500,0,Yes
30000,Female,3,1,32,0,0,0,2,0,0,27395,25947,30473,27940,28397,29009,2000,5303,0,1200,1200,1200,No
70000,Female,1,2,29,0,0,0,0,0,0,61217,62601,63990,64355,56195,43803,3000,3000,3000,1900,1600,2600,No
200000,Female,2,1,29,0,0,0,0,0,0,74566,73700,73624,73928,72060,72393,3213,3304,3815,3004,3006,4012,No
130000,Female,2,1,29,0,0,0,0,0,0,130927,133658,132026,122804,121663,122032,7000,5306,5000,5000,6000,10000,No
160000,Female,1,2,30,0,0,0,0,0,0,78623,65315,52890,50275,51337,53349,3000,4000,2500,2500,3000,2800,No
320000,Female,1,1,29,-1,0,0,-2,-2,-2,2799,7932,0,0,0,0,7329,0,0,0,0,0,No
130000,Female,1,2,29,-1,-1,-1,0,0,0,790,390,99235,98080,97224,97940,390,99235,4368,3449,3713,3610,No
200000,Female,1,2,29,1,-2,-1,-1,-2,-1,0,0,35063,0,0,5799,0,35063,16720,0,5799,0,Yes
320000,Female,1,2,30,-2,-2,-2,-2,-2,-2,1259,5152,4257,-3,-3,670,5177,4278,0,0,673,11288,No
400000,Female,2,1,30,0,0,0,0,0,0,68835,60549,63047,65508,66954,68411,2600,3000,3000,2000,2002,3020,No
390000,Female,2,2,30,0,0,0,-1,-1,0,35169,17147,3350,4710,80474,80330,1070,1226,4710,83756,3100,3100,No
100000,Female,1,1,29,0,0,0,0,-2,-1,27304,28537,32498,0,0,21648,2000,4652,0,0,21648,9600,No
100000,Female,2,1,30,-1,0,0,0,0,0,98048,97585,84514,85496,69656,61532,3903,8000,5000,4000,3000,2300,No
400000,Female,2,2,31,0,0,0,0,0,0,9123,7496,7558,6877,4880,6728,1500,1500,1000,1000,3000,3000,No
100000,Female,2,1,27,-1,2,-1,2,0,0,667,667,6637,6300,12300,0,0,6637,0,6000,0,3022,Yes
300000,Female,3,1,27,-1,-1,-1,-1,-1,-1,1890,1570,390,390,390,390,1570,390,390,390,390,1890,No
20000,Female,2,2,27,0,0,0,0,0,0,14248,15703,17140,18127,18605,16351,2000,2000,1600,1030,1000,1000,No
50000,Female,2,2,27,0,0,0,0,0,-2,27314,28353,30299,33760,0,0,1500,3000,4000,0,0,0,No
100000,Female,1,2,30,2,2,2,2,2,2,29668,32463,33350,34003,34647,35348,3600,1700,1500,1500,1400,0,No
200000,Female,2,1,30,0,0,0,0,0,0,194747,197031,196787,194632,198839,196550,9000,7100,7100,7400,7200,7300,No
300000,Female,2,2,30,0,0,0,0,2,0,251986,231773,225295,236540,168519,172674,11000,11000,17000,0,7000,12000,No
240000,Female,3,1,30,-1,-1,-1,-1,-1,-1,7075,15732,9285,1617,188,98,17003,9343,1617,188,98,0,No
240000,Female,2,1,30,-1,-1,-1,-1,-1,-1,17047,15188,11366,14231,11135,7774,15188,11366,14231,11135,7774,7785,No
350000,Female,1,2,31,-1,2,-1,-1,-1,-1,403,403,1351,4656,0,1190,0,1351,4677,0,1190,150,No
590000,Female,1,2,31,1,-1,-1,-1,-1,0,-154,240,244,-1469,925,3319,1000,1026,0,3000,3000,2271,No
240000,Female,1,2,30,1,-2,-2,-2,-2,-2,0,0,0,0,0,0,0,0,0,0,0,0,No
200000,Female,4,2,27,-2,-2,-2,-2,-2,-2,0,0,0,0,0,0,0,0,0,0,0,0,No
300000,Female,1,2,27,0,0,0,0,0,0,131760,132770,130595,132683,128557,125900,4700,4995,4516,4034,4088,3886,No
240000,Female,2,1,28,-1,0,0,0,-1,-1,5740,5639,3428,4634,4590,9675,1215,2000,2000,4590,9675,15000,No
170000,Female,1,2,28,-1,-1,-1,-1,-1,-1,3497,17920,2863,0,949,0,17920,2863,0,949,0,1069,No
470000,Female,2,2,30,0,0,0,0,0,0,26549,25247,28019,27139,26923,28350,1420,5000,1408,2000,2000,10000,No
110000,Female,1,2,30,0,0,0,0,0,0,51276,52064,53160,54331,53024,51317,3000,3031,3000,3000,2000,3000,No
30000,Female,3,2,24,0,0,0,0,0,0,27276,26937,26679,27779,28691,29726,2000,2500,2000,2000,2000,2000,Yes
80000,Female,2,2,24,1,1,-1,-1,-1,-1,62550,0,10000,18150,7490,7490,10000,10000,18150,7490,7490,7490,No
100000,Female,1,2,24,1,-2,-2,-2,-2,-2,-78,-78,-78,-78,-78,-78,0,0,0,0,0,0,No
160000,Female,2,2,25,0,0,0,0,0,0,45835,45474,42601,33581,29827,19056,2000,2000,1400,600,0,0,No
110000,Female,1,2,27,0,0,0,0,0,0,52426,45107,44310,34820,36005,25976,1772,1900,1815,2000,1500,2000,No
150000,Female,3,2,28,2,0,0,0,0,0,107603,109835,110255,110247,110955,105145,5500,5500,5300,3853,4000,4000,No
390000,Female,1,2,30,0,0,0,0,0,0,7650,8500,4090,8342,7611,8018,3031,2010,6500,2000,1000,1000,No
180000,Female,2,1,30,-2,-2,-2,-2,-2,-2,5100,9861,11021,16883,150,4661,9861,11021,16883,150,4661,873,Yes
300000,Female,1,2,29,0,0,0,0,0,0,45117,43460,14291,7331,10018,6213,1281,1093,1000,5014,2000,1000,No
400000,Female,1,1,29,0,0,0,0,0,0,5074,4097,7716,12538,17305,22499,1097,3716,5000,5000,5668,7000,No
110000,Female,1,2,29,1,2,0,0,0,0,113093,106321,107630,106354,79154,69988,3,4334,4250,2946,2506,2458,No
120000,Female,1,2,28,0,0,0,0,0,0,20578,21742,23384,24268,24665,21833,2000,2000,1312,1009,1000,1000,No
200000,Female,2,2,28,-1,-1,-1,-1,0,0,8837,9491,3632,7673,5830,6890,9690,3632,7673,2530,6000,6925,No
120000,Female,2,1,25,0,0,0,0,0,0,70282,71463,60364,70420,62549,47683,4000,3000,11299,1943,2000,1684,No
270000,Female,2,2,25,0,0,0,0,0,0,162905,156151,127423,126824,115961,112929,5085,4795,4470,3847,3943,5000,No
250000,Female,1,2,25,0,0,0,0,0,0,18761,10656,7099,11758,17047,16483,4662,2101,7227,7865,8485,5777,No
130000,Female,2,1,25,0,-1,-1,-1,0,0,61223,4003,3223,23264,20582,18182,4003,3223,43264,2000,1000,2000,No
210000,Female,2,2,26,0,0,0,0,0,0,78632,49707,37998,32062,27056,15955,2000,2200,2008,2000,5000,5000,No
200000,Female,2,2,26,1,-1,2,-1,0,0,-1544,8510,4141,15305,10368,5642,12651,0,15305,0,0,16335,No
240000,Female,1,2,28,1,2,2,2,0,-1,17868,188,2288,2100,405,1665,0,2100,405,0,1665,0,No
180000,Female,1,2,28,-1,-1,-1,-1,-1,-1,26000,5480,5960,600,6800,12627,5488,5960,600,6800,12627,0,No
280000,Female,1,2,28,-2,-2,-2,-2,-2,-2,40683,1888,1592,1312,486,886,1888,1592,1312,486,1036,438,No
490000,Female,2,2,28,0,0,0,0,0,0,128821,93626,52074,118595,93461,86682,3047,2647,88595,3203,3142,3166,No
240000,Female,2,2,31,-1,-1,-1,-1,-1,-1,7414,2020,-9032,13756,0,3138,2020,1000,23724,0,3138,367,No
150000,Female,1,1,31,0,0,0,0,0,0,67852,68312,70203,71321,72235,73611,2500,3300,3200,3000,3000,3000,No
350000,Female,1,2,32,0,0,0,0,2,0,260076,265242,271726,295642,283684,282575,9501,10766,29060,55,10104,9324,No
80000,Female,2,1,30,0,0,0,0,0,0,22113,21507,13207,13997,10914,10685,1600,1700,1400,200,1000,0,No
330000,Female,1,2,31,-1,-1,-1,-1,-1,-1,3437,7525,32096,1665,166,0,7565,32096,1665,166,0,16705,No
20000,Female,2,1,31,1,-1,-1,-1,-1,-1,-19,3350,883,470,240,0,4540,883,470,240,0,0,No
210000,Female,2,2,32,0,0,0,0,0,0,44304,46255,50486,54019,58091,61630,3000,5000,5000,5000,4500,5000,No
400000,Female,2,2,32,-2,-2,-2,-2,-2,-2,0,626,118,10349,2817,2410,626,118,10349,2817,2410,10715,No
230000,Female,2,1,28,-2,-2,-2,-2,-2,-2,0,0,0,0,0,0,0,0,0,0,0,0,No
180000,Female,2,2,31,-2,-2,-2,-2,-2,-2,0,2813,12937,50500,0,0,2813,12937,50500,0,0,0,No
200000,Female,2,1,30,0,0,2,0,0,0,33604,35706,34064,30519,26166,28097,3000,1500,2547,2500,2500,3500,No
50000,Female,2,2,26,0,0,0,0,0,0,48057,48457,44932,20024,18830,18087,2007,1351,1561,628,775,1602,No
290000,Female,1,2,27,-1,-1,0,0,0,0,168,569,1401,1503,834,931,569,1000,1000,200,265,500,No
150000,Female,2,2,32,0,0,0,2,2,2,9545,14350,17118,16546,20052,20385,5000,3000,0,3800,800,0,Yes
200000,Female,1,1,32,0,0,-1,-1,-2,-2,12367,13732,1513,0,0,0,2000,1513,0,0,0,0,No
80000,Female,2,2,32,0,0,0,0,0,0,77535,78579,67097,50214,48738,3860,3010,3061,2000,1000,3860,0,No
290000,Female,1,2,29,0,0,0,0,0,0,78928,73380,67146,68063,63910,73553,8000,10000,5005,8000,15000,10000,No
200000,Female,2,1,29,0,0,0,0,0,0,118729,121398,125899,128933,129427,132338,4874,6690,7000,4500,5000,4682,No
150000,Female,2,2,29,-1,-1,-1,-1,-1,-1,933,598,1062,0,1810,0,598,1062,0,1810,0,3163,No
180000,Female,1,2,27,0,0,0,0,0,0,101489,78738,78639,44295,44113,37805,10006,8000,1610,10000,1333,8818,No
420000,Female,2,1,32,0,0,0,0,0,0,546485,228070,184810,131304,110930,84193,18546,8931,4940,1796,3100,133131,No
30000,Female,3,1,29,0,0,2,2,2,2,10456,13164,12668,15038,14502,15501,3200,0,2905,0,1386,0,Yes
230000,Female,1,2,31,-1,-1,2,-1,-1,0,2155,2010,165,5908,283,283,2010,0,5908,283,133,0,No
60000,Female,2,2,27,1,2,2,2,2,2,5087,7236,8104,7825,8580,8300,2410,1131,0,886,0,332,No
220000,Female,2,2,28,0,0,0,0,0,0,43436,46883,44179,44704,44997,45199,5012,2500,2000,2000,3000,3000,No
240000,Female,1,2,29,0,0,0,0,0,0,186969,167474,168081,166589,165981,165951,5510,6000,8808,6006,6000,6000,No
140000,Female,2,2,31,-2,-2,-2,-2,-2,-2,518,518,518,518,518,668,518,518,518,518,668,518,No
200000,Female,1,2,32,-2,-2,-2,-2,-2,-2,6890,11002,517,11212,19090,24949,11002,517,11214,19116,24949,10904,No
410000,Female,1,2,30,-2,-2,-2,-2,-2,-2,0,8417,0,2830,0,0,8417,0,2830,0,0,500,No
140000,Female,2,1,34,0,0,0,0,0,0,47922,49930,51980,54606,55220,56527,2710,2760,3386,2000,2082,2000,No
80000,Female,2,2,30,0,0,0,0,0,0,127580,91812,96599,93389,29716,27283,13000,6000,5122,5012,13000,18000,No
340000,Female,2,2,29,0,0,0,0,0,0,246245,250923,256428,233608,171349,158565,8730,9680,8613,6101,5725,5524,No
140000,Female,1,2,29,-1,-1,-2,-1,-1,-1,4880,0,0,6560,3617,0,0,0,6560,3617,0,2770,Yes
170000,Female,1,2,30,2,2,2,2,2,2,155910,158819,161487,157577,168094,170922,6800,6500,0,13000,5500,1000,Yes
290000,Female,1,2,30,0,0,0,0,0,-1,288033,260683,190012,36223,-4724,225276,10784,10295,2082,4724,230000,10000,No
360000,Female,2,2,31,0,-1,-1,-1,-2,-2,3386,5964,1340,1650,4350,4792,5964,1340,1650,4350,4792,40682,No
310000,Female,1,1,32,0,-1,0,0,0,0,4762,26943,7488,10276,96059,6434,26943,5000,6000,93000,3000,5000,Yes
500000,Female,2,2,32,-1,-1,-1,-1,0,0,9609,5609,967,16638,15721,17349,5637,972,16671,5749,7376,10723,No
250000,Female,1,2,33,2,0,0,0,0,2,243262,238599,198588,203286,215882,214320,7991,9000,8000,16000,2000,6200,Yes
500000,Female,1,2,33,-2,-2,-2,-2,-2,-2,10361,263,8050,8234,835,87878,263,8050,8234,835,87878,5000,No
80000,Female,2,1,33,0,0,0,0,0,0,74973,66613,66437,54631,49219,50094,3113,2627,1850,1870,1773,1800,No
180000,Female,2,2,30,0,0,0,0,0,0,23398,14445,15404,19885,22355,22902,1541,1500,4911,10355,10902,3500,No
320000,Female,1,2,30,0,0,0,0,0,0,60947,62660,22693,23705,24012,24703,2868,1681,1693,1000,1077,1336,No
130000,Female,2,1,30,0,0,0,0,0,-1,106796,108673,104535,105349,105254,120756,4000,4000,6500,5400,124582,10000,No
380000,Female,1,2,27,-1,0,0,0,0,0,119628,36965,32932,37368,35543,36756,3250,6200,5000,1543,1776,1483,No
200000,Female,1,2,27,0,0,-2,-2,-2,-2,24635,0,0,0,0,0,0,0,0,0,0,0,No
100000,Female,1,2,28,1,-2,-2,-2,-2,-2,-4894,-4894,-4894,-4894,-4894,-4894,0,0,0,0,0,0,No
180000,Female,2,1,28,0,0,0,0,0,0,85557,73121,68650,67895,68442,70131,3200,2500,3000,2500,3000,5000,No
150000,Female,1,2,26,0,0,0,0,0,0,136736,125651,116684,101581,77741,77264,4486,4235,3161,2647,2669,2669,No
230000,Female,2,2,27,0,0,0,0,0,0,175050,164054,127369,108702,77703,79123,10000,10000,4000,3000,5000,5000,No
160000,Female,2,2,29,0,0,0,0,0,0,36370,35996,35275,34873,35677,34942,4002,5390,6000,5000,5000,4000,No
360000,Female,2,1,30,0,0,0,0,0,0,20992,40125,44454,48382,51951,55957,20000,5000,5000,5000,5000,3000,No
150000,Female,3,1,28,0,0,0,0,0,0,146325,140902,131798,115350,105770,111850,5125,10104,10017,4000,15000,8000,No
360000,Female,1,1,34,-2,-2,-2,-2,-2,-2,0,0,0,0,0,0,0,0,0,0,0,0,Yes
10000,Female,2,2,37,-1,-1,-1,-1,0,0,6993,4165,5794,9576,7818,7580,6495,5794,9585,7580,152,390,No
20000,Female,2,2,35,0,0,0,0,0,0,15852,16861,17884,18590,18959,19347,1579,1602,1308,677,692,1577,Yes
50000,Female,2,1,35,0,0,0,0,0,0,34265,34175,33392,28340,24384,22643,2000,2000,2000,2000,1000,1000,No
50000,Female,2,2,37,1,2,0,0,0,0,26305,25583,26649,27584,28135,28878,0,1481,1416,967,1156,1000,No
60000,Female,2,1,37,1,2,2,2,2,2,49335,48241,52222,52777,51332,55489,0,4763,2000,0,5000,2000,Yes
20000,Female,3,2,37,2,2,2,2,0,0,12443,13947,14331,12495,12787,13583,2000,902,500,500,1000,700,No
130000,Female,2,2,39,2,2,2,0,0,2,108879,111115,107185,108569,112541,114885,5500,0,5399,8000,5000,0,No
50000,Female,3,2,36,0,0,0,0,0,0,48831,46763,44302,42942,20103,20163,2002,4228,1603,900,700,810,No
350000,Female,2,1,36,0,0,0,0,0,0,50889,45881,36578,37717,58311,58467,10000,9000,10000,30000,9000,1800,No
80000,Female,1,1,33,0,0,0,0,0,0,65484,66798,68120,70088,71345,72314,3000,3000,3109,3000,3000,3000,No
180000,Female,1,2,40,-2,-2,-2,-2,-2,-2,0,0,1040,258,0,0,0,1040,258,0,0,0,No
250000,Female,2,1,33,-1,-1,-1,-1,-1,-1,484,0,242,28932,0,100000,0,242,28932,0,100000,0,No
180000,Female,2,1,34,0,-1,-1,-1,-1,-2,13954,5589,4312,2490,0,0,5589,4312,2490,0,0,150,No
190000,Female,2,2,35,0,0,0,0,0,0,66859,68204,70009,65845,67347,70096,3054,3529,3000,2600,4000,3000,No
150000,Female,1,2,35,-1,2,2,2,2,2,15349,12834,25740,20995,21353,14453,0,15600,0,758,0,2580,No
90000,Female,2,1,35,0,0,0,2,2,2,37003,38082,41150,41677,42191,43371,2000,4000,1500,1500,2000,2000,No
230000,Female,1,2,39,-1,-1,-1,-1,-1,0,4612,2906,23777,78287,8986,11666,2906,23820,78287,35890,11000,10180,No
120000,Female,3,1,47,-2,-2,-2,-2,-2,-2,0,0,0,0,0,0,0,0,0,0,0,0,No
100000,Female,3,1,36,2,0,0,2,0,0,99298,101972,115335,112016,112906,120101,5220,16608,0,4233,9200,21000,Yes
60000,Female,3,2,45,0,0,0,0,0,0,26350,23908,24215,17728,18087,17730,1413,1500,1173,532,597,469,No
360000,Female,1,2,38,0,0,0,2,0,0,254900,259974,268459,271691,277226,283210,9300,14200,9200,10000,10403,11900,No
310000,Female,2,1,38,0,0,0,0,0,0,302623,310142,308006,239008,245493,250797,12000,12000,8500,10000,9000,8500,No
280000,Female,2,2,37,-1,-1,-1,-1,-1,-1,12693,13214,13466,12619,13985,12603,13214,13466,12619,13985,12603,16921,No
30000,Female,3,2,38,2,2,2,2,2,-1,11403,8151,8892,8563,-510,390,0,2500,0,0,1290,930,No
180000,Female,2,1,36,-1,-1,-1,-2,-2,-2,1252,23,-820,-1140,0,0,23,3,0,2000,0,150,No
330000,Female,2,2,36,0,0,0,0,0,0,257156,257576,256014,245244,239441,242025,10037,10109,10053,10014,9001,9001,No
400000,Female,3,1,46,-1,-1,2,0,0,-1,260,58257,42948,25962,15316,6813,60064,42,1202,9,6813,4682,Yes
90000,Female,2,1,36,0,0,2,0,0,0,86155,92406,90049,86984,67076,66533,8600,0,4100,5000,5000,5000,No
200000,Female,1,2,36,-2,-2,-2,-2,-2,-2,0,0,0,0,0,0,0,0,0,0,0,0,Yes
280000,Female,3,2,38,-1,-1,-1,-1,0,0,6491,-1277,8413,19825,22085,12316,4041,16830,19862,12098,19,7428,No
350000,Female,1,1,37,-2,-2,-2,-2,-2,-2,1140,0,4100,0,0,0,0,4100,0,0,0,0,No
50000,Female,2,1,42,0,0,0,0,0,0,47867,40937,28868,44751,27557,29125,2083,1840,31000,977,2003,1214,No
50000,Female,2,2,44,-1,-1,-1,-1,0,0,390,390,390,18015,17150,17102,390,390,18015,400,342,3334,No
120000,Female,2,1,41,-1,-1,-1,-1,0,0,4591,0,28466,21455,15685,6737,0,28466,21455,0,0,200,No
80000,Female,2,2,38,0,0,0,0,0,0,17816,18095,17374,14298,12259,10498,3000,2000,1000,2000,2000,2000,No
90000,Female,2,3,36,0,0,0,0,0,0,91552,88751,54704,37660,32074,18372,55000,5023,5030,11000,9765,10000,No
50000,Female,2,3,44,0,0,0,0,0,0,42941,44002,43378,28048,28477,29056,1800,2122,1600,1000,1000,1000,No
200000,Female,3,1,31,0,0,0,0,0,0,202139,202431,201911,201971,201351,201933,7000,7000,7000,7000,7000,7000,No
420000,Female,2,1,31,0,0,0,0,0,0,147344,116483,90368,85616,81461,77925,4153,4031,3040,3026,3017,3079,No
270000,Female,2,1,31,-1,-1,0,0,0,0,6894,14246,43615,33336,36045,28725,14305,43000,1740,16045,2000,5000,No
50000,Female,3,1,49,0,0,0,0,0,0,46970,36260,29311,27932,28274,27605,3005,2000,2000,2000,1000,2000,No
30000,Female,1,1,41,0,0,0,0,0,0,26300,27308,28425,29233,21575,22029,1450,1560,1350,1000,801,1000,No
170000,Female,2,1,36,2,2,2,2,2,2,15570,15031,16784,17711,17131,18197,0,2500,1500,0,1500,1000,No
170000,Female,2,1,42,0,0,0,0,-2,-2,52262,36518,20533,-919,-919,-919,1985,1000,16000,16000,16000,24288,No
150000,Female,6,2,40,0,0,0,0,0,-2,157548,164305,156201,149975,0,0,160812,3173,3749,0,0,0,Yes
20000,Female,2,2,38,1,4,3,2,0,0,21769,21139,20521,19817,14932,10812,0,0,0,448,380,345,No
120000,Female,2,1,40,0,0,0,0,0,0,105124,109399,109397,36850,37739,38381,6020,3900,1700,1500,1400,1400,No
50000,Female,2,1,41,2,2,2,2,2,0,17028,20543,21919,20828,20272,18816,3828,2000,600,0,637,700,Yes
40000,Female,2,1,36,2,2,2,2,0,0,7129,8850,9733,9375,6003,2435,3147,1172,0,500,1015,1000,Yes
30000,Female,2,1,44,0,0,0,0,0,0,28467,29792,29739,24950,25248,25109,1814,1459,1373,871,890,1375,Yes
70000,Female,3,1,48,1,2,0,0,0,0,9518,9217,10557,11576,12383,13180,0,1500,1200,1000,1000,500,Yes
20000,Female,3,1,49,0,0,0,0,0,0,17543,17888,18577,18111,19114,17038,2100,1700,3500,2000,1000,1000,Yes
140000,Female,3,1,45,-1,-1,-1,-1,-1,-1,1352,381,2281,437,1320,300,381,2290,437,1320,300,0,No
200000,Female,2,1,39,3,2,2,2,2,0,117868,114483,118855,125357,121853,124731,0,6216,10000,0,5000,4552,Yes
90000,Female,3,1,42,0,0,0,0,0,0,34672,35270,36150,36528,37128,37348,1562,1832,1600,1000,1000,0,No
30000,Female,3,2,44,1,2,2,-2,-2,-2,3213,3000,0,0,0,0,0,0,0,0,0,0,No
260000,Female,2,1,41,-2,-2,-2,-2,-2,-2,8154,1365,717,717,2325,1117,1365,717,717,2325,1117,891,No
100000,Female,2,1,36,1,-2,-1,0,0,0,0,0,19928,23255,23968,24531,0,19928,4000,1100,1100,1400,No
150000,Female,5,2,36,1,-2,-2,-2,-1,-1,0,0,0,0,1966,500,0,0,0,1966,500,754,No
50000,Female,3,2,44,2,0,0,2,2,2,23268,24377,27164,26429,28291,27702,1500,3500,0,2300,0,1500,Yes
200000,Female,2,1,31,-1,2,-1,2,2,-1,2480,150,206,56,56,440,0,206,0,0,880,440,No
480000,Female,1,2,34,-1,-1,-1,0,-1,-1,19810,3478,7782,4720,4440,96628,3495,8037,4523,4462,96665,6865,No
150000,Female,4,1,36,-2,-2,-2,-2,-2,-2,7160,5253,0,0,0,0,5279,0,0,0,0,0,No
80000,Female,1,1,38,-1,-1,-1,-1,-1,-1,2226,6259,1393,1627,5189,10747,6259,1393,1627,5189,10747,4412,No
200000,Female,3,1,46,-1,-1,-1,-1,-1,-1,14617,1261,8187,1261,1261,1261,1261,8187,1261,1261,1261,1261,No
20000,Female,2,1,43,0,0,0,0,0,0,11511,12521,13851,14558,14847,15157,1205,1535,1242,531,549,552,No
480000,Female,3,1,41,0,0,0,0,0,0,44018,74152,107675,110289,100520,37080,35176,45000,12022,14000,14000,10000,No
200000,Female,2,2,35,0,0,0,-1,-1,-1,6512,4312,0,2412,1396,0,2000,0,2412,1396,0,396,No
20000,Female,3,1,45,-1,0,0,0,-1,-1,1649,2301,2840,0,1740,0,1071,1000,0,1740,0,0,No
300000,Female,1,2,30,-1,-1,-1,-1,0,0,515,200,208,2609,2040,1341,200,208,2610,0,0,0,No
230000,Female,2,1,34,1,-2,-2,-2,-2,-2,0,0,0,0,0,0,0,0,0,0,0,0,No
50000,Female,2,1,35,0,0,0,0,0,0,7378,7543,7754,7825,7132,7319,1121,1168,1075,218,1100,0,Yes
50000,Female,3,1,39,0,0,0,0,0,0,49575,48208,47619,19929,15693,13766,2067,3000,1171,2000,2000,2500,No
110000,Female,3,1,40,0,0,0,0,0,0,105055,105886,108819,79027,80709,82406,4058,4913,3000,3000,3000,3100,No
70000,Female,3,1,49,2,2,2,0,0,0,16127,20035,19416,17153,17866,19413,4500,0,2000,1000,2000,691,Yes
50000,Female,3,3,46,-2,-1,0,0,0,0,-1494,2590,3506,19792,19422,19830,7084,1000,19286,664,689,761,No
50000,Female,3,1,32,0,0,0,0,0,0,33231,34544,35976,15996,32714,16720,1868,2300,1239,600,600,600,Yes
440000,Female,2,1,46,0,0,0,0,0,0,177425,180641,181557,149944,113135,105280,7700,8610,6907,3727,3800,4001,No
150000,Female,2,2,38,-1,-1,-2,-2,-2,-2,1242,0,0,0,0,0,0,0,0,0,0,0,No
180000,Female,2,1,33,-1,-1,-1,-1,-1,-1,3490,0,1112,10383,1980,2672,0,1112,10383,1980,2672,2197,No
230000,Female,1,2,33,0,0,0,0,0,0,38646,40000,41354,42368,43161,45056,2000,2000,2000,1800,2600,2000,No
50000,Female,2,2,44,0,0,2,3,2,0,16094,18961,20857,20229,19623,19878,3155,2500,0,0,707,713,Yes
260000,Female,2,2,32,0,0,0,0,0,0,251330,256988,234260,227884,202178,198467,10000,9014,11002,7503,7502,7500,Yes
310000,Female,1,1,33,-2,-2,-2,-2,-2,-2,2729,0,0,0,0,343,0,0,0,0,343,410,Yes
60000,Female,2,1,37,2,2,2,2,2,2,42101,43594,44700,45465,46215,47125,2500,2100,1800,1800,1800,2000,Yes
120000,Female,2,2,40,-1,-1,-1,-1,-1,-1,32130,3610,3790,18508,20737,-28,3613,3818,18564,20988,0,0,No
400000,Female,2,1,41,0,0,0,0,0,0,10928,12730,14486,13419,14313,14524,2000,2002,2000,2000,3000,5000,No
60000,Female,2,1,40,0,0,0,0,0,0,31168,32649,34117,35243,36350,37113,2000,2000,2000,2000,1500,2000,No
160000,Female,2,1,40,0,0,0,2,0,0,137930,137695,146193,139323,140719,143638,6574,12121,0,5100,10251,5205,No
220000,Female,2,1,34,0,0,0,0,0,0,208009,212271,166288,168146,172345,177151,8200,8000,6108,7000,7743,7700,No
300000,Female,2,1,46,0,0,-1,0,-1,0,5287,5750,2977,4796,2367,7367,3000,3000,2500,2367,5000,3000,No
100000,Female,2,2,32,0,0,0,0,0,0,101556,98734,98858,98259,80849,81151,3481,6006,3246,2994,2903,2849,No
60000,Female,2,1,37,0,0,0,0,0,0,55233,54898,52890,49066,34105,32778,1940,2019,2236,1351,1326,1454,No
80000,Female,2,1,43,0,0,0,0,0,0,71100,72066,71751,72034,73261,74479,10000,9000,9000,9000,9000,9500,No
10000,Female,3,2,43,-1,-1,-1,0,0,-2,1593,1928,5797,7727,4196,0,2006,5805,4013,4217,4,12700,No
30000,Female,3,3,40,-1,-1,-1,-1,-1,-1,29896,11158,18245,9714,28103,9207,11158,18245,9714,28112,9207,14379,No
500000,Female,1,1,36,-2,-2,-2,-2,-2,-2,9241,10786,12376,12660,8000,20514,10786,12390,12692,8016,20514,16625,No
40000,Female,3,1,40,1,-1,2,2,2,-2,-531,2661,3871,1488,0,0,3383,2000,0,0,0,431,Yes
300000,Female,2,2,35,0,0,-1,-1,0,-1,48926,22580,300,5107,5107,3028,1006,350,5107,0,3028,60,No
20000,Female,2,1,34,2,2,2,2,2,2,13552,16513,17549,18907,19114,19186,3188,1600,3570,801,901,1,No
280000,Female,1,2,37,-1,2,-1,-1,-1,-1,2560,2343,4689,2289,1700,803,0,4689,2300,1725,803,129,Yes
190000,Female,1,2,38,0,0,0,0,0,0,39468,33983,35042,35699,36410,38067,2151,1910,1558,1269,2209,123347,No
500000,Female,2,1,33,-1,-1,-1,-1,-1,-1,9511,1468,3766,580,8120,1821,1468,3766,580,8120,1821,979,No
250000,Female,4,1,43,-2,-2,-2,-2,-2,-2,-6,1298,826,2044,-16,-16,1304,830,2054,0,0,0,No
20000,Female,3,2,35,-2,-2,-2,-2,-2,-2,0,1492,0,0,0,0,1492,0,0,0,0,0,No
210000,Female,1,1,40,1,2,2,2,0,0,66635,56729,73783,58144,27617,14695,0,20012,24,33,0,223,No
220000,Female,5,2,46,0,0,0,0,0,0,104603,107850,112108,113520,101164,88354,5000,6000,5000,3649,3580,4000,No
30000,Female,3,1,49,0,0,0,0,0,0,28806,13406,14485,15936,16370,17105,1600,1600,2000,1000,1000,1000,No
340000,Female,2,1,45,0,0,0,0,-1,-1,284099,286067,290374,5329,5029,7079,11000,10005,5336,5036,38592,4448,No
180000,Female,1,1,36,0,0,0,0,0,0,4911,6688,8432,9977,10030,10836,2000,2000,2000,500,1100,0,No
40000,Female,1,1,40,-1,-1,-1,-1,-1,0,776,776,776,776,1552,776,776,776,776,1552,0,1459,Yes
130000,Female,2,1,48,2,2,2,2,2,2,105500,107761,109965,110797,107529,114104,5500,5400,4100,0,8500,0,Yes
50000,Female,2,1,41,0,0,0,0,0,0,47406,48332,44295,43638,18788,15468,2200,2100,2228,1000,500,1150,Yes
300000,Female,1,1,31,-1,-1,-1,2,-1,-1,17641,2749,27838,4184,856,6781,2765,28773,0,856,6781,8462,No
140000,Female,2,2,33,0,0,0,0,0,0,62063,56426,41717,42823,25224,26855,22400,2000,2000,900,2000,10000,No
260000,Female,2,1,46,0,0,0,2,2,2,16170,18256,19556,18136,24018,21490,3000,2934,0,8000,0,2000,No
100000,Female,2,1,45,0,0,0,0,0,0,90483,91893,91531,82398,73011,73711,3315,3664,3157,2572,3048,2680,No
130000,Female,2,2,40,2,0,0,2,0,0,8539,9559,12394,11883,9826,10167,1165,3000,0,500,500,2700,Yes
200000,Female,2,2,47,1,-2,-2,-2,-2,-1,0,0,0,0,0,665,0,0,0,0,665,0,Yes
200000,Female,1,1,48,-1,-1,-1,-1,-1,-1,657,0,2080,3567,0,1731,0,2080,3567,0,1731,1081,Yes
360000,Female,2,1,33,-2,-2,-2,-2,-2,-2,0,0,3240,1943,0,0,0,3240,1943,0,0,0,Yes
420000,Female,1,2,34,-1,-1,-1,0,0,-1,26232,8955,33661,12957,10221,40060,8967,33661,3005,3000,40060,5000,No
120000,Female,1,1,34,-2,-2,-2,-2,-2,-2,3755,0,0,0,0,0,0,0,0,0,0,0,Yes
80000,Female,3,1,35,0,0,0,0,0,0,54986,55111,55239,54892,45862,45086,1966,2055,1720,1458,1475,1587,No
180000,Female,1,1,38,1,-2,-2,-2,-2,-2,0,0,0,0,0,0,0,0,0,0,0,0,No
20000,Female,2,1,32,0,0,2,0,0,2,15547,18186,17606,18708,20093,20721,2900,0,1400,1700,1100,600,Yes
180000,Female,4,1,32,0,0,0,0,0,0,136055,136095,136201,136857,130839,131059,6400,6400,7000,5000,5000,5000,No
230000,Female,2,1,34,-2,-1,-1,-1,-1,-1,3256,1401,1624,4180,2665,3915,1401,1635,4180,2667,3915,2091,No
80000,Female,2,1,43,0,0,0,0,-2,-2,78374,80472,82150,0,0,0,4000,4000,0,0,0,0,No
90000,Female,2,1,42,-1,-1,-1,-1,-1,-1,1367,2086,2987,5850,2720,4541,2086,2987,5856,2720,4541,11387,No
160000,Female,1,2,36,1,-2,-2,-2,-2,-1,0,0,0,0,0,300,0,0,0,0,300,0,Yes
180000,Female,2,2,47,-1,-1,-1,-1,-1,-1,4164,701,411,955,416,2408,701,411,960,416,2408,1609,No
160000,Female,2,2,30,0,0,-1,0,0,0,13680,6729,119200,115893,113309,110073,2019,120377,3612,3100,3200,2558,No
230000,Female,1,2,30,0,0,0,0,0,0,246101,261430,237267,212105,186149,159683,38172,9000,7800,6650,5496,5145,No
360000,Female,1,2,31,-2,-2,-2,-2,-2,-2,3429,33535,2441,5681,65816,17577,33702,2453,5710,66145,17589,8050,No
500000,Male,1,2,31,-2,-2,-2,-2,-2,-2,26760,747,2652,-11,-213,-213,750,2676,1,0,0,0,No
120000,Male,2,2,30,2,2,2,2,2,2,69443,70896,72381,70629,74827,76470,3200,3200,0,6000,3000,3000,No
280000,Male,1,2,31,-2,-2,-2,-2,-2,-2,0,0,0,787,1233,0,0,0,787,1233,0,0,Yes
200000,Male,2,1,32,1,2,0,0,0,0,134625,98699,74015,54472,50540,46486,341,8024,5000,8000,1821,5000,No
180000,Male,1,2,31,0,0,0,0,0,0,89903,66236,59932,52382,40661,32385,3073,3010,2010,1200,1000,1000,No
240000,Female,1,1,34,0,-1,-1,-1,-1,-1,1670,1479,1479,1479,1479,1240,1479,1479,1479,1479,1240,1655,Yes
500000,Female,1,1,44,0,0,0,0,0,0,322849,331476,339278,85500,87192,92581,14000,15000,4000,4000,6784,0,No
180000,Female,2,1,48,-1,-1,-1,-1,-2,-2,4498,-2,760,0,0,245,0,762,0,0,245,884,No
330000,Female,2,1,43,0,0,0,0,0,0,15018,17365,19114,14093,16005,4935,3000,2500,3000,3000,170,2000,No
420000,Female,1,2,37,0,0,0,0,0,0,433837,426169,411637,340947,267641,214445,15500,17000,13541,10008,7705,7246,No
220000,Female,2,1,33,0,0,0,0,0,0,41352,43757,46012,47543,48489,49506,3100,3269,2800,1736,1799,1964,No
170000,Female,2,2,34,-1,-1,-2,-2,-2,-2,2435,0,0,0,0,0,0,0,0,0,0,0,No
140000,Female,1,1,48,-1,-1,-1,-1,-1,-1,907,19830,11639,14362,0,46514,19891,11639,14362,0,46514,2400,No
200000,Female,3,2,31,0,0,0,0,0,0,187864,191756,194283,191693,188261,155159,8500,7500,7000,5000,7000,2000,No
230000,Female,2,1,32,0,0,0,0,0,0,55623,59913,60991,37289,37368,37357,5855,3000,1848,1457,4443,0,No
240000,Female,1,2,37,-2,-2,-2,-2,-2,-2,660,31187,1280,7623,0,11353,31187,1280,7643,0,11353,2576,No
210000,Female,2,1,49,-2,-2,-1,-1,-1,-1,21639,8455,18062,3019,5587,28210,8455,18145,3019,5587,28210,2706,No
180000,Female,3,1,39,1,-2,-2,-1,3,2,0,0,0,300,300,150,0,0,300,0,0,645,No
60000,Female,2,2,31,0,0,0,0,0,2,59426,59643,61279,61017,30117,29526,2800,3200,2535,2331,0,1073,No
290000,Female,1,1,34,0,0,0,0,0,0,276365,199540,191188,145089,137942,116689,9263,9041,7027,10088,8027,10025,No
80000,Female,3,3,48,0,0,0,0,0,0,36320,29106,15290,4456,33661,34275,2030,2000,2000,30000,12000,0,No
180000,Female,1,1,46,0,0,0,0,0,0,182283,167160,173685,179213,182271,156029,15000,11080,10000,10000,7000,10000,No
350000,Female,3,1,33,-1,0,-1,-1,-1,-1,61937,65343,1355,7069,0,180,5343,1359,14615,0,180,1340,No
160000,Female,2,0,41,0,0,0,0,-2,-1,8554,1375,2310,0,0,351,1000,1000,0,0,351,0,Yes
210000,Female,3,2,36,0,0,0,0,0,0,57605,58727,59854,61330,62394,63912,3000,3000,2804,3000,3000,2468,No
160000,Female,1,1,35,1,-2,-2,-2,-1,-1,0,0,0,0,1240,0,0,0,0,1240,0,0,No
350000,Female,1,1,40,-2,-2,-2,-2,-2,-2,3286,-114,20482,0,0,0,0,20596,0,0,0,0,No
130000,Female,2,1,41,0,0,0,0,0,0,104898,103920,102270,96440,85065,85105,4714,4553,4203,3000,3100,3500,No
240000,Female,2,1,49,-2,-1,2,-1,-1,-1,0,2353,2135,3305,0,5370,2421,0,3305,0,5370,4605,No
330000,Female,3,1,40,0,0,0,0,0,0,81084,82838,84470,80923,82580,84330,3100,3026,3000,3000,3078,3238,No
500000,Female,2,1,45,1,-1,-1,-1,-2,-2,0,1376,3719,-200,-200,-200,1376,3723,1319,0,0,0,Yes
170000,Female,3,1,41,-1,-1,-1,-1,-1,-1,1000,0,978,1009,1101,0,0,978,1009,1101,0,912,No
240000,Female,4,1,43,-2,-2,-2,-2,-2,-2,4522,1868,7182,6398,2498,3466,1868,7208,6450,2498,3466,2156,No
180000,Female,6,2,47,0,0,0,0,0,0,167915,163279,166994,150812,123957,55778,6028,7758,5188,4570,1876,1701,Yes
260000,Female,2,2,36,-1,-1,-1,-1,-1,-1,17631,13184,1700,5190,8455,1462,13184,1700,5190,8455,1462,3641,No
130000,Female,2,1,43,-1,-1,-1,-1,-1,-1,2292,6776,2811,3589,11151,1543,6776,2811,3589,11351,1543,1109,No
30000,Female,2,2,38,-1,0,-1,-1,-1,-2,497,1169,220,1705,0,0,1001,220,1705,0,0,0,No
440000,Female,2,2,42,1,-2,-2,-1,-1,-1,0,0,0,17297,0,13497,0,0,17297,0,13497,0,No
260000,Female,2,1,43,-1,-1,-1,-2,-1,-1,684,1726,0,0,5055,5996,1742,0,0,5055,5996,5648,No
30000,Female,1,1,38,2,0,0,0,0,0,25080,26460,27042,27617,28546,13487,1800,2000,1400,1300,700,1000,No
390000,Female,2,1,37,0,0,0,0,0,0,200927,200612,202794,191419,81360,66864,17843,8315,6839,3000,2348,2401,No
260000,Female,2,1,45,0,0,0,0,0,0,113872,118281,119564,68707,39517,33842,6302,5300,2600,2500,5000,15000,No
200000,Female,3,1,30,2,2,2,2,2,2,140327,143137,145374,147273,149244,151973,6600,6000,5860,6000,5000,0,No
150000,Female,2,1,32,0,0,0,-2,-2,-2,21274,22704,0,0,0,0,11540,0,0,0,0,0,No
460000,Female,1,2,32,-2,-2,-2,-2,-2,-2,13377,12776,8364,20465,13714,38090,12840,8403,20552,13778,38266,25005,No
180000,Female,3,1,33,-1,-1,-1,-1,-1,-1,478,478,2272,3970,330,0,478,2272,3970,420,0,0,No
70000,Female,1,2,37,0,0,0,0,0,0,64860,64533,48493,48824,19000,39000,2200,3000,1400,500,20000,0,No
250000,Female,2,1,40,-2,-2,-2,-2,-2,-2,1385,4843,2942,1054,1708,3014,4843,2942,1057,1708,3014,3037,No
170000,Female,2,1,39,0,0,0,0,0,0,22870,20653,21577,20334,19161,18613,2000,1685,1231,608,650,547,No
160000,Female,2,2,34,-1,-1,-1,-1,-1,0,149,1100,240,236,4022,4245,1100,240,236,4026,1000,1000,No
80000,Female,1,2,36,2,0,0,2,0,0,12639,13419,18171,17582,19281,19968,1300,5000,0,2000,1000,10000,Yes
400000,Female,3,2,49,1,-1,-1,-1,-1,-1,0,877,33508,9506,8967,4326,877,33508,9506,8967,4326,5420,No
20000,Female,2,1,43,4,4,3,2,2,2,28447,27721,27009,27170,26295,34171,0,0,924,0,9648,2000,Yes
130000,Female,2,2,44,0,0,0,0,0,0,128854,111896,116183,115034,88163,87388,4000,6097,4085,3007,3028,3000,No
60000,Female,1,1,36,0,0,0,2,2,2,4373,5428,9754,7795,8258,8370,1131,4457,37,500,300,0,No
90000,Female,3,1,41,0,0,0,0,0,0,87240,88519,84573,78617,64344,63417,10000,3519,5014,2679,4600,1000,No
200000,Female,2,1,35,0,0,0,0,0,0,29327,30536,31740,32909,34058,35056,2000,2000,2000,2000,1700,1600,No
180000,Female,1,1,37,2,-1,-1,-1,-1,0,326,326,326,480,1011,2685,326,326,480,1011,2000,3000,Yes
20000,Female,2,1,42,1,3,2,0,0,0,21001,20372,19376,20295,19505,19964,0,0,1400,390,459,241,No
350000,Female,3,1,38,-2,-2,-2,-2,-2,-2,1316,3033,2168,7951,4986,3641,3061,2181,8071,5002,3654,5820,No
200000,Female,5,1,41,1,-2,-1,-1,-2,-1,0,0,650,0,0,89,0,650,0,0,89,0,No
400000,Female,3,2,34,-2,-2,-2,-2,-2,-2,10150,5869,5750,132866,21780,41050,5869,5750,132872,21780,20525,74984,No
230000,Female,1,1,38,1,-1,-1,-1,-2,-2,828,1533,7234,824,4690,1408,1547,7247,828,4713,1415,1820,No
50000,Female,2,1,38,0,0,0,0,0,0,25184,26261,27334,28374,28804,29488,1800,1800,1800,1200,1300,1300,No
300000,Female,2,2,47,0,0,0,0,0,0,225542,212958,195533,98158,66438,68863,7055,5536,5052,1794,5000,2000,No
230000,Female,3,1,45,0,0,0,0,0,0,15160,14513,15221,16501,10283,9086,1500,3000,3000,1000,1000,2140,No
50000,Female,3,1,44,0,0,0,0,0,0,47569,48768,49234,21067,15007,31043,1986,1452,1200,300,27000,1412,No
150000,Female,1,2,34,-1,0,0,0,0,0,7249,4090,36897,35755,16251,7392,1070,35755,2000,0,2000,2931,No
260000,Female,1,2,33,-2,-2,-2,-2,-2,-2,2537,2587,3727,1885,2013,3001,2606,3749,1900,2025,3019,2680,No
320000,Female,2,1,33,-1,-1,-1,-1,-1,-1,3077,1651,1060,4070,2695,7544,1661,1060,4070,2700,7544,3563,Yes
100000,Female,2,1,49,0,0,0,0,0,0,55084,49358,89406,77924,78683,77357,2500,43075,2750,2750,2800,2853,No
500000,Female,2,1,38,0,0,0,0,0,0,80460,79689,74664,70270,66053,63924,3527,3030,3028,2513,2100,2524,No
450000,Female,2,1,34,0,0,0,0,0,0,372188,383052,74835,87584,95161,103398,20000,3703,15000,10000,10000,25000,No
30000,Female,3,1,42,0,0,0,0,0,0,75112,24530,13375,2592,30094,29147,1371,1210,1000,30000,1046,1390,Yes
60000,Female,2,1,47,2,2,2,2,0,0,26782,29104,30027,28928,29346,29717,3400,2000,0,1500,1300,3500,Yes
180000,Female,2,1,43,-1,-1,-1,-1,-1,-1,316,316,316,396,396,3306,316,316,396,396,3306,3306,No
250000,Female,1,2,37,0,0,0,0,0,0,116861,97569,90937,87445,84268,80762,3424,3317,3023,2937,2931,3022,No
30000,Female,2,2,34,0,0,0,0,0,0,23336,24642,25382,26351,25165,25536,1700,1440,1409,1048,927,932,No
360000,Female,2,1,34,-1,0,0,-1,-1,-2,4874,9561,5866,1297,0,0,5000,1166,1297,0,0,0,No
360000,Female,3,1,43,-2,-2,-2,-2,-2,-2,4435,799,1071,15584,3195,4261,805,1071,15604,3195,4269,3525,No
150000,Female,1,1,36,-2,-2,-2,-2,-2,-2,32440,13447,17877,25172,4694,6292,13447,17914,25349,4694,6324,14433,No
400000,Female,2,1,39,-1,2,-1,-1,-1,-1,58126,10446,5299,8841,18612,6115,31,5316,8858,18769,6115,11000,No
350000,Female,1,2,44,2,3,2,2,2,2,309250,314607,322032,327193,333278,340791,12000,14000,12000,13000,13000,13000,Yes
80000,Female,3,1,45,-2,-2,-2,-2,-2,-2,3473,3329,2939,3627,3868,2193,3329,2939,3627,3991,2299,3031,No
140000,Female,3,1,37,-1,-1,-1,-1,-1,-1,1208,4411,3957,5241,3943,3933,4411,3957,5241,3943,3933,0,No
150000,Female,3,2,48,0,0,0,0,0,0,175095,175522,173918,174074,178671,178869,10011,6200,5874,10000,6054,7108,No
480000,Female,3,1,40,-2,-2,-2,-2,-2,-2,5664,12781,7169,6749,2436,14155,12871,7169,6749,2436,14155,9286,No
200000,Female,3,1,41,-2,-2,-2,-2,-2,-2,0,0,0,0,0,0,0,0,0,0,0,504,No
180000,Female,1,2,29,-1,-1,-1,-1,-1,-2,9862,2896,2458,305,0,0,2903,2458,305,0,0,0,No
260000,Female,1,2,30,-2,-2,-2,-2,-2,-2,0,3459,0,0,200,0,3459,0,0,200,0,950,No
450000,Female,1,1,33,1,-1,2,0,0,-1,621,11368,2370,2823,2243,4322,11420,0,2243,0,4322,0,No
140000,Female,3,1,33,0,0,0,0,0,0,136302,127178,78950,80457,41150,-10193,6000,5000,4000,2000,0,71000,No
220000,Female,3,1,43,0,0,0,0,0,0,242526,228858,218878,193596,167149,157817,8100,8100,7000,5900,5600,5000,Yes
100000,Female,3,1,39,-1,-1,0,-1,-1,-1,380,1357,1977,380,380,1253,1357,1000,380,380,1253,2434,No
160000,Female,2,1,41,-2,-2,-2,-2,-2,-2,550,550,550,550,550,550,550,550,550,550,550,550,No
140000,Female,2,1,36,0,0,0,0,0,0,74500,64615,59862,42040,32591,21090,3508,10027,5008,5013,5008,2004,No
200000,Female,2,2,39,-1,-1,-2,-2,-2,-1,1017,0,0,0,0,11700,0,0,0,0,11700,121513,No
460000,Female,1,2,30,-2,-2,-2,-2,-2,-2,0,0,0,0,630,0,0,0,0,630,0,0,No
50000,Female,3,2,31,0,0,0,0,0,-1,41124,38634,75580,17014,-1963,7671,1750,3016,1000,0,10400,5000,No
100000,Female,1,1,31,-1,-1,0,-1,-1,-1,6033,19922,40000,1133,22579,2834,19922,21000,1133,22579,2834,0,No
150000,Female,2,2,31,0,0,0,0,0,0,138363,138979,37713,35592,35808,36730,6000,2000,2000,1300,1500,1500,No
460000,Female,1,1,32,0,0,-1,-1,-1,-1,5085,3883,5115,5714,1530,1868,3282,6000,5714,1530,1868,9250,No
360000,Female,2,2,32,-2,-2,-2,-2,-2,-2,171,1058,3494,6339,2131,535,1058,3494,6339,2131,535,82000,No
470000,Female,1,1,42,0,0,0,0,0,-1,10360,7450,5719,1730,-7,24672,2474,1751,1012,0,24679,2600,No
320000,Female,3,1,44,1,-1,2,2,-1,-1,-1,507,507,-900,3750,3216,508,0,0,5330,3216,2041,No
360000,Female,2,2,47,-2,-2,-2,-2,-2,-2,3899,6571,7486,24472,5935,4999,7148,8063,25217,6487,5000,0,No
60000,Female,2,1,36,-1,-1,-1,-1,-1,-1,2079,6964,1013,5254,2932,2248,6964,1013,5254,2932,2248,3000,No
310000,Female,1,1,39,-2,-2,-2,-2,-2,-2,4934,1275,1572,240,-1226,-2074,1275,1572,240,970,0,6585,No
450000,Female,2,1,43,-2,-2,-2,-2,-2,-2,7361,8670,6982,15945,7841,7676,8692,7010,15998,7871,7696,6957,No
210000,Female,2,1,30,-1,2,-1,-1,-1,-1,857,1030,380,705,705,705,725,380,705,705,705,705,No
180000,Female,1,2,33,-1,-1,-1,-1,-1,-1,2196,1634,1586,1758,480,1918,1640,1586,1758,480,1918,2799,Yes
360000,Female,2,2,38,-1,-1,-2,-2,-2,-2,1659,0,0,0,0,0,0,0,0,0,0,0,No
50000,Female,1,1,33,2,2,2,2,2,2,40669,43102,44313,45286,44256,47549,3424,2200,2000,0,4000,2300,Yes
340000,Female,2,2,34,0,0,0,0,-1,-1,16462,12927,10814,7880,2338,0,1310,3011,5000,2338,0,0,No
140000,Female,3,1,38,2,2,2,0,0,2,119715,122283,118913,120435,139795,142950,6000,0,5000,21500,5500,0,No
120000,Female,1,2,32,0,0,0,0,2,0,32051,39861,42957,43876,27231,249,10000,5000,3132,0,0,115660,No
180000,Female,2,1,32,1,-2,-2,-2,-2,-2,0,0,0,0,0,0,0,0,0,0,0,800,Yes
340000,Female,1,1,34,0,0,0,0,0,0,254219,252984,252180,250359,203580,192415,9500,9780,9425,7500,6800,7200,No
200000,Female,2,1,35,0,0,0,0,0,0,136264,138994,142744,146363,149920,153107,5000,6000,6000,6000,6000,6000,No
500000,Female,2,1,35,0,0,0,0,0,0,286595,292813,302966,300000,400000,0,11000,14846,6000,100000,0,279260,No
150000,Female,2,1,31,-2,-2,-2,-2,-1,0,416,416,416,416,37911,38299,416,416,416,37911,1400,1400,No
20000,Female,1,2,46,1,2,2,2,0,0,14231,14893,16160,15603,15943,16286,1200,1800,0,600,600,751,Yes
500000,Female,2,1,41,0,0,0,0,0,0,275956,277193,284198,285419,261073,233343,15000,13000,10000,10000,10000,10000,No
500000,Female,2,2,34,-1,-1,-1,0,0,-1,2730,3926,17501,17194,9030,2180,5606,17501,2194,1030,2180,2012,No
240000,Female,2,2,31,0,0,0,0,2,2,173628,177556,179549,225556,219642,232652,8000,7000,50000,0,16302,0,No
80000,Female,2,2,34,0,0,0,-1,-1,-1,7437,8906,7718,1388,0,6951,4000,1000,1388,0,6951,1980,No
230000,Female,2,2,31,-2,-2,-2,-2,-2,-2,-18,3919,6164,3612,7756,4906,3937,6164,3612,7761,4906,3632,No
300000,Female,3,1,36,-2,-2,-2,-2,-2,-2,4035,0,0,0,379,0,0,0,0,379,0,0,No
140000,Female,2,1,36,-1,-1,-1,-1,0,-1,165,341,165,1031,487,863,341,165,1031,0,863,487,Yes
300000,Female,1,2,33,-1,-1,-1,-2,-2,-2,3854,142,0,0,0,0,142,0,0,0,0,0,No
360000,Female,3,2,34,-2,-2,-2,-2,-2,-2,0,0,0,0,0,0,0,0,0,0,0,0,Yes
320000,Female,3,1,35,0,0,0,0,0,0,157249,148123,142852,133583,129049,128325,6000,6048,6000,5000,5000,5000,Yes
380000,Female,2,1,30,0,0,0,0,0,-1,384846,359926,349753,296465,193342,311009,13291,15287,8532,4334,317077,11892,No
170000,Female,3,1,30,0,0,0,0,0,0,136639,138223,140964,138064,131845,128827,7200,7405,6022,4606,5006,4809,No
60000,Female,3,2,44,-1,-1,-2,-2,-2,-2,2802,0,0,0,0,0,0,0,0,0,0,0,No
240000,Female,2,1,36,0,0,0,0,0,0,214122,217850,212593,180867,173780,168880,19000,10000,7000,10000,8000,10000,No
500000,Female,3,2,44,-2,-2,-2,-2,-2,-2,0,1275,0,0,1300,0,1275,0,0,1300,0,0,No
230000,Female,2,1,45,-1,-1,-1,-1,-1,0,12047,17091,8743,31886,14893,8343,17094,8786,32467,14893,0,8968,No
290000,Female,5,2,35,0,0,0,0,0,0,33278,33694,32453,27981,14096,10240,1600,1700,2015,2000,1000,1000,No
100000,Female,2,2,35,0,0,0,0,0,0,98118,99577,95736,98679,67007,67485,3500,4000,5700,2507,2500,3000,No
270000,Female,2,2,36,-2,-2,-2,-1,-1,-1,-33,-33,24646,1585,15376,497,0,24679,4893,15376,497,5373,No
280000,Female,2,2,35,0,0,0,0,0,0,259637,259593,261595,267359,236734,231064,10028,12500,13106,231064,15004,8004,No
100000,Female,2,1,38,3,2,2,3,3,3,750,750,750,750,750,750,0,0,0,0,0,1500,No
100000,Female,1,2,32,-1,-1,2,-1,-1,-1,1876,9814,6690,1196,416,620,9814,443,1196,2080,620,928,No
280000,Female,4,1,44,-2,-2,-2,-2,-2,-2,5374,12360,20721,0,0,17131,12360,20721,0,0,17131,2681,Yes
150000,Female,5,1,38,-2,-2,-2,-2,-2,-2,0,0,1597,-3,1764,718,0,1597,0,1767,718,0,No
70000,Female,2,1,40,-1,-1,2,-1,-1,-1,390,780,390,390,780,0,780,0,390,780,0,0,No
180000,Female,1,2,32,-1,-1,-1,-1,0,-1,1160,2884,1165,4685,1165,3472,2889,1165,4685,0,3472,799,No
190000,Female,1,2,33,0,0,0,0,0,0,153962,161376,162437,117364,100765,112095,10000,6000,30000,5000,13000,34000,No
500000,Female,2,1,38,0,0,0,0,0,0,15050,20852,26741,27854,30961,54017,7000,7000,2000,5000,25002,3000,No
190000,Female,3,1,47,1,2,0,0,0,0,194487,189894,185512,169728,143260,136901,92,7791,4000,2865,40000,0,No
210000,Female,1,2,32,-2,-2,-2,-2,-2,-2,524,4581,248,1448,398,150,4581,300,1448,398,150,2043,No
60000,Female,1,1,38,-1,-1,-1,-1,-1,-1,6842,15772,23011,9941,12688,8719,15772,23011,9941,12688,8958,6484,No
200000,Female,3,1,34,0,0,0,0,0,0,198482,182115,154994,153386,144067,110946,5014,4699,7543,3970,3146,6941,No
260000,Female,1,2,30,0,0,0,0,0,0,235961,222409,215056,212791,177159,143920,7988,7979,6807,5247,5240,5000,No
140000,Female,1,2,30,-1,0,0,0,0,0,13626,21399,27923,32330,33374,38588,8399,6923,5330,2074,5588,20290,No
190000,Female,2,1,33,-2,-2,-2,-2,-2,-1,-2650,-2650,-2650,-5036,-5036,93493,0,1941,0,0,98529,3188,Yes
310000,Female,2,2,37,0,0,0,-1,-1,-2,68430,72280,77097,7636,0,0,5000,7097,7636,0,0,2039,No
150000,Female,1,2,40,0,0,0,2,0,0,16986,18693,20885,21738,22080,23558,2000,2500,1500,1000,2000,2000,No
340000,Female,2,1,30,0,0,0,0,0,0,338624,338272,339191,325675,285417,284834,15000,15000,15000,15000,12000,12500,Yes
360000,Female,2,2,31,0,0,0,0,0,0,49011,62438,77461,79025,75556,63097,15000,20000,3500,2300,5000,5000,No
250000,Female,2,1,38,2,0,0,0,0,0,236546,232795,189111,189558,185565,189003,8007,7000,8200,7000,7000,8000,No
220000,Female,2,1,34,-1,-1,-1,-1,-1,-1,3410,1619,1756,1986,4772,1115,1623,1756,2075,4774,1115,7160,No
30000,Female,3,1,46,1,-2,-2,-1,0,0,0,0,0,14071,14350,14650,0,0,14071,514,532,543,No
210000,Female,3,1,41,-2,-2,-2,-2,-2,-2,16486,15725,18210,10784,41477,6879,15728,18213,10784,41477,6879,9498,No
350000,Female,1,1,32,-1,-1,-2,-2,-2,-2,30625,60003,7147,9950,22117,4874,60396,7147,9950,22117,4874,0,Yes
270000,Female,2,1,33,-1,-1,0,0,0,0,1481,3952,25237,44395,44741,45209,3952,22438,20000,1587,2000,4000,No
200000,Female,2,2,34,0,0,0,-1,-1,-1,205362,177755,3455,1078,1598,171700,5504,1526,1078,1598,173026,6000,No
70000,Female,2,2,40,2,0,0,0,0,0,64744,66030,67450,68587,57710,58918,2361,2482,2293,2063,2135,2188,Yes
220000,Female,3,1,45,-1,-1,2,-1,0,0,1196,8087,3606,4656,8960,13264,8087,13,4656,5000,5000,0,No
230000,Female,2,1,39,0,-1,0,0,-1,0,5650,3798,6701,10382,4842,5792,3798,3000,5000,4842,3000,3000,Yes
120000,Female,2,1,35,0,0,0,0,-2,-2,22148,21120,4746,0,0,0,1550,1000,0,0,0,0,No
360000,Female,2,1,30,0,0,0,-2,-2,-2,17602,5986,-29,-1671,87329,89608,1030,37,1642,89000,3000,3000,No
210000,Female,3,2,37,-1,-1,-1,-1,-1,-1,13438,9241,7924,13416,2228,4490,9315,7924,13421,2240,4490,10834,No
460000,Female,1,1,40,3,2,2,3,3,3,2650,2650,2650,2650,2650,2650,0,0,0,0,0,200,Yes
500000,Female,1,1,34,-2,-2,-2,-2,-2,-2,13000,13000,13000,13000,13000,13000,13000,13000,13000,13000,13000,13000,No
180000,Female,2,2,35,-2,-2,-2,-2,-2,-2,3010,1679,2027,1764,11383,330,1679,2027,1774,11383,330,300,No
220000,Female,2,1,26,0,0,0,0,0,0,68090,58218,47679,37788,23293,7288,4039,3021,1400,3000,2000,100000,No
600000,Female,2,2,30,0,0,0,0,0,0,501499,510470,520492,525749,480722,460068,19500,20462,19445,17348,16536,16845,No
180000,Female,2,2,36,-1,-1,-1,-1,-1,-2,360,2240,6071,1554,0,0,2240,6071,1554,0,0,0,Yes
360000,Female,2,1,39,-1,-1,-1,-1,-1,-1,26680,22312,19181,16155,5936,15330,22434,19286,16243,5966,15407,43019,No
620000,Female,1,2,38,-1,-1,-1,-2,-1,0,1966,35703,1241,-119,23969,5567,35703,1241,119,24088,0,0,No
60000,Female,3,1,44,-1,0,0,0,0,0,63236,64683,66510,58622,47317,48726,2500,3000,2292,1526,2000,2000,Yes
100000,Female,1,2,32,0,-1,0,0,0,0,11273,694,1694,2096,2143,1723,694,1000,1000,47,0,3354,No
200000,Female,1,2,31,-1,-1,-1,-1,0,0,7773,3426,2000,1000,3000,2000,3643,2000,1000,2000,0,1249,No
200000,Female,2,2,29,1,-2,-2,-2,-2,-2,0,0,0,0,0,0,0,0,0,0,0,246,Yes
10000,Female,2,1,43,0,0,0,0,0,0,4834,1803,2819,3828,3905,4023,1038,1054,1063,140,181,80,Yes
280000,Female,2,2,36,0,0,0,0,-2,-2,93982,105695,77704,0,0,0,15000,40000,0,0,0,336,No
450000,Female,2,1,46,-2,-2,-2,-2,-2,-2,30535,83371,17471,10342,51786,45747,84267,17566,10401,52045,45812,169,No
140000,Female,2,3,30,0,0,0,0,0,0,124288,123172,130095,122342,77536,80783,10000,18000,10000,10000,20000,15000,No
350000,Female,1,1,41,-2,-2,-2,-2,-2,-2,5037,14994,3101,17321,-22,4443,15069,3116,17414,0,4465,9434,No
50000,Female,3,1,44,0,0,0,0,0,0,47497,47122,46789,37465,27450,28025,2306,2400,2000,983,1018,1030,No
120000,Female,2,2,46,0,0,0,0,0,0,68168,69187,68466,42941,40718,41613,2650,2884,2018,1411,1504,1500,No
80000,Female,2,1,45,0,0,0,0,0,0,17613,19009,20361,18722,12514,8905,2000,2000,1009,0,2000,0,No
160000,Female,3,3,36,-1,-1,0,-1,-1,-1,9330,31745,22829,6000,6000,0,31745,1049,6000,6000,0,4345,No
90000,Female,3,1,46,-2,-2,-2,-2,-2,-2,316,10758,10613,316,316,316,10758,10613,316,316,316,316,No
190000,Female,2,1,39,0,0,0,0,-1,0,180201,181443,155045,95145,86025,87836,7000,7000,3100,92101,3200,4300,Yes
100000,Female,3,1,40,2,2,0,0,0,0,13278,12773,16179,17597,18499,20531,0,3950,2000,1500,2500,4800,Yes
210000,Female,2,2,35,0,0,0,0,0,0,147812,135624,125469,103409,75498,72020,5000,7000,5000,4000,2447,3000,No
160000,Female,2,2,33,2,2,3,2,0,0,161771,172632,168541,164310,162681,163005,15000,0,0,6100,12300,6100,No
240000,Female,3,1,35,0,0,0,0,0,0,238166,236686,186613,189470,119525,121178,8522,9100,8244,5000,5000,4011,Yes
20000,Female,1,2,36,-2,-2,-2,-2,-2,-2,223,0,0,0,0,0,0,0,0,0,0,0,No
220000,Female,2,1,36,2,2,2,2,0,0,192654,195725,197466,189149,187531,187856,8500,8200,0,7000,7000,7200,Yes
260000,Female,1,2,44,0,0,0,0,0,0,279670,286796,295631,299692,164332,183033,11778,15000,8526,20000,20000,20092,No
500000,Female,1,1,34,0,0,0,0,0,0,250263,247516,245012,243417,233968,209220,29000,29000,30000,30000,6110,6200,No
260000,Female,2,1,33,0,0,0,0,0,0,151123,134736,135593,120909,102524,40157,4002,6067,10000,3000,40157,1466,Yes
170000,Female,1,2,30,0,0,0,0,0,0,171992,168531,171440,174643,165584,169230,6027,6300,8451,6000,6320,6700,No
150000,Female,2,1,38,-1,-1,0,0,-1,-1,5584,1106,2199,2997,735,1104,1106,1208,1006,50000,1104,0,No
360000,Female,2,1,37,-2,-2,-2,-2,-2,-2,-5,-5,-5,-5,-5,-5,0,0,0,0,0,0,No
260000,Female,1,1,44,0,0,0,0,0,0,296349,300155,305798,306082,304048,14982,6891,8668,6907,6088,14982,12588,No
230000,Female,1,2,33,0,0,0,0,0,0,10765,11107,11748,12269,12102,12414,1300,1300,1200,500,500,500,No
620000,Female,1,2,38,-1,-1,-1,-1,-1,-1,12136,7938,620,16022,2581,2867,8638,620,16032,2856,4197,920,No
180000,Female,1,1,35,0,0,0,0,0,0,68488,47603,48705,50140,60607,67976,3603,5705,3003,10607,7976,5412,No
180000,Female,1,1,33,-1,-1,-1,-1,-1,-1,7017,14824,19692,13115,24623,485,14824,19713,13117,24630,485,33283,No
30000,Female,2,3,45,-1,2,2,2,-1,2,5239,3434,4845,3048,8314,5080,0,3048,0,8314,0,4132,Yes
300000,Female,1,2,31,0,0,0,0,-1,-1,31827,11158,1616,3658,658,662,1009,1000,2700,658,662,0,No
370000,Female,2,1,35,0,0,0,0,0,0,236242,240804,243293,226471,217901,195244,10301,11000,9004,6930,6000,6100,No
80000,Female,2,2,31,0,0,0,-1,-1,-1,28788,27620,26352,939,2202,1369,8000,1000,939,2202,1369,4827,No
200000,Female,4,2,40,0,0,0,0,0,0,201598,198373,152601,105588,73886,198487,10100,6700,5500,4500,127600,7500,No
210000,Female,2,1,33,0,0,0,2,2,2,159715,163060,168218,169726,173687,176510,6000,8000,6000,7000,6000,20000,No
70000,Female,1,1,35,1,2,2,2,2,0,41730,40764,46281,47026,45971,47573,0,6500,1800,0,2500,2000,No
80000,Female,2,1,38,-1,-1,-1,0,0,-1,4404,5096,11473,21086,2034,17678,5096,11476,16037,0,17678,6000,No
50000,Female,2,3,44,-1,-1,-1,-1,-1,-1,390,390,390,390,390,390,390,390,390,390,390,390,No
260000,Female,2,1,33,0,0,0,0,0,0,112501,110395,112288,113388,114128,117005,4000,5550,5600,4100,4700,11002,No
170000,Female,1,1,36,-2,-2,-2,-2,-2,-2,7346,26797,3824,22709,0,0,27183,3824,22865,0,0,3809,No
360000,Female,3,2,35,-1,2,2,-2,-2,-2,2500,2500,0,0,0,0,0,0,0,0,0,0,No
500000,Female,1,2,37,0,0,0,0,0,0,43643,46586,48832,49568,46939,49147,4000,3000,2000,2000,3000,7000,No
200000,Female,3,1,35,0,0,0,0,0,0,215090,208556,214321,134517,54711,23611,7700,9300,6500,3000,856,1152,No
90000,Female,2,1,47,0,0,0,0,0,0,28240,28477,28718,28847,28747,29177,2000,2000,2000,2000,2000,2000,No
100000,Female,2,2,41,-1,-1,-2,-1,0,0,1023,0,0,50063,22767,23399,0,0,50063,900,1000,1000,No
290000,Female,1,2,31,0,0,0,0,0,0,82939,82814,71541,59493,67821,71546,5017,4033,2828,10000,5000,3000,No
50000,Female,1,2,31,1,-2,-2,-2,-2,-2,0,0,0,0,0,0,0,0,0,0,0,0,Yes
400000,Female,3,1,42,-1,-1,-1,-1,-1,-1,44198,10132,16932,13088,28540,11860,10132,16932,13088,28540,11860,3978,No
50000,Female,3,1,37,0,0,0,0,0,0,49080,49240,48751,30250,29570,26969,2228,2000,1370,949,922,2500,No
400000,Female,1,1,42,-1,2,-1,-1,-1,-1,80,80,3710,33605,47029,39400,0,3828,33627,47029,40000,0,No
50000,Female,2,1,37,2,2,2,2,2,3,19068,19947,21124,21480,22822,22171,1500,1800,1000,2000,0,1000,Yes
100000,Female,1,2,34,0,0,0,0,0,2,66193,63155,50385,31371,54713,28347,3413,5010,10005,30326,0,20000,No
170000,Female,2,1,39,0,0,-1,0,0,0,100849,100000,10274,16446,16578,20487,2000,10274,6446,332,10487,5000,No
150000,Female,1,2,30,-2,-2,-2,-2,-1,-1,52806,12871,4876,9128,10460,5157,13497,4372,18853,10975,5157,15182,No
360000,Female,1,2,30,0,-1,-1,-1,-1,-2,37012,4810,3969,6657,642,6204,4924,3969,6657,642,6204,7052,No
50000,Female,2,1,31,0,0,0,0,0,0,46993,48208,49598,46363,9283,9632,2000,2200,1150,500,500,393,Yes
180000,Female,1,1,35,-1,-1,-1,-1,0,0,37701,32003,32254,47186,54286,112040,32005,32270,47186,44286,86000,148225,No
350000,Female,2,2,35,0,0,0,0,0,0,314309,313673,322806,328616,278858,281692,13000,15074,20353,10040,15000,10000,No
120000,Female,3,1,38,0,0,0,0,0,0,111098,114863,118038,118805,59210,61267,5600,6500,5000,3000,3000,3000,No
150000,Female,3,1,34,0,0,0,-1,-1,-1,28210,19130,10000,8000,0,10000,1130,1000,8000,2000,10000,0,No
260000,Female,3,2,42,-1,-1,-2,-2,-2,-2,6783,0,0,0,0,0,0,0,0,0,0,0,Yes
290000,Female,3,1,44,-1,-1,-1,-1,-1,0,2615,0,679,3390,5784,5784,0,679,3390,5784,0,150,No
40000,Female,2,1,49,0,0,0,0,0,0,36159,38241,39121,40400,40000,40000,3000,1800,2000,0,0,0,No
310000,Female,1,2,36,0,0,0,0,0,0,67940,45746,46979,42045,40334,49542,2000,2000,2000,2000,13000,2000,No
180000,Female,1,1,39,-2,-2,-2,-2,-2,-2,0,0,0,0,0,0,0,0,0,0,0,0,No
570000,Female,2,1,46,0,0,0,0,0,0,563892,569577,577957,563543,451401,108890,19534,25100,15159,11732,42880,422000,No
150000,Female,3,2,41,2,0,0,0,0,0,102629,85817,78898,70886,65869,67805,3100,3160,2505,2500,3000,5000,Yes
20000,Female,2,2,30,1,2,0,0,0,0,16560,15997,17336,18345,18643,19094,0,1600,1602,900,900,636,No
180000,Female,3,1,32,-1,-1,0,0,0,0,166,1484,2526,3452,3522,4909,1484,1074,1000,70,1387,28,No
100000,Female,3,1,34,0,0,0,0,0,-1,9728,11099,8761,8289,6980,5571,5000,1333,3000,3000,5571,5149,No
90000,Female,1,2,31,0,0,2,2,2,2,77278,83357,85229,85939,83680,89319,8000,4100,3000,0,7000,3100,Yes
150000,Female,3,2,47,0,0,0,0,0,0,153412,153720,150540,153103,152060,151470,7000,7000,7000,5200,5500,6300,No
490000,Female,2,1,31,0,0,0,0,0,0,245566,238208,226020,212422,201680,164989,10095,9861,7055,6189,5046,5089,No
30000,Female,3,1,33,0,0,2,2,2,0,39577,39995,38049,35435,31976,29704,3800,1700,1100,0,1030,1000,Yes
300000,Female,2,1,33,-1,-1,-1,-1,-1,0,996,1496,1496,1496,2490,1996,1500,1500,1500,2494,1006,1498,No
50000,Female,2,2,32,0,0,0,0,0,0,12513,13595,14570,15523,15964,16554,1600,1500,1500,1000,1000,1000,No
150000,Female,1,2,31,2,2,2,2,2,0,17893,20669,20050,24701,24006,26599,3400,0,5000,0,3000,3000,Yes
350000,Female,1,2,32,0,0,0,0,0,0,87611,87325,90539,92941,99930,108411,3300,5116,5000,10000,10000,10000,No
140000,Female,2,2,32,-1,0,0,0,-1,0,15497,15073,11755,7453,38415,31685,1231,1262,1000,38415,4000,4000,No
80000,Female,3,1,43,-1,-1,-1,-1,0,0,1520,23190,0,19465,19454,19851,23190,0,19465,389,397,0,No
80000,Female,2,1,40,-1,-1,-1,-1,-1,-1,390,390,390,390,390,540,390,390,390,390,540,390,No
210000,Female,3,1,34,-2,-2,-2,-2,-2,-2,11848,5677,8173,6855,2200,1500,5687,8177,6860,2200,1500,2390,No
110000,Female,2,1,34,0,0,0,2,0,0,45302,44980,46987,45165,44636,45094,2100,4100,0,1800,2000,2000,No
180000,Female,2,2,28,-1,-1,-1,-1,-1,-1,3840,18588,1557,2540,3058,16030,18588,1562,2540,3058,16030,330,No
340000,Female,3,1,44,3,3,2,0,0,0,160596,155508,149627,150733,140171,134203,6,8,5117,5008,5021,6026,Yes
220000,Female,1,2,29,-2,-2,-1,-1,-1,-2,-12,-12,88,2207,1577,-963,0,100,2300,3083,732,231,No
230000,Female,5,1,39,-1,-1,0,0,-2,-2,7479,31280,120000,0,0,0,31280,90000,0,0,0,0,No
70000,Female,1,2,28,0,0,0,0,0,0,44397,44923,46189,39327,38618,38404,3000,3000,3000,2000,2000,1800,No
50000,Female,3,1,31,0,0,0,0,0,0,10184,12204,13239,15254,16394,18124,2204,1239,2254,1394,2000,1019,No
200000,Female,3,2,30,0,0,0,0,0,0,192743,196031,196143,189524,167163,146975,9003,7300,7108,7680,6200,5000,No
290000,Female,2,2,34,2,2,2,2,2,2,219757,214747,227698,232468,227226,241556,0,18000,10000,0,18000,0,Yes
80000,Female,5,2,30,-1,-1,-1,0,0,0,2994,16709,29459,30472,36317,21671,16709,29469,5000,10000,2000,3000,No
280000,Female,1,2,37,0,0,0,0,0,0,280323,284176,283680,273446,279458,269333,10505,10424,10047,10683,10073,9084,Yes
100000,Female,1,2,29,0,0,0,-1,0,0,85268,65279,33077,43593,40782,37949,5000,5024,43593,1700,1500,1500,No
240000,Female,2,1,43,-1,2,0,-1,0,0,2077,1588,41513,10657,7893,5347,0,41000,10657,0,5041,9190,Yes
240000,Female,1,1,31,0,0,0,0,0,0,3371,2880,6809,29324,30924,35770,2000,4015,25000,2000,5000,2000,No
100000,Female,1,1,31,1,-2,-2,-2,-2,-1,0,0,0,0,0,6179,0,0,0,0,6179,0,No
210000,Female,1,2,36,-2,-2,-2,-1,-1,-1,14516,4895,5292,8866,16809,5794,4915,5292,8872,16876,5794,2415,No
400000,Female,1,1,37,0,0,0,0,0,0,49447,59781,86070,100620,133307,117194,30000,50000,50006,38000,10000,12000,No
500000,Female,1,1,36,0,0,0,0,0,0,238847,242326,248425,242854,226764,210947,10000,10146,10103,7108,7396,5000,No
200000,Female,2,1,45,0,0,0,0,0,0,144314,147532,147911,57903,60117,61828,7008,8000,5000,3000,3000,3000,No
500000,Female,1,2,27,0,-1,0,0,0,0,8328,24491,26085,27644,28884,32930,25450,2000,2000,2000,5000,5000,Yes
200000,Female,2,2,30,-2,-1,-1,-2,-2,-2,389,5889,389,389,389,389,5890,390,390,390,390,1168,No
110000,Female,2,1,27,1,2,2,0,0,0,110593,111679,108455,109392,78524,75745,4363,0,4012,3120,2800,3000,No
280000,Female,2,2,30,0,0,-1,0,0,0,21489,-86,4414,64183,61001,60601,5,4500,60000,1244,2000,4000,No
100000,Female,2,2,31,2,2,2,2,2,2,41052,42081,41131,43637,42635,45440,2000,0,3500,0,3500,2000,Yes
70000,Female,2,1,33,0,0,0,0,0,0,31130,16171,16373,16945,21462,11128,10171,3000,1260,6138,1128,500,No
130000,Female,3,1,47,-1,2,2,-1,0,-1,5027,4151,1622,5032,1749,3645,1622,16,5377,829,3645,4213,No
30000,Female,2,1,43,0,0,0,2,2,2,13135,14150,17210,16636,17908,17482,1240,3300,0,1548,0,637,No
180000,Female,1,2,27,-1,-1,0,0,0,0,2381,28048,25900,22964,21878,13715,28100,1743,1200,2000,2000,0,No
100000,Female,2,2,27,0,0,0,0,0,0,48051,49247,48799,49508,50686,51815,2000,2200,1822,2000,2100,2100,No
150000,Female,2,2,30,1,-2,-2,-2,-1,2,0,0,0,0,268,118,0,0,0,268,0,7800,No
240000,Female,1,2,45,-2,-2,-2,-2,-2,-2,103344,0,0,0,0,0,0,0,0,0,0,73826,No
180000,Female,1,1,48,-2,-2,-2,-2,-2,-2,8308,437,21645,5800,24283,11545,440,21849,5829,24404,11602,5819,No
340000,Female,2,1,37,-2,-2,-2,-2,-2,-2,7200,0,0,0,0,0,0,0,0,0,0,0,No
200000,Female,2,1,37,0,0,0,0,0,0,114480,117791,123108,124327,127011,134519,5000,7000,4500,4500,9500,5000,No
360000,Female,2,1,39,-2,-2,-2,-2,-2,-2,4201,0,0,0,0,0,0,0,0,0,0,0,Yes
500000,Female,1,1,37,1,-1,-1,-1,-1,0,0,17250,2287,96501,12143,50143,17250,3037,96501,12500,38000,0,No
270000,Female,4,1,33,-2,-2,-2,-2,-2,-2,0,0,1205,0,0,0,0,1205,0,0,0,0,No
140000,Female,3,1,33,-1,-1,-1,-1,-1,-1,1247,1654,840,2153,827,-8808,1654,840,2153,827,827,9635,No
120000,Female,2,2,33,-2,-2,-2,-2,-2,-2,0,0,0,0,0,0,0,0,0,0,0,0,No
300000,Female,1,1,35,-1,-1,-2,-2,-2,-1,5345,0,0,0,0,477,0,0,0,0,477,348,No
120000,Female,2,1,27,-1,-1,-1,-1,0,0,1164,1844,-7809,120680,63530,63552,1671,380,131062,2000,3000,3000,No
430000,Female,1,2,29,0,0,0,-1,0,0,42130,34785,0,18518,16574,12215,1000,0,18518,5,244,1038,No
250000,Female,2,2,27,0,0,0,-1,0,0,4883,3090,1404,5208,59006,12072,2500,1000,5208,54000,5000,10000,No
170000,Female,2,1,29,0,0,0,0,0,0,56980,55889,51328,31541,47406,23062,3000,2236,2478,904,2546,2000,No
500000,Female,1,1,36,0,0,0,-1,-1,-1,64266,47971,25581,15406,6196,45045,26000,11725,15406,6903,45045,10000,No
50000,Female,2,1,48,0,0,0,0,0,-1,46589,48009,48942,36545,5107,4640,2500,2174,2117,117,4853,0,No
120000,Female,1,2,34,-1,-1,-1,0,-1,-1,515,882,6531,6313,1100,1330,882,6900,5037,1100,1330,3800,No
80000,Female,1,2,32,-1,-1,-1,-1,-1,-1,5566,5783,6011,5783,2257,8257,6000,6011,5783,2257,6000,0,No
90000,Female,2,1,33,0,0,0,0,0,-2,3817,8545,8961,11676,1189,0,5000,1285,3000,1189,0,8832,No
90000,Female,2,1,32,0,0,0,0,0,0,39664,24589,22677,20842,20545,20989,1657,1676,1554,805,846,651,No
80000,Female,1,1,32,-1,-1,-2,-2,-1,-1,1784,871,3179,3344,3552,0,871,3381,3384,3958,0,0,No
170000,Female,2,2,46,0,0,0,0,0,0,162110,156444,151504,151377,148530,149628,6000,6000,7000,6000,7000,6000,No
230000,Female,1,2,29,-1,-1,-1,-1,-1,-1,33147,1672,3677,18346,3900,4167,1672,3677,18346,3900,4167,399,No
290000,Female,2,2,30,-2,-2,-2,-2,-2,-2,4603,2698,6401,1864,5156,3277,2699,6491,1864,5157,3277,4883,No
270000,Female,2,1,43,-1,-1,-1,-1,-1,-1,94125,1321,806,629,686,834,1326,920,629,686,834,5112,No
60000,Female,3,1,43,0,0,0,0,0,0,49340,49116,48220,39595,29899,28722,4570,5348,4035,8804,3000,3000,No
360000,Female,2,2,33,0,0,0,0,0,0,7157,8446,9034,8340,3144,0,2000,1501,1000,900,0,0,No
100000,Female,1,2,28,0,0,0,0,0,0,20068,21226,22573,23596,24068,24679,1800,2000,1400,863,1000,2000,No
180000,Female,5,1,44,0,0,-1,-1,-1,-1,20916,0,850,0,6881,10340,0,850,0,6881,10340,182,No
80000,Female,2,1,31,-2,-2,-2,-2,-2,-2,3506,2372,2988,273,0,1542,2372,2988,273,0,1542,3200,No
80000,Female,2,1,34,-2,-2,-2,-2,-2,-2,0,0,0,0,0,0,0,0,0,0,0,0,No
220000,Female,2,1,35,0,0,0,0,0,0,45739,46975,48211,47418,48657,48129,2000,2000,2000,2000,2000,2000,No
240000,Female,2,1,43,1,-2,-2,-1,0,0,0,0,0,12700,12500,26225,0,0,12700,0,13725,0,No
210000,Female,2,2,44,0,0,0,0,0,0,308361,314507,320167,327871,34285,30900,9408,10300,11642,1602,1500,0,Yes
270000,Female,2,1,34,0,0,0,0,0,0,106600,109383,113480,114432,112124,114885,4500,5800,4300,5000,4500,4500,No
190000,Female,3,2,29,0,0,0,0,0,-2,132669,134605,136202,9207,0,0,6000,6000,1000,0,0,0,No
200000,Female,1,2,31,-1,2,2,-2,-2,-2,2500,2500,0,0,0,0,0,0,0,0,0,0,Yes
240000,Female,2,1,32,0,0,0,0,0,0,234774,231155,236914,241351,244202,115036,10000,11000,11000,10000,5000,5000,No
90000,Female,3,1,44,-1,-1,3,2,-1,-1,421,9522,9223,8480,2181,2983,9422,0,79,2181,2991,2453,No
400000,Female,3,1,44,0,0,0,0,0,0,35504,36680,35670,30364,28085,28708,5025,5044,2514,988,2004,5000,No
420000,Female,2,1,46,0,0,0,0,0,0,347531,345620,344364,202241,196082,189064,13503,15031,7011,7010,7013,7015,No
140000,Female,1,2,25,0,0,0,0,0,0,52196,16982,20199,20746,2260,4180,2000,5000,1000,1260,3000,439,No
50000,Female,3,1,48,0,0,0,0,0,0,50411,48409,42248,33855,28064,29660,5000,2000,2500,2500,2000,2500,No
210000,Female,1,2,30,0,0,0,0,0,0,87292,89534,89173,91489,93463,95021,4600,3789,3811,3465,3186,4389,No
180000,Female,2,1,41,-1,-1,-1,-1,-1,-1,4351,11953,9380,3070,8263,12663,12069,9443,3262,8302,12668,5502,No
300000,Female,1,1,34,-1,-1,-1,-1,-2,-2,56,0,849,0,0,112,0,849,0,0,112,550,No
250000,Female,2,2,36,-1,-1,-1,-1,-1,-1,396,396,396,3160,396,396,396,396,3160,396,396,396,No
380000,Female,1,1,33,0,0,0,0,0,0,372926,354068,327342,247528,128386,128820,13248,9543,6106,3013,3398,6067,No
30000,Female,1,2,25,0,0,0,0,0,0,26417,27421,28573,29222,28451,27270,1448,1600,1500,1000,1000,1200,No
80000,Female,2,1,31,0,0,0,0,0,0,70492,68652,67881,38465,27773,29132,2806,4006,1804,2003,3004,1502,Yes
300000,Female,2,1,27,1,2,0,0,0,0,311987,305417,296009,92553,94259,96868,0,12500,3200,3000,3000,3000,No
240000,Female,1,1,38,1,-1,-1,-1,0,0,-25,4078,2223,31136,4367,3632,4103,2223,31136,100,0,1101,No
80000,Female,1,2,23,0,0,0,0,0,0,25084,20685,30688,23674,23636,22426,1500,12000,2000,1000,1000,1100,No
280000,Female,2,2,27,0,0,0,0,0,0,272507,219510,217637,177535,178337,180885,8533,8888,8006,6406,6606,7006,No
50000,Female,2,2,36,0,0,2,0,0,0,23368,27050,27086,28525,30895,33003,4400,761,2200,2862,2770,2200,Yes
200000,Female,2,1,36,2,0,0,0,0,0,197810,201362,164183,136199,139209,135742,9051,7000,5000,5000,5000,5000,Yes
210000,Female,2,2,32,-2,-2,-2,-2,-2,-2,355,975,410,0,0,0,979,412,0,0,0,0,No
160000,Female,2,2,31,0,0,0,0,0,2,112878,118601,115874,111346,111553,108434,8000,5014,4500,11781,0,4000,No
130000,Female,1,1,43,-2,-2,-2,-2,-2,-2,2798,2732,8072,5723,6232,8873,3228,8141,5744,6232,8873,3982,No
300000,Female,2,1,39,0,0,0,-2,-2,-2,301945,307650,0,0,0,0,13700,0,0,0,0,0,No
500000,Female,2,1,43,-2,-2,-2,-2,-2,-2,10330,12320,12209,16727,17738,14117,12320,12209,16727,17744,14117,11691,No
270000,Female,2,1,34,0,0,0,0,0,0,203657,194792,181341,170107,158889,147344,10015,6538,7744,7068,5350,10077,No
200000,Female,2,1,40,0,0,0,0,0,0,21464,22065,23382,21522,8815,4280,2000,2000,1128,4280,0,0,No
300000,Female,1,2,33,-1,-1,-1,-1,-1,-1,13889,1465,2095,1215,340,1424,1465,2095,1215,340,1424,0,No
230000,Female,2,2,40,0,0,-1,-1,-1,-1,164208,161207,1665,1228,8599,3890,7105,1762,1228,8599,3890,6999,No
500000,Female,1,2,37,-1,-1,0,0,0,0,5946,132696,141204,160275,138067,117049,140000,25012,40022,3024,0,90000,No
80000,Female,1,2,38,-2,-2,-2,-2,-2,-2,2431,29426,5288,1823,19879,1974,31386,5296,1823,19884,1974,9686,No
500000,Female,1,2,42,0,0,0,0,0,0,237066,171440,177859,159518,186563,168083,20000,50000,10000,50000,20000,50000,No
30000,Female,3,1,44,0,0,0,0,0,0,29263,27516,28133,28780,28756,29566,1441,1597,1634,1000,1124,1223,No
170000,Female,2,1,41,-2,-2,-2,-2,-2,-2,736,736,1156,316,316,316,736,1156,316,316,316,316,No
70000,Female,2,2,37,0,0,0,0,0,0,69099,69684,64801,64863,123234,60733,3018,3400,2200,2500,2500,2510,No
310000,Female,2,1,46,-1,-1,-1,-1,-1,-2,12479,423,430,843,857,-777,423,430,845,857,628,0,No
50000,Female,1,1,41,1,2,2,3,3,2,45313,46262,49188,50084,48980,50050,2000,4000,2000,0,2000,3000,No
180000,Female,2,2,44,0,0,0,0,-2,-1,25706,30251,30900,0,0,5386,5000,1900,0,0,5386,1103,No
310000,Female,1,2,35,0,0,0,0,0,0,192454,196708,189210,181491,176661,173532,9088,7044,9072,11210,6116,5362,No
500000,Female,1,1,39,-2,-2,-2,-2,-2,-2,4419,2584,4524,3518,2208,2550,2584,4524,3518,2208,2550,5953,No
330000,Female,2,2,41,0,0,0,0,0,0,76279,79179,82293,86458,91512,100433,4179,5000,6458,6512,10433,5442,No
150000,Female,4,3,49,1,-2,-1,-1,0,-1,-260,-2835,3960,10410,2361,2868,4,7920,10426,0,2868,4384,No
110000,Female,2,2,42,0,0,0,0,0,0,106478,107517,103609,79421,78286,65875,3951,4276,2666,2811,2500,465,No
230000,Female,2,1,46,-1,-1,-1,-1,-1,-1,782,316,0,632,316,2398,316,0,632,316,2398,1783,Yes
50000,Female,1,1,46,1,-2,-1,-1,0,0,10372,-110,1684,3697,1397,0,110,1794,3697,1392,0,0,No
60000,Female,3,2,40,-1,-1,-2,-2,-2,-2,728,0,0,0,0,0,22,10785,0,0,0,0,No
250000,Female,1,1,32,1,-1,0,0,0,0,-154973,59514,220765,180488,173140,170233,225066,198031,6069,4310,5752,4638,No
450000,Female,1,2,46,-2,-2,-2,-2,-2,-2,2656,1861,-30,3332,873,1110,1861,0,3362,873,1110,4688,No
260000,Female,2,2,33,2,2,2,0,0,0,258150,265961,258903,131150,214180,153755,20485,27,2914,159658,5592,5837,Yes
380000,Female,2,1,45,0,0,0,0,0,0,220208,225537,230898,237118,240452,245499,9000,9000,10068,8768,9087,9133,No
240000,Female,1,2,38,-2,-2,-2,-2,-2,-2,3816,3816,3816,3816,816,3816,3816,3816,3816,816,3816,816,No
30000,Female,3,1,34,-2,-1,-1,-1,-1,-1,14840,8435,6991,17176,8053,10363,10483,6998,17186,8054,10375,6929,Yes
90000,Female,2,1,43,-2,-2,-2,-2,-2,-2,0,0,0,0,0,0,0,0,0,0,0,0,No
230000,Female,2,1,43,0,0,0,0,0,0,226319,230825,234832,217987,169529,172143,9309,8795,8337,6015,6292,6080,Yes
60000,Female,2,1,45,0,0,-1,0,0,0,57966,3751,72334,73396,12271,24278,1900,72334,4000,2000,14000,2000,No
170000,Female,2,1,38,0,0,0,-2,-2,-2,9550,5556,0,0,0,0,1055,0,0,0,0,0,No
440000,Female,1,1,41,-1,-1,-1,0,0,0,3982,12516,15869,20849,331985,185315,16282,16031,23613,320008,5721,5376,No
120000,Female,2,1,37,-1,-1,2,0,-1,0,15591,17156,17227,18560,10067,15594,7227,683,8560,10067,10000,7223,No
240000,Female,1,1,37,0,0,0,0,0,0,180517,175125,176674,160551,150735,154200,8022,6161,5730,5486,5987,5568,No
260000,Female,1,1,42,-1,-1,-1,-1,-1,-1,2788,4046,2800,2800,2979,8247,4058,2800,2800,2979,8247,0,No
300000,Female,2,2,43,0,0,0,0,0,2,36062,37055,38354,39634,21597,481,1897,2196,2476,3439,0,1248,No
190000,Female,4,1,34,-1,-1,-1,-1,-1,-1,7251,11990,39360,5090,2787,23405,11996,39382,5090,2787,23405,978,No
110000,Female,1,1,43,0,0,0,-2,-2,-2,33794,10570,-28,-28,-28,-28,6725,0,0,0,0,0,Yes
280000,Female,2,1,38,0,0,0,0,0,0,242864,237821,223180,237301,201226,207802,11000,11000,20000,10000,10000,15000,No
220000,Female,2,1,40,-1,-1,-1,-1,0,0,1129,227,0,13137,13637,9744,227,0,13137,1500,214,0,No
280000,Female,1,2,36,-1,-1,-1,-1,-1,-1,4126,7001,12984,-5,1411,5654,7065,13046,5,1416,5654,6055,No
70000,Female,2,1,39,3,2,2,2,2,2,20392,19772,22234,21579,22720,23704,0,3100,0,1500,1500,0,Yes
500000,Female,2,1,36,0,0,0,0,0,0,352986,352870,350017,347410,337015,332360,13016,13172,15200,12000,13617,13000,No
130000,Female,2,2,36,0,0,0,0,0,0,118410,87199,90782,94261,96694,98982,5001,5001,5000,4000,4000,10001,No
610000,Female,1,2,43,0,0,2,0,0,0,403546,418882,413942,420120,427886,437131,25002,8000,16385,16000,16000,34000,No
210000,Female,1,2,35,-2,-2,-2,-1,-1,-1,6518,14265,9718,11285,8115,27977,14272,9890,11297,8115,27977,8013,No
210000,Female,2,1,45,0,0,0,0,0,0,203273,188955,183774,152509,136376,131656,6515,7113,6011,4471,4513,4261,No
80000,Female,3,0,37,-2,-2,-2,-2,-2,-2,600,0,0,0,0,0,0,0,0,0,0,0,No
150000,Female,1,1,33,2,2,2,2,2,2,105610,106885,108706,105470,111687,113747,4500,5000,0,8000,4000,4700,Yes
160000,Female,1,1,33,1,-2,-2,-2,-2,-2,0,0,0,0,0,0,0,0,0,0,0,0,No
150000,Female,5,1,34,0,0,0,0,0,0,14967,17705,19394,18956,20684,22237,3000,2000,2000,2000,2000,1000,No
130000,Female,3,1,45,-1,-1,-1,2,-1,-1,780,0,780,390,540,11040,0,780,0,540,11040,953,No
210000,Female,2,1,40,-2,-2,-1,-1,-2,-2,2245,1789,4292,2388,4090,2375,1794,4326,2395,4102,2382,2614,No
500000,Female,2,1,45,-2,-2,-2,-2,-2,-2,443118,155322,67515,68639,70302,40721,155484,67533,72049,70430,40721,133611,No
220000,Female,1,2,33,-1,2,-1,-1,-1,-1,652,326,1070,1163,2044,204,0,1070,1163,2049,204,4953,No
320000,Female,2,1,46,-2,-2,-2,-1,-1,-1,15176,24845,12680,5522,44743,18931,24969,12743,5542,44956,19011,8138,No
220000,Female,1,1,41,8,7,6,5,4,3,246915,243234,238172,232446,227800,225044,0,0,0,0,0,0,Yes
80000,Female,2,2,32,0,0,0,0,0,0,50189,57701,66736,74626,74092,59274,10000,10000,10104,5000,5000,5000,No
210000,Female,5,2,32,-2,-2,-2,-2,-2,-2,0,0,0,0,0,0,0,0,0,0,0,0,No
160000,Female,1,2,33,-1,-1,-2,-2,-2,-2,699,0,26808,0,0,0,0,26808,0,0,0,0,Yes
440000,Female,1,1,36,0,-1,-1,-1,0,0,14234,11061,19669,18613,13669,24849,11066,19669,33152,0,20000,7046,No
90000,Female,2,1,36,1,-1,-1,-1,-1,-1,0,950,628,284,1055,2607,950,628,284,1055,2607,0,No
180000,Female,1,2,33,1,-1,-1,-1,-2,-1,0,4163,7683,0,0,9500,4163,7683,200,0,9500,0,No
440000,Female,2,1,32,2,0,0,0,0,0,339410,324469,324109,287932,287892,276902,11500,11129,10300,11098,11200,12000,No
200000,Female,1,1,41,1,-1,0,-1,2,0,2217,61328,2877,160944,156864,160066,61634,2877,160944,0,5900,13000,Yes
220000,Female,2,1,41,-2,-2,-2,-2,-2,-2,24435,2131,36010,1050,9522,2340,2142,36204,1055,9569,6995,492,No
360000,Female,2,1,39,-1,2,2,-1,-1,-1,1220,330,165,5773,3598,3598,170,0,5773,3598,3598,6208,No
230000,Female,1,2,28,-1,2,0,0,0,0,2376,2178,27460,22515,20109,13700,0,27446,1400,0,274,0,No
30000,Female,2,2,29,-2,-2,-2,-2,-2,-2,647,1222,249,5051,1188,375,1222,249,5051,2202,375,264,No
160000,Female,1,2,29,0,0,0,0,0,2,157067,155760,153047,122831,124794,116746,5708,7424,4251,6010,5000,4000,Yes
170000,Female,2,2,29,0,0,0,0,0,0,69314,65083,67062,68188,56454,58453,2330,3028,2847,2600,3400,2045,No
140000,Female,1,2,29,1,-1,-1,-1,-1,-1,0,1216,2677,2985,3739,1242,1216,2698,6069,3889,1242,3061,No
160000,Female,1,1,33,-1,2,2,-2,-2,-1,7845,2956,3161,600,65000,2206,0,3161,0,65000,2206,339,Yes
500000,Female,1,2,36,0,-1,-1,-1,-2,-2,13302,1040,3662,0,1770,3384,1051,3722,0,1770,3384,206,No
80000,Female,3,1,31,0,0,0,-1,0,0,62636,61808,22227,48215,45618,37799,5000,4000,50012,10000,10000,7177,Yes
150000,Female,1,1,32,0,0,0,0,0,0,23364,22846,25779,22303,16981,16837,1450,5779,1300,700,1000,1000,No
30000,Female,1,2,46,0,0,0,0,2,0,18910,20592,21949,24116,23430,25044,2000,2000,2535,0,2000,2300,No
150000,Female,2,1,41,2,2,2,2,2,2,68571,69845,71434,72365,73377,75052,3000,3300,2700,2800,3000,2800,Yes
320000,Female,1,2,32,-1,0,-1,-1,-1,-1,13122,6796,7788,6751,8354,12271,1500,8000,7000,8500,13000,15000,No
440000,Female,1,2,33,0,0,0,0,0,0,164269,160608,150150,139178,123627,48175,5666,5802,3577,2955,12000,1025,No
200000,Female,2,1,38,-2,-2,-2,-2,-2,-2,1430,6002,2400,2185,6718,2298,6002,2400,2185,6718,2298,2851,No
200000,Female,2,1,45,-1,2,2,2,0,0,8934,5264,6769,2487,1857,0,0,2491,0,0,0,4313,No
100000,Female,1,2,31,-2,-2,-2,-2,-2,-2,1500,3794,-1678,-1478,1058,5556,3794,0,200,4058,5738,21173,No
360000,Female,3,2,45,-2,-2,-2,-2,-2,-2,0,0,0,0,0,0,0,0,0,0,0,0,Yes
360000,Female,1,1,32,0,0,0,0,0,0,317024,313710,299059,281436,274358,270877,11200,12112,11500,9600,10005,9651,No
200000,Female,1,2,32,-1,-1,-1,0,0,-1,14279,3904,24274,5196,4996,16890,3904,24277,4996,0,16890,6077,No
230000,Female,1,1,34,-2,-2,-2,-2,-2,-2,711,-1,-1,-1,-1,-1,0,0,0,0,0,0,No
180000,Female,5,1,41,-1,-1,-1,-1,-1,-1,22777,20311,20726,22111,25560,2461,20328,20789,22169,25560,2461,10947,No
50000,Female,2,1,40,0,0,2,0,0,0,6732,9052,8763,9924,9967,10176,2441,0,1313,356,369,508,No
180000,Female,2,2,37,1,2,0,0,0,0,37095,32881,33627,128051,106834,105551,0,3042,109470,4000,4000,7028,No
100000,Female,1,1,47,1,-2,-1,2,2,2,-84,-474,800,410,20,-370,0,3000,0,0,0,2500,Yes
150000,Female,1,2,28,0,0,0,0,0,0,82559,84681,87308,89316,91458,89063,3500,4000,3500,3500,3500,3500,No
180000,Female,1,2,33,-2,-2,-2,-2,-2,-2,8492,5199,9973,10069,13190,20127,5199,9973,10083,13279,20127,9422,No
280000,Female,2,2,33,0,0,0,0,0,0,55709,51834,41426,35212,40052,46510,9441,2691,3001,6010,10000,6655,No
150000,Female,2,2,40,-2,-2,-2,-2,-2,-2,8482,3493,4724,5749,345,349,3514,4724,5749,345,349,24026,No
100000,Female,2,1,36,2,2,2,2,2,2,78063,79346,77977,79071,76918,81713,3500,3300,3000,0,6500,3000,Yes
70000,Female,2,1,37,0,0,0,0,2,0,66447,66759,68200,72972,71248,50610,2391,2518,5950,0,1782,1985,Yes
220000,Female,2,1,38,2,0,0,0,0,0,166513,163731,167204,169009,169554,178683,7400,7600,6100,6205,12000,7500,No
240000,Female,2,1,41,-2,-2,-2,-2,-2,-2,0,0,0,0,0,0,0,0,0,0,0,0,Yes
710000,Female,4,2,32,0,0,0,0,0,0,377249,382116,391305,195642,189101,182062,11000,12000,8000,7000,7000,6500,No
470000,Female,2,2,33,-2,-2,-2,-2,-1,-1,0,0,0,0,779,0,0,0,0,779,0,0,Yes
80000,Female,2,1,46,-1,-1,-1,-1,-1,-1,390,390,390,390,390,390,390,390,390,390,390,390,Yes
180000,Female,3,1,49,0,0,0,0,0,0,162567,163900,145992,124841,125596,113105,5821,5000,5935,4263,4200,4283,Yes
250000,Female,2,1,32,0,0,0,0,2,2,195044,198294,202571,226423,221296,234762,8000,7478,27349,0,17000,0,No
690000,Female,3,2,34,0,0,0,0,0,-1,390757,397292,390166,360568,331674,160287,14724,19118,7415,20348,160671,91323,No
340000,Female,1,2,45,0,0,0,0,0,0,68288,70573,69808,66670,63277,62027,15000,13500,13000,13000,13000,13000,No
220000,Female,2,2,47,0,0,0,0,0,0,103078,111729,115173,116513,119370,121516,10000,6500,5000,5000,5000,5000,No
60000,Female,3,2,44,2,2,2,2,2,2,11847,62478,55887,70562,71322,58821,55887,0,20783,2500,0,3000,Yes
80000,Female,2,2,30,-1,-1,-1,-1,-1,0,5919,5545,2154,583,11381,9508,5548,2154,583,11381,190,74,No
290000,Female,1,1,36,-2,-2,-2,-2,-2,-2,3602,6107,4536,6074,0,817,6107,4538,6074,0,817,1662,No
170000,Female,3,2,41,0,0,0,0,0,0,76704,50301,50896,52554,53084,54197,2405,2000,2500,2000,1968,2000,No
90000,Female,3,0,42,0,0,2,0,0,0,12174,15035,14509,15518,15563,18289,3072,0,1555,600,3000,2000,Yes
130000,Female,1,2,31,0,0,0,0,0,0,133845,126804,130264,133603,132215,131848,7000,7000,7000,5500,5100,5500,No
200000,Female,3,1,32,-2,-2,-2,-2,-2,-2,1380,3706,18145,14163,7909,1485,3706,18458,14170,7909,1485,1302,No
360000,Female,2,2,35,0,0,0,0,0,0,35327,42032,35665,37071,38680,42352,10000,2453,5000,5000,10000,10017,No
240000,Female,1,1,37,0,0,0,0,0,0,157668,165762,173429,176943,176843,177183,10762,10429,10423,6843,7183,6398,No
60000,Female,1,1,28,0,0,0,0,0,2,46233,47263,48696,50385,52045,52661,2100,2500,2500,2500,1600,1500,No
130000,Female,2,2,42,1,2,2,2,2,2,117391,119378,121993,123503,124578,127434,5400,6000,5000,4600,5000,5100,No
310000,Female,2,2,32,0,0,0,0,0,0,325056,327591,322273,272890,208257,206609,13294,12131,8543,10185,8290,7500,No
80000,Female,2,2,28,2,2,-1,-1,-1,-1,260,130,130,130,130,130,0,130,130,130,130,130,Yes
70000,Female,2,2,30,0,0,2,0,0,0,10705,58825,53080,49153,47139,37610,50071,0,2000,2000,2000,2000,No
180000,Female,2,1,31,0,0,0,0,0,0,115400,26721,8581,2475,2654,2676,2006,1407,1000,1000,1000,1107,No
110000,Female,2,1,45,0,0,0,0,0,0,36267,37234,37341,38208,39121,39785,1587,1694,1561,1474,1370,1514,No
30000,Female,3,2,47,0,0,0,0,0,0,29851,30451,28115,23092,24829,10400,1500,1695,2000,2000,2000,0,No
200000,Female,2,2,27,0,0,0,0,0,0,125854,127843,131352,130884,132142,118084,4775,6579,4734,4368,4183,4227,No
30000,Female,5,1,33,0,0,0,0,0,0,25083,25244,26286,26458,26668,28195,1406,1838,1400,1000,2342,1000,No
210000,Female,1,2,27,-1,2,-1,-1,-1,-1,780,390,390,1554,5705,6386,0,390,1554,5705,2000,0,Yes
80000,Female,5,1,30,-2,-2,-2,-2,-2,-2,0,0,0,0,0,0,0,0,0,0,0,0,No
120000,Female,3,1,40,0,0,0,0,0,0,97886,74638,70864,64193,61733,59717,3003,2823,2514,1732,1756,1689,No
30000,Female,2,1,43,-1,-1,-1,-1,-2,-1,10443,4503,9000,0,0,5394,4503,9000,0,0,5394,6171,No
490000,Female,2,2,33,0,0,0,0,0,0,58308,64927,60011,49409,39945,49932,10000,8160,7000,2000,37000,3000,No
260000,Female,5,1,41,-1,-1,-1,-1,-1,-1,2398,2289,3593,5332,1994,5782,2294,3601,5348,2802,5801,2013,No
230000,Female,2,2,30,-1,-1,-1,2,-1,-1,3948,5899,4080,1935,1656,2351,5899,4080,0,1656,2351,3312,Yes
110000,Female,2,1,46,0,-1,-1,-1,-1,-1,2359,2410,2151,2161,1719,107591,2410,2151,2161,1719,107591,5000,Yes
150000,Female,2,2,40,0,0,0,0,0,0,76282,78800,67443,68720,70572,72275,3705,4000,3000,3000,3000,4000,No
170000,Female,2,1,29,0,0,0,0,0,0,79091,62575,63317,63903,43505,43995,2235,2493,2585,1683,1901,2111,No
90000,Female,2,1,35,0,0,2,0,0,0,35232,38329,37433,38507,39468,40183,4000,0,1700,1600,1500,4000,No
70000,Female,3,1,40,0,0,-2,-2,-2,-2,14896,0,0,0,0,0,0,0,0,0,0,5704,No
100000,Female,1,2,28,1,2,0,0,0,0,102122,96193,82342,81967,82177,78840,322,3600,3800,3000,3000,3023,No
50000,Female,3,1,34,0,0,0,0,0,0,24203,23708,23609,22675,21628,20576,1367,1741,1280,706,700,776,No
30000,Female,2,1,35,0,0,0,0,0,0,30471,30578,29846,28631,27359,21750,1472,2000,1064,1000,1223,0,No
280000,Female,2,1,37,0,0,0,0,0,0,252814,255974,110389,114874,118273,114204,10610,10018,10000,5038,5039,5010,Yes
210000,Female,3,1,41,0,0,-1,-1,-2,-2,59071,58830,364,-649,-649,-649,2000,17864,569,0,0,1000,No
20000,Female,3,0,35,0,-1,2,2,-1,-1,3975,362,2182,1500,500,0,362,2000,0,500,0,0,No
250000,Female,5,1,33,0,0,0,0,0,0,211084,211577,202346,203132,201230,199820,6934,7000,8975,7043,8000,10000,No
70000,Female,2,1,34,0,0,0,0,0,0,43662,44733,45775,46911,48128,51182,1800,1764,1900,2000,4000,2000,Yes
120000,Female,1,2,34,0,0,0,-1,-1,-1,8113,8796,12210,3095,0,2873,2000,5312,3095,0,2873,0,No
300000,Female,1,2,36,-2,-2,-2,-2,-2,-2,230,469,899,0,0,0,469,899,0,0,0,1051,No
310000,Female,2,1,39,-2,-2,-2,-2,-2,-2,360,360,360,360,360,360,360,360,360,360,360,360,No
20000,Female,3,2,34,-2,-2,-2,-2,-2,-2,0,0,0,0,0,0,0,0,0,0,0,0,Yes
50000,Female,2,2,37,0,-1,-1,2,0,0,16090,38710,43085,42093,44393,45682,38710,5000,0,3000,2000,5000,No
100000,Female,2,1,32,0,0,0,0,0,0,98908,60868,60652,58338,56849,45744,2749,4800,2000,2000,2000,2000,No
280000,Female,2,1,44,-1,-1,-1,-1,-1,-1,9713,264,252,2632,5410,5834,264,252,2656,5410,5834,0,No
210000,Female,2,1,37,-2,-2,-2,-2,-2,-2,2978,1798,379,768,2308,1026,1798,379,768,2308,1026,1208,No
290000,Female,3,2,47,-1,-1,-1,-1,0,0,1163,6619,0,28974,7524,0,6650,0,28974,0,0,0,No
160000,Female,1,1,36,-2,-2,-2,-2,-2,-1,25386,2542,2916,4257,629,6267,2549,2916,4321,700,6267,1727,No
100000,Female,2,1,41,2,-1,0,0,0,0,155351,159591,163665,170257,57747,16998,105200,6035,9410,1000,2000,3093,Yes
280000,Female,2,2,37,-1,-1,-1,-1,-1,-1,1876,2716,1876,1876,1876,1870,2716,1876,1876,1876,1870,10267,No
200000,Female,2,1,32,-2,-2,-2,-2,-2,-2,899,-1,-1,228,1374,380,0,0,229,1380,381,3880,No
180000,Female,2,2,33,-1,-1,-1,-1,0,0,3316,3385,6186,6695,7173,5094,3446,6186,6695,4000,955,2401,No
180000,Female,2,2,35,0,0,0,0,0,0,174068,160979,165896,145300,152877,156074,10000,10092,10000,10000,10000,5000,No
180000,Female,2,1,36,-2,-2,-2,-2,-2,-2,0,0,0,0,0,0,0,0,0,0,0,0,No
50000,Female,2,2,35,1,2,2,2,0,0,18544,17954,21678,21032,21465,24103,0,4351,0,784,3000,0,No
30000,Female,3,2,38,2,0,0,2,0,0,24524,25546,28820,28538,28208,29326,1426,3700,718,1500,1500,3000,Yes
180000,Female,2,1,40,0,-1,-1,-1,-1,-1,144481,1620,334,9379,1100,43505,1620,337,9379,1100,43505,0,No
50000,Female,1,1,38,2,3,2,0,0,0,64760,60747,54902,54280,18595,18838,2000,0,1200,15000,2000,1000,No
230000,Female,3,1,47,0,0,0,0,0,0,182787,173108,163937,90980,91180,90260,7000,5665,4154,3300,3418,3600,No
60000,Female,2,1,31,0,0,0,0,0,0,49581,35465,29732,29411,28859,28309,1500,1600,1394,1000,1000,1500,No
50000,Female,3,2,32,0,0,0,0,0,0,48237,49097,43763,37657,38530,39409,1755,1614,1627,1500,1500,1822,No
280000,Female,1,1,32,0,0,0,0,0,0,137630,116209,117118,116689,117757,118432,6000,6000,5000,5000,4012,4779,No
170000,Female,2,1,45,-1,-1,0,0,0,0,12847,9807,8101,6208,10460,11143,9807,5000,3749,6711,4432,0,No
110000,Female,2,1,36,-1,-1,-1,-1,-1,-1,2002,1056,4680,880,880,880,1056,4756,880,880,880,880,Yes
70000,Female,3,1,35,2,-1,0,0,0,0,1183,41263,40206,42184,43182,42674,41263,2500,2468,1466,1328,1501,Yes
90000,Female,3,1,47,2,2,2,0,0,0,92454,94156,91710,79884,49810,51012,4100,0,3424,1790,2012,1814,Yes
260000,Female,1,1,36,0,0,-1,-1,0,0,10942,7045,246,7156,7164,3677,3000,246,7178,5164,1209,1209,No
60000,Female,2,1,33,0,0,0,0,0,0,57810,56189,58283,59385,57792,59010,2100,3000,2800,2000,2000,2200,No
320000,Female,2,1,37,2,2,2,2,2,2,289260,297888,304025,308421,315291,310339,14500,12001,10500,13000,1,120021,No
160000,Female,2,2,39,-1,-1,-1,-1,-1,-1,2828,1473,8404,8875,8509,4630,1473,8404,8875,8509,4630,2038,No
230000,Female,1,2,33,1,-1,-1,-1,0,0,-3,4532,0,6264,6392,2538,4535,0,6264,128,0,407,No
50000,Female,2,2,48,-1,0,-1,-1,-1,-1,1309,2158,1787,860,896,1087,1000,1787,860,900,1087,3123,No
180000,Female,2,2,36,-1,-1,-1,-1,0,-1,25359,28432,1535,14470,14270,4529,28703,1535,15000,0,5793,36702,No
390000,Female,2,2,45,0,0,0,0,0,0,60082,58694,61735,63337,59693,62776,5000,5000,5000,4000,4000,4000,No
290000,Female,2,2,41,0,0,0,0,0,0,286391,140960,112394,113459,123967,131735,10000,5620,10000,20000,10000,10000,No
290000,Female,2,1,35,0,0,-1,-1,-1,0,32485,21080,430,430,12715,16895,10000,430,430,12715,5000,15000,No
30000,Female,3,1,46,0,0,0,0,0,0,29003,28544,27177,28630,25087,25342,1500,2000,2390,1000,1000,2000,No
100000,Female,1,1,38,1,-2,-2,-1,-1,2,0,0,0,53,4009,316,0,0,53,4328,0,10401,No
200000,Female,1,2,35,-2,-2,-2,-2,-2,-2,441,0,3514,4042,8606,1870,0,3514,4042,8606,1870,10332,No
250000,Female,2,1,45,-1,0,0,0,-1,-1,3233,13244,12462,8977,1503,96834,12716,12158,8777,1503,96834,2204,No
80000,Female,2,1,39,0,0,0,0,0,0,41753,42956,43850,38112,38876,39697,2200,2000,2000,1700,1600,1700,No
140000,Female,2,1,37,0,0,0,0,0,0,137545,136820,128445,125049,119402,123055,6206,6100,6330,4400,8700,0,No
260000,Female,2,1,40,0,0,-1,-1,0,-1,35211,43944,46957,45114,26114,46750,40000,48058,46000,26000,48000,33000,No
360000,Female,1,2,39,-1,-1,-2,-2,-1,-1,1070,0,0,0,906,0,0,0,0,906,0,4341,Yes
250000,Female,2,1,45,-2,-2,-2,-2,-2,-2,2218,4912,412,6264,5880,0,4940,416,6303,5880,0,230,No
320000,Female,1,1,36,-1,-1,2,2,-2,-2,7225,9336,945,-37,-37,-37,9386,13,0,0,0,7445,No
100000,Female,2,1,42,0,0,0,0,0,0,63984,65917,67673,66292,67793,67182,3000,4000,3000,2500,3000,2500,No
340000,Female,1,1,36,0,0,0,0,0,0,183898,185268,326074,276519,251815,218706,60075,160444,10143,7190,6283,5208,No
230000,Female,2,2,41,-2,-2,-2,-2,-2,-2,24477,23722,4791,3516,7475,5352,23722,4791,3516,7475,5352,2120,No
150000,Female,3,1,43,0,0,0,0,0,0,18308,19973,21000,22013,22449,22922,1973,1353,1366,802,833,837,Yes
60000,Female,3,1,48,0,0,0,0,0,0,49890,51060,52236,54362,55458,56767,2000,2000,3000,2000,2200,2500,No
500000,Female,3,2,48,-2,-2,-2,-2,-2,-2,83948,25321,14364,123903,71463,54924,25325,14364,124081,71541,54924,47148,No
10000,Female,2,2,48,1,2,-1,0,0,0,3133,1473,9196,8518,8690,7472,0,9196,1106,278,258,268,No
140000,Female,3,1,39,0,0,0,0,0,0,73166,66565,76412,70091,63279,56854,3112,20000,3043,2359,2187,1706,No
90000,Female,2,2,33,0,0,0,0,0,0,89129,89543,84447,78238,68234,69684,3308,3014,3203,3000,3000,3000,No
390000,Female,2,2,39,0,0,0,0,0,0,53386,52746,55535,57154,58774,62372,2000,5000,3000,3000,5000,3000,No
150000,Female,1,1,38,-1,-1,-2,-2,-2,-2,9474,0,0,0,0,0,0,0,0,0,0,0,No
170000,Female,2,2,48,0,0,0,0,0,0,24953,24334,25558,24580,24855,26123,2000,2000,1400,1000,2000,2000,No
180000,Female,2,1,38,0,0,0,0,0,0,151031,152510,151651,159019,123022,126075,7011,5657,10372,5000,5000,5000,No
440000,Female,2,1,44,0,0,0,-2,-2,-2,70548,42651,0,27549,77349,10456,20000,0,27549,50000,18956,9307,No
340000,Female,1,2,36,-1,-1,-1,-1,-1,0,3474,1974,2774,43824,11308,3540,1974,2774,43831,11308,0,824,No
280000,Female,1,2,46,-1,-1,-1,-1,-1,-1,2475,1236,2726,10898,1050,812,1236,2726,10916,1056,812,9109,No
320000,Female,5,1,46,-2,-2,-2,-2,-2,-2,17849,5149,16615,2914,696,740,5149,16654,2914,696,740,6498,No
190000,Female,5,1,40,0,0,0,0,0,0,58783,59881,136994,118268,110476,111802,3100,80000,5000,4000,4100,5000,No
210000,Female,2,1,42,-1,-1,-1,-2,-1,-1,1708,2928,-2,-2,918,-164,2928,0,0,920,0,0,No
110000,Female,2,1,43,1,2,2,2,2,2,100987,101941,98364,103189,99578,104412,4600,0,8500,0,7700,3900,No
90000,Female,2,2,34,0,0,0,0,0,0,30026,29239,14027,13559,14331,14948,2000,1518,1500,1000,1000,1000,No
50000,Female,2,2,36,0,0,0,0,0,0,29647,30845,32821,34855,11776,12088,2000,2800,3732,750,500,1000,Yes
210000,Female,1,2,39,-1,-1,-1,-1,0,-1,5119,20927,3702,3673,1883,384,20965,3702,3673,0,384,0,No
80000,Female,2,1,37,2,2,2,2,2,-2,1662,3347,4140,3920,0,0,2427,1000,0,0,0,0,Yes
320000,Female,2,1,42,-1,-1,-1,-1,-1,-1,2862,18729,23405,16662,38459,2836,18729,23421,16683,38459,2836,1286,No
50000,Female,3,1,45,0,0,0,0,0,0,48169,48163,49302,16522,15175,16371,2400,2500,1318,700,1600,600,No
270000,Female,2,2,34,-2,-2,-2,-2,-2,-2,128620,2222,9076,5424,9577,8130,2222,9076,5424,9577,8130,20177,No
150000,Female,3,2,35,-1,2,-1,2,-1,-1,1877,709,2264,1143,163,2036,0,2264,0,163,2036,0,No
140000,Female,2,1,41,0,0,0,0,0,0,56379,51993,52678,53753,54821,56145,1855,1913,1952,1963,2208,2084,No
300000,Female,1,1,31,0,0,0,0,0,0,147277,149893,152529,152882,113347,114554,7000,7000,6000,4084,4056,4300,No
480000,Female,1,1,43,0,0,0,0,0,0,276681,282328,288120,294000,300000,3493,5647,5792,5880,6000,3493,21308,No
460000,Female,1,1,37,1,2,0,0,0,0,268775,262956,268463,273066,278594,284423,0,9737,9060,9200,9480,9627,Yes
280000,Female,2,1,39,0,0,0,0,0,0,269472,253792,276979,238527,239280,238926,8229,150062,50000,4786,4779,4876,No
50000,Female,3,1,31,0,0,0,0,0,-2,44115,44619,38604,33570,0,0,1652,1906,1000,0,0,0,No
350000,Female,1,2,32,-2,-2,-2,-2,-2,-2,384,717,409,0,944,534,717,409,0,944,534,2281,No
380000,Female,1,2,33,-2,-2,-2,-2,-2,-2,11924,16615,3273,9833,6580,6080,16615,3273,9833,6580,6080,4697,No
190000,Female,1,2,33,-2,-2,-2,-2,-2,-2,211,4031,6036,4238,2907,3122,4031,6045,4247,2907,3122,12419,No
230000,Female,2,2,35,-2,-2,-2,-2,-2,-2,0,0,0,0,0,0,0,0,0,0,0,0,Yes
390000,Female,2,1,35,2,2,2,0,0,0,62474,62878,59601,60422,59094,59862,2757,0,2734,2254,2178,2174,No
220000,Female,0,1,35,-2,-2,-2,-2,-2,-2,0,319,10567,319,319,319,319,10567,319,319,319,2420,No
120000,Female,2,1,41,0,0,0,0,0,0,118131,116607,108720,92649,89533,89204,4211,3710,3184,3200,3200,3133,Yes
300000,Female,2,2,49,1,-2,-2,-2,-2,-2,0,0,0,0,0,0,0,0,0,0,0,0,No
210000,Female,1,2,42,-1,-1,-1,-1,-1,-2,4131,24255,7838,7139,-320,-320,24255,7862,7146,0,0,32000,No
50000,Female,2,1,37,0,0,0,0,0,0,50664,49163,49811,49978,20062,20259,3000,2500,2000,1102,2000,2900,No
330000,Female,1,2,44,2,0,0,2,0,0,238795,243621,259517,253863,257535,262753,10300,21400,0,9400,9542,9766,Yes
110000,Female,3,1,42,0,0,0,0,0,0,110191,110736,63652,62738,50687,49850,3200,2450,2027,1710,1800,1700,No
20000,Female,1,2,37,1,-2,-2,-1,-1,-2,0,0,0,1004,0,0,0,0,1004,0,0,0,No
150000,Female,2,1,40,0,-1,-1,-1,0,0,6369,5215,4090,51893,52033,51188,5215,4090,51893,2000,3000,2202,No
140000,Female,3,1,39,0,0,0,0,0,0,127896,131764,134654,138303,119845,122457,7500,6500,7500,5000,4700,5228,No
160000,Female,1,1,40,-1,-1,-1,-1,-1,-1,661,2881,362,20680,7429,527,2881,362,20680,7429,527,0,No
260000,Female,3,1,38,-1,-1,-1,-1,-1,-1,1973,1973,1973,6746,1973,1973,1973,1973,6746,1973,1973,3733,No
150000,Female,3,1,45,1,-2,-2,-2,-2,-1,0,0,0,0,0,10640,0,0,0,0,10640,0,No
50000,Female,2,1,33,0,0,0,0,0,0,34065,35422,32612,31842,27438,26127,3000,2011,1402,3089,3482,5000,No
80000,Female,3,1,36,0,0,0,0,0,0,65205,72922,74943,75399,53373,55554,20000,5000,3000,5000,3000,3000,No
270000,Female,2,1,37,-1,-1,-2,-1,-1,-1,304,-22,-348,326,326,304,0,0,1000,326,304,0,No
60000,Female,2,1,40,0,0,0,0,0,0,58127,59345,58196,47007,32834,29116,2800,2200,1500,1200,1100,1200,No
50000,Female,2,1,45,0,0,0,0,0,0,15240,16252,17678,18658,18784,18779,1574,2000,1290,806,824,697,No
290000,Female,1,1,33,2,0,0,2,2,2,88176,21956,24815,24120,25218,24855,1354,3213,0,1616,0,724,Yes
360000,Female,1,1,43,-1,0,0,0,0,-2,17412,18455,19245,18370,0,0,1328,1637,5000,0,0,0,No
260000,Female,3,2,40,0,-1,-1,-2,-2,-2,260,3000,0,0,0,0,3000,0,0,0,0,0,No
200000,Female,2,2,46,-2,-2,-2,-2,-2,-2,430,430,430,5241,430,59415,430,430,5241,439,59415,1999,No
290000,Female,2,2,38,-2,-2,-2,-1,0,0,0,130,0,24756,25147,25685,130,0,24756,899,942,927,No
50000,Female,2,1,36,1,3,3,2,0,0,17292,18705,18125,17530,18251,19965,2000,0,0,1000,2002,0,No
10000,Female,2,1,37,-1,-1,-1,-1,-1,0,5050,3704,6222,974,8834,6010,5011,6222,984,8834,0,6481,No
180000,Female,1,1,39,2,-1,-1,-1,-1,-1,1343,437,2297,4428,985,4028,438,2308,4446,987,4040,600,Yes
150000,Female,2,2,39,0,0,2,2,0,0,22724,21019,19890,19271,19037,20448,3221,1602,0,1000,1709,0,No
250000,Female,1,2,44,-1,-1,-2,-2,-1,-1,891,-33,-33,-33,267,144,0,0,0,300,144,0,No
130000,Female,2,2,37,2,2,2,2,0,0,82640,85505,87587,85428,86251,88094,5000,4200,0,3000,3100,3100,Yes
540000,Female,1,2,37,0,0,-1,-1,-1,0,4696,6579,1464,-2800,13916,12517,2033,1485,16,20016,2016,2019,No
440000,Female,2,1,39,0,0,0,0,0,0,58639,66698,43399,44534,25341,20000,30000,2000,24534,5000,20000,20839,No
80000,Female,2,2,40,0,0,0,0,0,0,79390,79835,81229,82456,82854,80868,3200,4300,3340,3500,2999,3300,No
120000,Female,2,1,36,1,-2,-1,-1,-2,-2,0,0,1100,0,0,0,0,1100,0,0,0,0,Yes
230000,Female,2,1,35,0,0,0,0,0,-2,68755,35137,34305,22752,5123,0,1607,4305,1000,5123,0,2810,No
60000,Female,3,2,37,0,0,0,0,0,0,53867,54971,57284,58562,29121,27003,2000,3200,3300,1000,1100,1000,No
290000,Female,4,1,49,-1,-1,-2,-2,-2,-1,3950,0,0,1085,445,145,0,0,1085,447,145,247,No
130000,Female,2,1,49,1,-2,-1,-1,-2,-1,0,-390,390,0,-390,390,0,1560,0,0,1170,1170,No
180000,Female,2,2,46,-2,-2,-2,-2,-2,-2,1905,2453,6997,3064,2158,9331,2453,6997,3064,2158,9331,0,No
140000,Female,3,1,42,0,0,0,0,0,0,138391,135476,135956,137143,137195,136300,6300,6500,6265,5000,5006,5000,Yes
500000,Female,1,2,44,0,0,0,0,0,0,120452,190135,212134,201014,222520,208271,100000,50000,10012,50000,10000,10000,No
300000,Female,2,1,42,0,0,0,0,0,0,168796,165430,147077,127270,129397,132142,7010,6000,5006,5000,5000,6000,No
210000,Female,2,1,42,-2,-2,-2,-2,-2,-2,0,0,0,0,0,0,0,0,0,0,0,0,No
150000,Female,2,1,49,-1,-1,-1,-1,-1,-1,575,25622,4992,1578,1216,4475,25622,4992,1578,1216,4475,15964,No
360000,Female,2,1,37,-2,-2,-2,-2,-2,-2,10072,7728,2344,9536,9043,0,7728,2344,9536,9043,0,2909,No
250000,Female,2,1,36,0,0,0,0,0,0,107476,87000,48162,48803,41207,34792,5143,10025,10074,10049,10076,10012,No
200000,Female,1,1,42,-1,-1,2,-1,-1,-1,796,770,770,5259,1329,3609,770,0,5269,1329,2280,0,No
130000,Female,2,1,35,0,0,0,0,0,0,128649,100902,127102,65517,66925,68344,5500,7328,5000,2500,2500,3000,No
100000,Female,3,1,35,-1,0,0,0,0,0,50327,51326,52403,53410,54030,55157,1835,1902,1878,1446,1500,30000,No
40000,Female,3,1,43,-1,-1,-1,2,0,0,780,177,1583,1020,630,240,177,1583,0,0,0,1080,No
130000,Female,3,1,39,0,0,2,0,0,0,91982,99328,96898,97990,100160,102190,8900,0,3600,3800,3800,5000,Yes
160000,Female,3,1,34,-2,-2,-2,-2,-2,-2,717,594,1217,697,650,691,597,1223,700,653,691,17,No
150000,Female,1,2,35,-2,-2,-2,-2,-2,-2,0,26660,858,0,3600,0,26660,858,0,3600,0,458,No
130000,Female,2,2,45,-1,0,0,0,0,0,131221,128161,128884,124514,67739,69614,10006,5069,3634,2476,3019,2394,No
180000,Female,2,1,39,-2,-2,-2,-2,-2,-2,0,0,0,0,0,0,0,0,0,0,0,289,Yes
150000,Female,2,2,30,0,0,0,2,2,2,61785,63150,68125,66432,73312,72015,3000,6000,0,8023,0,5700,No
30000,Female,2,2,31,0,0,0,-2,-2,-2,26830,30900,0,0,0,0,5000,0,0,0,0,0,No
160000,Female,1,2,25,-1,0,-1,-1,0,0,6087,1934,11376,2199,10856,0,1000,11426,2199,10000,0,9867,No
50000,Female,2,2,28,-1,3,2,-1,0,0,1876,1690,429,4836,1170,780,0,0,4836,0,0,0,Yes
130000,Female,2,1,29,0,0,0,0,0,0,67260,69269,72276,74347,77259,78403,4000,5000,4347,5000,3038,2135,No
140000,Female,3,2,31,0,0,0,0,0,0,137254,92636,94641,96667,98883,79972,3320,3500,3600,3900,3000,3000,No
340000,Female,3,1,32,0,-1,0,0,0,0,11049,57301,59375,60216,59842,46882,57301,3000,2600,1000,1817,11022,No
340000,Female,2,1,33,-2,-1,0,-1,0,0,1632,3121,44092,31292,17391,21678,2027,39774,43325,5000,10000,10079,No
90000,Female,2,2,35,2,2,2,2,2,2,89282,91247,68552,67324,39573,28610,6201,0,25000,0,2235,0,No
300000,Female,2,1,42,0,0,0,0,0,0,281000,291482,297425,296884,241037,247383,15000,12039,13000,9000,10059,10000,No
50000,Female,2,2,25,0,0,0,0,0,0,37034,37698,37252,38254,38445,39273,1586,1624,1626,1377,1448,1399,No
50000,Female,2,1,37,0,0,0,0,0,0,48890,49083,48102,91452,9551,9746,1787,2247,1900,382,195,199,No
100000,Female,2,1,42,-2,-2,-2,-2,-2,-2,0,0,3168,0,0,550,0,3168,0,0,550,0,No
20000,Female,3,2,40,3,3,2,0,0,0,18244,17670,17105,18335,10415,8526,0,0,2001,3000,3000,3000,No
390000,Female,2,1,32,-1,-1,-1,-1,-1,0,2075,0,682,10943,9942,11168,0,682,11130,9942,6600,1000,No
30000,Female,3,1,39,-1,2,-1,-1,-2,-2,1937,640,1751,0,0,0,0,1751,0,0,0,0,Yes
20000,Female,2,1,46,1,2,0,0,-2,-2,3098,2901,3800,0,0,0,0,1000,0,0,0,0,Yes
210000,Female,2,2,31,0,0,0,0,0,0,168161,133113,130769,95962,49839,46824,5000,5032,3783,2021,3000,0,No
300000,Female,4,1,31,-2,-2,-2,-2,-2,-2,0,0,0,0,0,0,0,0,0,0,0,0,No
270000,Female,1,2,33,0,0,0,0,0,0,68589,58751,53401,51401,36177,29209,6000,2028,5010,5000,5000,3000,No
90000,Female,2,1,40,2,2,2,2,2,0,4918,4694,6547,7481,7212,7595,0,2100,1200,0,500,1000,Yes
300000,Female,1,2,29,1,-2,-2,-2,-2,-2,0,0,0,0,0,0,0,0,0,0,0,0,No
310000,Female,2,2,31,0,0,0,0,0,0,313956,314859,307371,299501,217763,217659,11000,12500,11000,6600,7000,7493,Yes
130000,Female,2,2,31,0,0,0,0,0,0,95292,97544,99208,102946,103750,105818,4600,4000,5300,3700,3600,3700,No
280000,Female,2,1,34,-2,-2,-2,-2,-2,-2,6398,8321,12798,3581,10310,11717,8331,12805,3587,10361,11734,8800,No
80000,Female,3,2,44,0,0,0,2,0,0,45412,32091,36633,35749,36353,37115,1900,5400,0,1500,1500,1600,Yes
130000,Female,3,2,39,1,2,2,2,0,-1,4867,3189,4634,2946,1473,780,0,2946,0,0,780,0,No
270000,Female,1,1,42,-1,-1,-1,0,0,0,1870,0,8091,8350,8350,0,0,8091,1000,0,0,0,No
20000,Female,2,1,41,-1,-1,-1,-1,0,0,958,1546,1156,9646,6510,2514,1546,1156,9646,130,50,0,No
260000,Female,1,1,36,0,0,0,0,0,-1,122825,88273,91908,90857,-81334,142645,5000,6000,5020,81569,331788,10002,No
170000,Female,2,2,47,0,0,0,0,0,0,62927,36885,34289,31518,31338,31838,1566,1606,1325,1015,10000,1111,No
160000,Female,1,2,35,-1,-1,-1,-1,-1,-1,19082,2815,27380,10028,2824,9940,2815,27380,10050,3000,9940,12498,No
240000,Female,1,2,35,-2,-2,-2,-2,-2,-2,5757,2904,24671,2249,4505,11859,3242,24685,3535,4505,11859,12000,No
170000,Female,2,2,36,-2,-2,-2,-2,-2,-2,2848,1941,0,0,0,0,1941,0,0,0,0,0,No
260000,Female,1,1,38,-2,-2,-1,-1,-2,-2,629,622,3074,0,688,2605,625,3084,691,0,2613,378,Yes
150000,Female,1,2,36,0,0,0,0,0,0,43544,47751,49096,49848,52007,54161,5000,5000,3000,3000,3000,3500,No
500000,Female,1,1,36,-2,-2,-2,-2,-2,-2,8561,682,15714,5390,43386,0,1364,15714,5390,43386,0,0,Yes
320000,Female,2,2,34,0,0,-1,-1,-1,-1,1800,0,312,311,311,8571,0,312,311,311,8571,4204,No
90000,Female,2,1,34,0,0,0,0,0,0,18358,14764,8374,29525,28333,27879,1300,1300,22000,1000,1012,1400,No
200000,Female,2,2,36,1,2,2,2,2,2,73459,76308,78669,75995,79781,81533,4500,4000,0,5500,3000,0,No
160000,Female,3,1,44,2,2,-2,-2,-2,-2,1500,0,0,0,0,0,0,0,0,0,0,0,Yes
120000,Female,1,2,29,-2,-2,-2,-2,-2,-2,0,0,0,0,0,0,0,0,0,0,0,0,No
120000,Female,1,2,30,2,-1,-1,-1,-1,-1,416,416,416,416,0,832,416,416,416,0,832,416,Yes
90000,Female,2,2,30,1,2,0,0,0,2,88093,85730,54727,55506,58529,57157,0,1984,2004,4251,0,2083,Yes
170000,Female,2,1,31,-2,-2,-2,-2,-2,-2,6015,7810,2760,3474,7680,7860,7820,26058,3474,7680,7860,9333,Yes
170000,Female,1,2,33,0,0,0,2,0,0,144031,147135,158528,138030,139444,148093,5500,14000,0,5200,11100,0,No
500000,Female,1,1,33,-2,-2,-2,-2,-2,-2,10486,32539,10644,7780,19099,4281,32648,11000,7823,19215,4281,8190,No
240000,Female,1,2,33,0,0,0,0,0,0,239278,237018,238641,230758,196830,201112,9582,9963,8013,6658,7059,6609,No
210000,Female,2,1,32,-2,-2,-2,-2,-2,-2,0,0,0,0,0,0,0,0,0,0,0,0,No
400000,Female,1,1,33,-1,-1,-1,2,-1,-1,10858,15892,18182,12205,941,6346,16000,2600,24,1000,7053,5000,No
150000,Female,3,1,41,0,0,0,0,0,0,88818,90585,92485,94373,96245,98263,3241,3358,3427,3443,3567,3585,Yes
50000,Female,1,2,27,-1,-1,-2,-1,0,0,6018,0,0,6085,6085,5605,0,0,6085,0,0,6690,No
150000,Female,2,1,28,0,-1,-1,-1,-1,-1,12780,850,850,430,840,430,850,850,430,840,430,860,Yes
230000,Female,2,2,28,-2,-2,-2,-2,-2,-2,0,0,0,0,0,0,0,0,0,0,0,0,Yes
470000,Female,1,1,28,0,0,0,0,0,0,178262,177644,171997,165014,158839,148035,6100,6000,7100,5100,5200,4900,No
30000,Female,2,2,28,3,2,2,5,5,4,1200,1200,1200,1200,1200,600,0,0,0,0,0,0,Yes
100000,Female,3,1,29,1,-2,-2,-1,-1,-1,0,0,0,338,9448,1183,0,0,4838,9448,4183,1485,No
30000,Female,3,1,34,0,0,-1,2,-1,0,8090,0,3398,2855,2115,521,0,6253,0,2115,0,2000,Yes
110000,Female,2,2,40,0,0,0,0,0,0,96950,93571,86595,81077,77747,78913,3255,3056,2802,2813,4000,3500,No
300000,Female,3,1,39,2,0,0,2,2,2,36656,37672,40743,41226,40263,42788,1929,4000,1446,0,3179,0,No
240000,Female,3,0,37,-1,-1,-1,-1,0,0,374,1823,1788,6229,15829,20785,1823,1788,6229,10000,10000,5640,No
350000,Female,2,2,28,1,2,0,0,0,0,358895,346575,345088,341811,265953,93300,0,14579,13557,12000,5000,11000,Yes
220000,Female,1,2,28,-2,-2,-2,-2,-2,-2,2956,2968,3054,4701,2869,3654,2968,3054,4701,2869,3654,2754,No
400000,Female,1,2,35,-2,-2,-2,-2,-2,-2,26930,11187,16593,18569,16947,28590,11187,16596,18572,16947,28590,159259,No
500000,Female,2,1,40,0,0,0,0,0,0,26102,33012,56116,31924,33255,27668,33009,50018,30023,30013,18019,40018,No
280000,Female,3,2,48,0,0,0,0,0,0,166473,167864,140466,142417,126321,117613,7750,5195,5098,4319,4209,4127,No
30000,Female,2,1,37,-2,-2,-2,-2,-2,-2,108,709,11726,2628,2659,4483,709,11726,2713,2659,4483,3676,No
20000,Female,1,2,49,0,0,0,0,0,0,16715,16719,34196,18760,19132,19533,1271,1300,2612,684,709,875,No
270000,Female,4,2,29,1,-1,-1,-1,-2,-1,-9,3265,6125,0,0,29961,3274,6129,0,0,29961,6216,No
270000,Female,1,2,34,0,0,0,0,0,0,126642,127741,132405,131241,127080,122213,4500,7028,4728,5037,4530,5000,No
400000,Female,2,1,34,0,0,0,0,0,0,45514,42620,28584,40673,38068,24418,4854,5005,14218,1722,1438,3381,No
320000,Female,1,2,39,0,0,0,0,0,0,91224,93025,99433,107659,110567,99935,10000,10000,10000,10000,5000,5000,No
140000,Female,2,2,31,1,-2,-2,-1,-1,-1,0,0,0,76,76,76,0,0,76,0,0,0,Yes
70000,Female,2,1,31,0,-1,0,0,-1,0,9319,3652,5284,5950,5296,5713,3652,2284,3000,5296,2000,2625,No
550000,Female,2,1,32,2,0,0,0,0,0,548551,546741,535509,548020,530672,155083,21094,22863,167622,14000,4300,158064,Yes
310000,Female,1,1,47,-1,0,0,0,0,0,2257,5202,6495,5781,7754,12315,3000,3000,1000,4000,5000,5000,No
130000,Female,1,2,32,0,0,0,0,0,0,126164,126080,129104,130745,127344,127809,6500,7000,8000,5000,4500,4500,No
220000,Female,2,1,34,0,0,0,0,0,0,154029,153012,154508,152829,152842,152747,5700,6000,6814,5500,5800,5700,No
300000,Female,1,1,35,-2,-2,-2,-2,-2,-2,0,0,0,0,0,0,0,0,0,0,0,0,No
110000,Female,2,1,35,-1,-1,-1,0,0,-1,1245,1245,1490,2490,1245,2675,1245,1490,2245,0,2675,0,No
50000,Female,2,1,44,1,2,2,2,2,2,24622,26999,28071,27326,28769,28170,3100,1800,0,2200,0,2700,Yes
300000,Female,1,2,40,-1,3,2,2,2,2,5130,4903,4679,6596,6344,9067,0,0,2000,0,3000,0,Yes
200000,Female,2,1,36,-2,-2,-2,-2,-2,-2,3131,207,3578,0,0,0,207,3599,0,0,0,3832,No
360000,Female,3,2,38,-1,-1,-1,-1,0,0,6904,-507,751,15369,7845,6786,0,1502,15369,200,0,0,Yes
500000,Female,1,2,34,0,0,0,0,0,0,80630,80112,81726,74297,66132,67695,3000,3006,2600,3000,2600,2800,No
290000,Female,2,1,42,0,0,0,0,0,0,19281,21654,20073,25966,22347,12572,6654,1476,10002,447,251,16338,No
430000,Female,1,1,37,-2,-2,-2,-2,-2,-2,1013,0,2320,0,4139,0,0,2320,0,4139,1015,0,Yes
180000,Female,3,2,34,1,-2,-2,-2,-1,-1,3700,4696,3763,-3,3667,1598,4696,3763,3,3670,1799,0,No
90000,Female,3,1,35,0,0,0,0,0,0,35872,35687,35538,34780,34468,30520,1578,1583,1773,1294,1248,1276,No
280000,Female,2,1,43,-2,-2,-2,-2,-2,-2,14633,5600,13397,20004,10571,8430,5600,13397,20004,10571,8430,13561,No
230000,Female,2,2,37,0,0,2,0,0,0,29087,30589,20958,21637,19846,12770,2100,1000,1252,500,1000,1000,No
70000,Female,2,1,39,0,0,0,0,0,-2,54801,52714,18596,9760,0,0,5336,1268,1052,0,0,0,No
110000,Female,2,1,38,-2,-2,-2,-2,-2,-2,4976,2532,3102,1979,690,1042,2532,3102,1979,690,1042,8420,No
70000,Female,3,1,32,0,0,0,0,0,0,70122,69080,68530,69753,70111,70212,2431,3112,3000,2438,2500,2554,No
180000,Female,2,1,32,-1,2,-1,-1,-1,-1,3305,1649,1473,1473,2705,1473,0,1473,1473,2705,1473,1473,No
240000,Female,3,2,35,-2,-2,-2,-2,-2,-2,0,0,0,0,0,0,0,0,0,0,0,0,Yes
210000,Female,1,1,40,-2,-2,-2,-2,-2,-2,0,0,0,0,0,0,0,0,0,0,0,0,No
20000,Female,2,2,46,-1,-1,-1,-1,-2,-2,390,0,780,0,0,0,0,780,0,0,0,0,Yes
80000,Female,3,1,48,0,-1,0,0,0,0,3188,6239,7304,5050,5357,5466,6239,1185,1000,307,109,112,No
50000,Female,1,2,33,0,0,0,0,0,0,13452,14524,15586,16622,17344,17864,1300,1300,1300,1000,800,1000,No
80000,Female,1,2,34,-1,-1,-1,2,0,0,34827,27881,16801,12532,12059,1242,27881,12532,1,0,0,717,No
60000,Female,2,3,34,1,-1,0,0,-2,-1,0,60559,56317,0,0,567,60559,1126,0,0,567,1222,No
50000,Female,2,2,48,1,4,3,2,2,2,10024,9723,9427,9075,10037,12503,0,0,0,1000,0,264,No
200000,Female,6,1,43,0,0,0,0,0,0,198595,194734,190447,187224,183641,178239,7003,7000,7000,6510,6550,6001,No
140000,Female,2,1,42,1,-2,-1,-1,-1,-1,0,0,1497,1039,1139,0,0,1497,1039,1139,0,5023,No
180000,Female,2,2,30,0,0,0,0,0,0,174104,171889,172288,175557,178010,178976,7000,8000,8000,7001,6600,7000,No
160000,Female,2,1,32,0,0,0,0,0,0,18400,18699,26919,29801,40433,51329,10000,10018,15021,15000,20000,20000,No
200000,Female,2,1,34,-2,-2,-2,-2,-2,-2,0,0,0,0,0,0,0,0,0,0,0,0,Yes
600000,Female,2,1,38,1,2,2,2,0,0,51072,49889,39635,35130,33229,32171,0,4000,0,1500,2000,3000,No
20000,Female,2,1,46,4,3,2,3,2,0,15833,15286,17021,16461,15901,16294,0,2277,0,0,800,1400,Yes
220000,Female,1,1,44,0,0,0,0,0,0,215191,215969,216849,214030,213678,190469,10000,10000,7000,6568,6000,5000,No
140000,Female,1,1,40,2,2,0,0,0,2,34359,33521,34685,35399,36616,36893,0,2000,1583,1800,1000,3000,Yes
240000,Female,2,2,38,1,-2,-2,-2,-2,-2,0,0,0,0,0,0,0,0,0,0,0,0,Yes
20000,Female,1,2,32,-1,-1,-1,-2,-1,-1,2095,7733,0,0,4076,1911,7733,0,0,4076,1911,0,Yes
310000,Female,2,1,32,0,0,0,0,0,0,69886,70950,71403,69478,53786,52791,2177,2216,1879,1563,2000,1539,No
230000,Female,3,1,39,1,2,-1,2,-1,0,6499,4791,4858,316,316,316,0,4858,0,632,0,2468,No
130000,Female,1,2,34,-2,-2,-2,-2,-2,-2,0,0,388,0,418,0,0,388,0,418,0,238,No
200000,Female,3,2,33,1,2,0,0,0,0,18021,17374,15463,17314,14245,0,0,3027,6223,0,0,0,No
200000,Female,2,1,40,-2,-2,-2,-2,-2,-2,531,0,2358,2477,958,11312,0,2358,2477,958,11312,0,No
500000,Female,1,2,28,-2,-2,-2,-2,-2,-1,4428,-31,-31,3963,3418,858,0,0,3994,3435,860,0,No
80000,Female,2,1,37,0,0,0,-1,0,-1,10559,11991,14286,1554,6554,2615,1621,5000,1554,5000,2615,5308,No
360000,Female,1,2,29,-2,-2,-2,-2,-2,-2,0,0,0,0,0,0,0,0,0,0,0,0,Yes
30000,Female,2,1,33,0,0,0,0,0,0,28938,30246,30485,30274,29967,23477,1800,1574,1300,886,1000,686,No
190000,Female,2,2,44,0,0,0,0,0,0,162051,168517,169675,171908,153857,153988,17917,7601,7602,6010,6010,6001,No
350000,Female,1,1,36,-2,-2,-2,-2,-2,-2,1133,0,1342,2195,0,37800,0,1342,2195,0,37800,1000,No
260000,Female,2,1,31,-1,-1,-1,-1,-1,-1,2224,1996,1497,-3,2138,900,2007,1501,0,2141,902,197,No
190000,Female,2,1,37,0,0,2,2,2,2,105679,115049,117856,119570,116284,123528,11000,6000,5000,0,9000,4000,No
230000,Female,2,1,34,-2,-2,-2,-2,-2,-2,0,0,615,0,0,0,0,615,0,0,0,0,No
250000,Female,1,2,32,-1,-1,-1,-1,-1,0,10495,2150,46975,10880,8974,36805,2150,46975,10890,8974,30000,65325,No
270000,Female,1,1,40,-1,-1,-1,0,0,0,9658,8714,6425,10116,15953,19556,8781,6425,6000,8000,6000,6000,No
100000,Female,2,1,43,0,0,0,0,0,-2,94713,97503,100138,99000,0,0,4366,5100,2000,0,0,0,No
260000,Female,2,1,38,0,0,0,0,0,0,163550,166795,171803,175248,175157,178850,5966,7692,7788,6267,6513,10000,No
410000,Female,2,2,33,-2,-2,-2,-2,-2,-2,4720,25488,7022,3321,2745,500,25488,7022,3326,2745,500,1543,No
80000,Female,2,1,39,0,0,0,0,0,0,77020,76246,49428,34024,46073,47038,3179,1699,1712,22965,1706,1727,Yes
450000,Female,3,1,36,-2,-2,-2,-2,-2,-2,0,0,0,0,0,0,0,0,0,0,0,0,No
30000,Female,6,2,45,0,0,0,0,0,0,25298,26866,27662,28474,28494,0,2000,2000,1500,1000,0,0,No
600000,Female,3,2,44,0,0,0,-1,0,0,140179,112498,82803,380337,368527,390197,5000,8340,380478,12625,60000,7000,No
60000,Female,2,2,34,2,0,0,0,0,-1,60707,59675,59690,59513,28494,29149,2102,2922,1586,570,31110,1212,No
280000,Female,2,1,34,-2,-2,-2,-2,-2,-2,9103,6419,11966,5844,8994,14631,6439,12042,5844,4672,14724,4429,No
230000,Female,1,1,36,-1,-1,-1,-1,-1,-1,1240,2078,380,2100,530,2282,2078,380,2100,530,2282,1390,No
210000,Female,2,2,31,-1,-1,-1,-1,-1,-1,1154,1368,1080,1567,788,0,1368,1080,1567,788,0,1638,Yes
60000,Female,1,2,33,1,-2,-1,0,0,0,1242,0,4028,59334,54526,58575,0,4028,56626,2100,5000,2000,No
270000,Female,1,2,37,-2,-2,-2,-2,-2,-2,7842,6380,16098,1350,558,0,6380,16098,1350,558,0,128934,No
80000,Female,3,1,41,-1,-1,-1,-1,-1,-1,3526,10129,6100,6420,606,7228,10129,6100,6434,606,7228,14387,No
80000,Female,2,1,44,-2,-2,-2,-1,4,3,0,0,0,600,600,300,0,0,600,0,0,0,No
360000,Female,2,1,40,-1,-1,-1,-1,-1,0,4343,725,4268,2085,26896,18455,725,4268,2085,13448,7455,4759,No
300000,Female,1,2,38,0,0,2,-1,-1,-1,15001,12751,2318,3792,11977,29127,2318,0,3792,11977,29127,16600,Yes
270000,Female,1,1,44,-2,-2,-2,-2,-2,-2,-106,2894,25417,3839,1794,2459,3000,25500,4000,2000,2459,10000,No
200000,Female,1,2,46,-2,-2,-2,-2,-2,-2,2263,3441,2124,6041,2975,3441,3448,2124,6063,2975,3441,1841,No
20000,Female,2,2,46,-1,-1,-1,0,0,-2,189,2249,3551,6180,0,0,2249,3551,5000,0,0,0,Yes
20000,Female,2,1,32,0,0,0,2,2,2,8217,9910,12146,11954,14750,14371,2000,2400,600,3000,0,600,Yes
30000,Female,2,1,33,2,2,0,0,0,0,29498,28718,29761,30203,29803,29803,1,2000,1400,0,0,67,Yes
50000,Female,1,1,35,0,0,0,0,-1,0,45822,47173,48592,-22108,45709,39188,2413,2832,39,91983,1570,1445,No
230000,Female,4,2,30,0,0,0,0,0,0,168708,161074,151884,146113,147650,43703,10699,5080,10000,3560,45000,86000,No
50000,Female,2,1,39,1,2,2,2,2,2,16983,16413,21128,20492,30079,29460,0,5000,0,10000,0,10000,Yes
70000,Female,3,1,31,0,0,0,2,2,0,9633,11462,14259,15525,14772,15380,2000,3000,2000,0,1000,1000,No
100000,Female,1,2,31,1,2,-1,-1,-1,-1,9311,5107,1647,3348,1458,1458,0,1647,3348,1458,1458,1677,No
100000,Female,3,1,30,1,2,2,0,0,0,46809,47121,45239,44712,43654,44678,2000,0,1900,1600,3200,0,No
210000,Female,1,2,31,-1,-1,-1,-1,0,0,12618,6313,16488,12900,20108,18378,6344,16560,13024,12541,7091,11414,No
450000,Female,1,2,31,-1,-1,-2,-2,-1,0,2609,0,0,0,17855,3430,0,0,0,17855,0,2500,No
300000,Female,3,2,31,0,0,0,0,0,0,92235,67283,65059,147613,236687,237105,4505,6039,100000,100000,8600,8500,No
480000,Female,1,2,32,-2,-2,-2,-2,-2,-2,11872,38933,23479,52177,54005,53853,40000,23479,52209,54005,54500,42321,No
100000,Female,2,2,30,1,2,0,0,2,2,31708,30904,31953,34308,34951,34261,0,1850,3200,1500,0,1500,Yes
110000,Female,1,2,32,-1,0,0,0,0,0,3610,15427,19563,21994,21994,8391,12000,5000,3000,3000,2000,1000,No
100000,Female,2,2,31,0,0,0,0,0,0,91344,92309,94421,97486,97604,97241,3309,4421,5486,3400,3541,3894,Yes
200000,Female,1,2,31,-2,-2,-2,-2,-2,-2,0,950,0,1782,669,0,950,0,2422,669,0,0,No
100000,Female,1,2,30,0,0,2,2,2,2,7384,10253,9945,14269,13743,16011,3000,0,4500,0,2500,0,No
50000,Female,2,1,30,-1,-1,-2,-2,-2,-2,1500,0,0,0,0,0,0,0,0,0,0,0,Yes
20000,Female,2,1,31,0,0,0,0,0,0,13080,10911,18890,11026,5863,3273,1500,2000,2000,1000,1000,0,No
490000,Female,2,1,31,0,0,0,0,0,0,470579,482733,492718,282450,287363,272578,19469,20000,12000,11000,10000,10000,No
310000,Female,1,1,32,0,0,0,0,0,0,141203,84594,66624,48213,144758,601,7000,5500,4000,100000,601,360,No
240000,Female,1,2,33,-2,-2,-2,-2,-2,-2,5000,0,5000,0,254,9366,0,5000,0,254,9366,1150,No
390000,Female,1,2,32,0,0,0,0,0,0,16566,20213,15204,13529,14139,14496,9076,8000,1500,1500,519,7000,No
140000,Female,2,2,33,0,0,0,0,0,2,59097,59655,60992,62253,69594,68262,2137,2300,2278,9300,0,3000,No
120000,Female,1,2,33,-1,-1,-1,-1,-1,2,332,332,538,3160,2928,2596,332,538,3160,100,0,2959,Yes
30000,Female,3,1,33,0,0,0,0,0,0,29666,29033,29345,29125,29859,29016,1763,1676,1456,1190,1056,1592,No
230000,Female,2,1,32,-1,-1,0,0,0,0,399,1560,1766,2720,3720,0,1560,1046,1000,1000,0,0,No
320000,Female,1,2,32,0,0,0,-1,-1,-1,13720,20219,18087,5639,-41,5613,8015,1140,5639,0,5654,0,No
110000,Female,1,2,32,0,0,0,-2,-2,-2,60558,30900,0,0,0,0,1900,0,0,0,0,0,No
180000,Female,1,2,32,-2,-2,-2,-2,-2,-2,-30,2200,5643,2285,1498,3092,2230,5643,2298,1502,3101,2959,No
430000,Female,1,2,33,0,0,0,0,0,0,345053,336467,321019,272838,206081,163130,13206,36000,30000,30000,30000,104000,No
230000,Female,1,2,33,0,-1,-1,-1,-1,-1,7990,13450,56729,-1310,6734,87161,13450,56729,0,8044,87161,5000,No
140000,Female,2,1,33,1,-1,-1,-1,-1,-1,-23,5742,0,1920,1180,0,5765,0,1920,1180,0,60000,No
180000,Female,1,2,31,-1,-1,-1,-1,-1,-1,766,243,243,243,4889,243,243,243,243,4889,243,13868,No
60000,Female,2,2,31,1,2,0,0,0,2,20544,19921,20993,21736,23172,22661,0,1700,1400,1800,0,1800,No
310000,Female,2,2,31,0,0,0,2,2,0,86082,78328,78380,77102,66828,58520,3550,6000,2559,45,3033,3000,No
320000,Female,2,1,33,0,0,0,0,0,0,324160,295866,226752,222278,224190,226836,10067,11000,5000,4519,2646,21457,No
100000,Female,1,2,33,-2,-2,-2,-2,-2,-2,3417,7366,12146,752,5931,7855,7400,12146,752,5931,7855,3966,No
120000,Female,2,2,33,1,2,2,2,2,2,68493,70275,68592,72525,73741,72440,3500,0,5700,3000,0,3000,Yes
260000,Female,1,2,33,-2,-2,-2,-2,-2,-2,18480,3958,-86,-86,17315,14961,3978,0,0,17401,15036,18207,Yes
170000,Female,1,2,32,-1,-1,-1,-1,-1,-1,13880,6367,9351,22222,20437,8744,6593,9361,22222,20437,8744,3620,No
200000,Female,1,2,31,-1,2,2,-2,-2,-2,450,450,0,0,0,0,0,0,0,0,0,0,No
50000,Female,1,2,32,0,0,0,0,0,0,5458,5175,12950,11188,12167,14873,1500,7956,3188,2200,7000,2810,No
350000,Female,2,2,32,-1,-1,-1,-1,-1,0,10362,42541,10723,1310,7796,5225,42541,10723,1310,7796,0,0,No
110000,Female,1,2,31,0,-1,-1,-2,-2,-2,14268,2491,0,0,0,0,2491,0,0,0,0,0,No
240000,Female,1,1,30,0,0,0,0,0,0,236823,241067,240998,244836,233036,237938,10279,10500,10581,8000,8500,9400,No
120000,Female,2,1,30,2,-1,3,2,0,-1,1248,1701,1551,1410,479,3158,1701,0,9,0,3158,0,No
150000,Female,1,2,32,0,0,0,0,0,0,18519,19926,18600,13551,20759,21200,3000,4003,2551,15579,11200,3575,No
180000,Female,2,1,34,-2,-2,-2,-2,-2,-2,10485,274,9333,26656,274,1624,274,9333,26656,274,1624,274,Yes
200000,Female,2,2,34,0,-1,-1,-1,-2,-2,13112,13011,12000,0,0,0,13011,12000,0,0,0,107918,No
250000,Female,1,2,33,-1,-1,-2,-1,0,0,16317,0,0,188841,194321,198156,0,0,188841,8500,8000,7080,No
200000,Female,2,1,36,-2,-2,-2,-2,-2,-2,0,0,0,0,0,0,0,0,0,0,0,0,No
150000,Female,2,1,45,0,0,0,0,0,0,141292,131970,136267,138934,140315,139258,4719,6419,6436,5113,5210,5549,No
380000,Female,3,1,46,1,-2,-1,-1,-1,-1,0,0,224,4034,0,2062,0,224,4034,0,2062,0,No
180000,Female,2,1,47,0,0,0,0,0,0,176424,164745,168208,171667,175219,173597,5896,6117,6268,6445,6379,6300,No
20000,Female,2,1,35,1,2,2,2,0,0,16335,15780,18411,17809,18009,16595,0,3200,0,765,700,774,Yes
100000,Female,1,1,49,1,2,0,0,0,2,103307,97590,99560,95952,98744,97896,0,4700,4400,6000,2000,4000,Yes
300000,Female,2,2,36,-1,-1,-1,0,0,0,8310,2592,77000,78718,80908,90495,2592,77000,3000,3500,11100,0,No
450000,Female,1,2,36,1,-2,-1,-1,-1,-2,5909,964,613,1797,679,10643,968,615,1834,682,10697,30451,No
220000,Female,2,1,35,2,2,2,2,0,0,29202,30420,32222,32983,34031,36321,2000,2600,1600,1600,3000,0,Yes
200000,Female,3,2,45,-2,-2,-2,-2,-2,-2,0,10221,1356,0,984,134,10221,1356,0,984,134,81,No
80000,Female,2,1,35,1,2,2,2,0,0,78959,76699,81477,79035,28503,29711,0,6800,0,1000,2000,1500,Yes
430000,Female,1,1,46,-2,-2,-2,-2,-2,-2,9270,43717,4153,4196,447,0,43717,4153,4196,447,0,3566,No
200000,Female,2,1,40,-2,-2,-2,-2,-2,-2,1521,-5,-5,-5,-5,1028,0,0,0,0,1033,12857,No
90000,Female,1,1,36,-1,-1,-1,-1,-1,-1,3860,1770,2135,316,3491,1716,1826,2150,316,3491,1716,2706,No
200000,Female,1,1,38,-1,-1,-1,-1,-1,-1,4891,28258,14712,5216,6317,6207,28258,14712,5229,6317,6207,5464,No
60000,Female,2,1,47,0,0,0,0,0,0,9253,56120,57614,58699,57302,51812,50000,3000,2700,3000,3000,3000,No
250000,Female,1,2,36,-2,-2,-2,-1,-1,-1,2200,0,0,124832,7984,1500,0,0,124832,7984,1500,12674,No
200000,Female,1,1,40,0,0,0,0,0,0,9141,9046,9635,10197,10118,10535,1138,1157,1149,500,1000,1000,No
360000,Female,2,2,45,-2,-1,2,2,-2,-2,0,2500,2500,0,0,0,2500,0,0,0,0,0,No
200000,Female,1,2,33,0,0,0,0,0,0,196304,195766,195191,182027,139901,135720,9000,8939,8099,5000,5000,5000,No
500000,Female,2,2,41,-2,-2,-2,-2,-2,-2,6305,5692,1556,2080,4403,3405,6332,1742,2080,4409,3405,0,No
200000,Female,1,1,38,0,0,0,0,0,0,185155,180069,179899,170716,164553,165326,6500,8000,7520,6000,6100,7500,No
230000,Female,1,2,44,0,0,0,0,0,0,230101,224517,223544,147971,61570,80279,10125,12966,5506,1623,80000,105451,No
50000,Female,3,1,37,-1,-1,0,0,0,0,389,25352,25998,26579,26710,26871,25742,1435,1406,927,952,966,No
260000,Female,1,1,38,0,0,-1,0,-1,-1,16995,12947,31394,26254,6522,0,3087,33000,2000,6522,0,5320,No
320000,Female,2,2,35,0,0,0,0,0,0,125567,125782,118294,119014,120567,128642,6831,12000,6700,5000,10000,0,No
50000,Female,2,1,39,0,0,0,0,0,0,48651,48939,49204,46415,28453,29094,2200,1739,9500,1500,1210,1000,No
150000,Female,2,1,35,-2,-2,-2,-2,-2,-2,-10,8846,6731,0,1800,0,8856,6731,0,1800,0,0,Yes
160000,Female,1,1,36,-1,-1,0,-1,-1,-1,1714,2845,3342,171,1770,837,2845,1000,171,1770,837,299,No
500000,Female,2,1,43,0,0,0,0,0,0,374802,355323,352868,353297,377371,365278,14000,14500,13000,13000,15000,15000,No
350000,Female,1,1,44,-2,-2,-2,-2,-2,-2,8544,0,0,0,8631,277,0,0,0,8631,277,7545,No
230000,Female,3,2,48,-1,-1,-1,-1,-1,-1,3096,518,4988,3528,3642,14073,518,5003,3528,3642,14073,1485,Yes
200000,Female,2,1,39,-1,-1,-1,-1,-1,-1,2485,3788,5512,1986,2504,13484,3798,5512,1996,2504,13484,10075,No
500000,Female,2,2,39,0,0,0,0,0,-1,229332,161360,117606,18343,15737,203291,7400,6000,1889,3781,208122,6084,No
130000,Female,1,2,34,0,0,0,0,0,0,76589,77387,78995,80190,79920,80972,3400,4200,4500,3000,3200,3000,No
290000,Female,2,2,34,0,0,0,0,0,0,25530,37737,29636,24104,33814,32530,15035,1539,1290,10000,5000,3000,No
210000,Female,2,2,34,0,0,0,0,0,0,73415,76188,78276,81246,78971,80359,4002,4000,4323,3501,3000,2700,No
240000,Female,1,2,36,-1,-1,-1,-1,-1,-1,330,3152,5400,3799,574,4899,3152,5416,3799,577,4899,1450,No
80000,Female,2,1,36,-2,-2,-2,-2,-2,-2,6746,556,556,2904,556,4226,556,556,2904,556,4226,3683,No
150000,Female,1,2,36,0,0,0,0,0,2,127204,247984,125502,129589,133145,139322,5900,5000,6163,7200,10500,4900,Yes
200000,Female,5,1,39,-2,-2,-2,-2,-2,-2,500,0,0,0,0,0,0,0,0,0,0,0,No
110000,Female,2,2,36,2,2,-2,-2,-2,-2,112900,0,0,0,0,0,0,0,0,0,0,0,Yes
320000,Female,3,1,33,0,0,0,0,0,2,71047,19161,19829,17692,15648,15255,2000,1300,1600,2500,0,1000,No
380000,Female,2,1,43,1,-2,-2,-1,-1,-1,0,0,0,2039,0,4481,0,0,2039,0,4481,312,No
150000,Female,1,1,43,-1,-1,-1,-1,-1,-1,6940,6200,6962,9301,9266,6441,6200,6962,9301,9266,6441,6706,No
500000,Female,1,2,37,-2,-2,-2,-2,-2,-2,747,0,0,989,0,0,0,0,989,0,0,880,No
500000,Female,2,1,49,-2,-2,-2,-2,-2,-2,12871,5177,4199,7507,4696,58292,5177,4199,7507,4696,58292,36000,No
370000,Female,2,1,44,-2,-2,-2,-2,-2,-2,0,1742,0,0,0,0,1742,0,0,0,0,0,No
300000,Female,2,1,39,-2,-2,-2,-2,-2,-2,2022,537,142,656,620,502,537,142,656,620,502,142,No
150000,Female,2,2,37,-2,-2,-2,-2,-2,-2,0,0,596,22131,0,1596,0,596,22131,1980,1596,4617,No
210000,Female,1,1,38,-2,-2,-2,-2,-2,-2,-81,-81,-81,-81,-81,-81,0,0,0,0,0,0,No
280000,Female,1,1,39,-2,-2,-2,-2,-2,-2,1397,0,136,0,0,350,0,136,0,0,350,297,No
230000,Female,2,1,44,-2,-2,-2,-2,-1,0,14029,9035,11979,6667,11972,8654,9140,12039,6700,11988,22,8910,No
360000,Female,2,2,37,0,0,0,0,0,0,292725,296679,301181,303398,289602,289457,10638,11115,10700,9820,9902,9910,No
230000,Female,2,1,40,-1,-1,-1,0,0,0,1215,225,5703,6560,11560,0,525,5703,1000,5000,0,7790,No
450000,Female,2,1,44,-2,-2,-2,-2,-2,-2,8521,15934,7266,8331,8188,10455,16080,7299,8364,8266,10505,7268,No
240000,Female,1,2,34,2,0,0,0,0,0,5488,1788,2840,3750,4750,-10,1700,1090,1000,1000,0,0,Yes
300000,Female,1,2,41,-1,-1,-2,-2,-2,-2,5770,0,0,0,0,0,0,0,0,0,0,0,No
240000,Female,2,1,38,0,0,0,0,0,0,197231,185901,189190,193018,188593,179309,6702,7000,7000,6500,6600,6230,No
230000,Female,2,1,37,-1,0,0,0,0,0,1054,2869,5567,2622,5550,7446,2000,3000,2000,3000,2000,3000,Yes
230000,Female,1,2,41,-1,-1,-1,-1,0,0,12731,6684,10834,28540,56660,46213,7000,15000,29000,30000,0,5000,No
160000,Female,1,2,39,-2,-2,-2,-2,-2,-2,0,300,0,0,821,0,300,0,0,821,0,0,No
360000,Female,5,1,39,-1,-1,-1,-1,0,-1,3102,552,31029,7731,1154,799,552,31051,7731,0,799,3238,No
10000,Female,2,1,42,0,0,0,0,0,0,8710,9601,8810,7637,6307,4877,1200,1172,1000,500,400,3000,No
430000,Female,1,2,38,-1,-1,-1,-1,-1,-1,590,590,590,590,590,590,590,590,590,590,590,590,No
80000,Female,1,1,39,1,2,2,2,0,0,21340,22389,23017,22349,22791,23331,1700,1280,0,814,905,30331,No
310000,Female,1,1,39,-1,-1,-1,-1,0,0,3803,678,3050,9080,4990,4940,681,3072,9100,23,4964,1676,No
150000,Female,3,1,41,0,0,0,0,0,-2,20934,21364,21196,21715,0,0,1500,1500,1000,0,0,0,No
200000,Female,2,1,43,0,0,-2,-1,-1,-2,2893,0,230,2059,0,0,0,230,2059,0,0,0,No
210000,Female,1,1,44,-1,-1,-1,-1,-1,0,360,360,1234,722,1326,360,360,1234,722,1326,0,2388,No
400000,Female,2,2,43,-2,-2,-2,-2,-2,-2,15000,18400,15000,492,14926,7626,18400,15000,492,15000,7725,3000,No
80000,Female,2,1,40,-1,-1,-1,-1,-1,-1,2667,2035,32194,1729,590,9628,2035,32194,1729,590,9628,16059,No
240000,Female,2,1,41,-2,-2,-2,-2,-2,-2,5366,-34,6911,611,2631,4583,0,6945,614,2634,4606,6242,No
300000,Female,2,1,33,2,2,0,0,0,0,279065,273067,278910,283920,253113,246560,0,10638,10569,8809,8883,9960,Yes
90000,Female,2,1,44,2,2,-1,-1,-1,-1,1654,827,827,2040,1279,1292,0,827,2040,1279,1292,1378,No
180000,Female,2,1,35,-1,-1,-1,-1,-1,-1,11285,11781,13613,8401,1859,429,11798,13694,8401,1859,429,946,No
210000,Female,2,1,48,-1,-1,-1,-1,-1,-1,1417,-3,355,12816,0,102,0,358,12816,0,102,210,No
240000,Female,1,2,37,3,2,2,2,2,2,164691,167489,170329,173033,175678,179707,7000,7000,7000,7000,7000,7000,Yes
170000,Female,1,1,44,-2,-2,-2,-2,-2,-2,0,0,0,0,0,0,0,0,0,0,0,0,No
50000,Female,1,2,37,0,0,0,-1,0,0,43886,50411,9688,857,3810,4741,2500,7026,1000,3000,1000,1000,No
50000,Female,2,1,39,0,0,0,0,0,0,45989,47302,48330,47763,48578,49015,2081,2109,2049,1864,1923,1882,No
230000,Female,1,2,39,-1,-1,-1,-2,-2,-2,900,1945,0,0,0,0,1945,0,0,0,0,1720,No
310000,Female,1,1,34,0,0,0,0,0,0,270776,263983,215686,186680,82775,107595,11080,8054,7037,2010,50186,2011,No
150000,Female,3,2,35,1,-1,-1,-1,-1,-2,0,200,708,1201,0,0,200,708,1201,0,0,0,No
200000,Female,1,2,35,-2,-1,-1,-1,-1,-1,0,185,1916,0,150,1348,185,1916,0,150,1348,1000,No
80000,Female,2,2,39,2,2,2,0,0,0,129966,123747,106582,94318,113474,57324,9685,0,3659,13500,2078,2152,Yes
500000,Female,1,1,37,-2,-2,-2,-2,-2,-2,6757,9505,12171,11345,28731,67206,9505,12176,11564,29321,67206,8602,No
20000,Female,3,1,46,0,0,2,2,2,2,11691,14179,13662,15518,14972,16925,3000,0,2088,0,2200,0,Yes
150000,Female,1,2,34,-2,-2,-2,-2,-2,-2,0,0,0,0,0,0,0,0,0,0,0,0,Yes
100000,Female,5,2,34,0,0,0,0,0,-1,91674,91348,87244,23181,7721,3219,5004,3811,3002,4000,3219,1864,No
210000,Female,3,1,44,-2,-2,-2,-2,-2,-2,11771,13462,17706,0,5646,14793,13462,17706,0,5646,14793,7376,Yes
300000,Female,2,1,40,1,-2,-2,-2,-2,-2,0,0,0,0,0,0,0,0,0,0,0,0,No
80000,Female,2,2,32,1,2,-1,2,2,2,7604,7320,150,150,800,650,0,150,0,650,0,500,Yes
410000,Female,1,2,31,0,0,0,0,0,0,134072,133604,133882,135954,134250,129971,15003,15877,30000,14250,9971,27380,No
90000,Female,3,1,36,0,0,-1,0,0,0,79642,79001,18318,18982,19371,19608,1580,19789,1295,1000,849,1000,No
270000,Female,2,1,43,0,0,0,0,0,0,135068,102743,100360,97583,91849,94824,5000,7000,4049,1000,5003,0,No
230000,Female,3,1,38,0,0,0,0,0,0,67810,61602,48294,49242,48831,51125,1980,1823,1771,1896,3232,2026,No
150000,Female,2,2,42,0,0,0,-2,-2,-1,97066,95040,0,0,0,217,2000,0,0,0,217,2972,No
150000,Female,2,2,44,2,2,0,0,0,0,168179,159008,157164,155109,153033,156636,0,5684,5538,5410,11000,0,Yes
350000,Female,2,1,43,-2,-2,-2,-2,-2,-1,2124,3027,2448,4590,0,430,3048,2460,4616,0,430,430,No
210000,Female,3,2,43,-1,-1,-1,-2,-2,-2,7605,1170,0,0,0,0,1170,0,0,0,0,3015,No
130000,Female,3,1,44,0,0,0,0,0,0,40331,43929,45816,47018,48550,49737,5000,3390,3000,3000,1955,3000,No
500000,Female,1,1,49,-2,-2,-2,-2,-2,-2,27936,2305,9073,5714,31868,3663,2305,9083,6105,31868,3663,8110,No
280000,Female,2,1,48,2,-1,0,0,0,0,9511,35852,36875,75016,38304,27383,35852,1467,1200,1792,15137,0,Yes
450000,Female,1,1,39,-2,-2,-2,-2,-2,-2,8494,24178,5307,118852,11489,26518,25128,5318,118877,11489,26518,3575,No
200000,Female,2,2,46,0,0,0,0,0,0,120343,121198,123834,136629,139504,142269,4342,4593,14955,5143,5166,5349,No
290000,Female,2,1,34,0,0,0,0,-1,0,53437,44037,5441,7371,38832,41955,1274,1200,2033,38832,3900,188423,No
170000,Female,2,1,35,1,-2,-2,-2,-2,-2,0,0,0,0,0,0,0,0,0,0,0,0,No
380000,Female,2,1,39,0,0,0,0,0,0,307388,280090,249018,252496,253331,238051,12936,9190,9000,8100,8100,8000,No
180000,Female,1,2,35,1,-2,-2,-2,-2,-2,-18,-18,-18,-18,-18,-18,0,0,0,0,0,0,Yes
280000,Female,1,2,35,-1,-1,-1,-1,-1,-1,6494,28723,9432,3472,3472,10237,28723,9432,3472,3472,10237,12129,No
200000,Female,2,1,31,-2,-2,-2,-2,-2,-2,2167,9003,1301,7066,3486,12191,9003,1301,7070,3688,12191,4760,No
220000,Female,2,1,40,1,-2,-2,-2,-2,-2,8359,14447,6791,6495,5093,5503,14518,6835,6535,5118,5529,10026,No
240000,Female,1,1,38,2,2,2,2,2,2,107425,109678,111948,112626,113988,116315,5500,5500,4000,4700,4300,4500,Yes
470000,Female,2,2,43,-2,-2,-2,-2,-2,-2,5631,404,-3,-3,352,0,404,0,0,355,0,2090,No
280000,Female,1,2,35,0,-1,-1,-1,-1,-1,10089,38936,7444,4858,2309,8925,40000,8069,5005,2400,9000,7678,No
200000,Female,1,2,43,-2,-2,-2,-2,-2,-2,-109,-109,-109,-109,-109,-109,0,0,0,0,0,0,Yes
20000,Female,3,1,46,1,2,2,0,0,2,8131,9042,8753,9916,10793,10400,1200,0,1316,1193,0,0,No
20000,Female,2,2,34,0,0,0,0,0,0,18649,19727,20330,20199,19609,19957,1700,2000,1200,0,348,0,No
290000,Female,1,2,34,-1,-1,-1,-1,0,-1,1915,6136,0,28642,4098,19024,6151,0,28642,0,19426,0,No
150000,Female,1,1,38,-2,-2,-2,-2,-2,-2,1544,463,1481,21640,2636,4346,463,1481,21643,2636,4346,0,No
160000,Female,2,1,36,-2,-2,-2,-2,-2,-2,-20,-20,3640,2935,1603,14129,0,3660,3135,1650,14200,1500,Yes
360000,Female,1,1,36,-2,-2,-2,-2,-2,-2,0,0,0,0,0,0,0,0,0,0,0,0,Yes
160000,Female,2,1,41,1,2,0,0,0,0,99496,97013,98427,102250,102734,104901,0,3879,5459,3675,3821,8256,No
400000,Female,1,1,37,0,0,0,0,0,0,229714,222726,162828,131433,126929,122492,11477,8000,4553,3600,3546,3864,No
180000,Female,2,2,36,0,0,0,2,2,-1,14222,14701,17322,13137,0,2293,1300,2902,3047,0,2293,2000,No
120000,Female,2,1,32,0,0,0,0,0,0,111441,113869,116110,111978,112822,114969,5596,5498,5500,4000,4300,5012,No
200000,Female,2,2,33,-2,-2,-2,-2,-2,-2,1502,3806,0,4573,1242,0,3836,0,4573,1242,0,3239,No
210000,Female,1,1,39,-1,-1,-1,-1,-1,-1,5907,2615,1220,5357,4160,0,2637,1220,5357,4160,0,0,No
70000,Female,3,1,48,2,2,2,2,2,2,62775,64139,65516,65945,66267,68549,3000,3000,2100,2000,3500,800,Yes
110000,Female,2,1,38,0,0,0,0,0,0,195437,176420,63142,39854,9293,-1288,5000,10000,5048,2000,39958,52000,Yes
30000,Female,3,2,47,2,2,2,0,0,2,11652,12461,11970,12981,14077,14367,1300,0,1214,1310,660,0,Yes
40000,Female,3,1,46,-1,-1,2,0,-1,-1,50,1850,1056,1875,299,0,1800,0,1000,299,0,0,No
310000,Female,1,1,41,-1,2,-1,-1,-1,0,3640,1094,9445,5202,14589,11673,0,9453,5206,14589,0,16563,No
200000,Female,2,1,41,-1,-1,-1,-1,-1,-1,5592,0,1306,1623,620,849,0,1306,1679,620,849,1264,No
230000,Female,2,1,39,0,0,-2,-2,-2,-2,24510,0,0,0,0,0,0,0,0,0,0,0,No
450000,Female,1,1,33,-2,-2,-2,-2,-2,-2,3485,2989,2278,4714,768,1069,3004,2289,4737,771,1074,370,No
80000,Female,2,2,34,0,0,0,2,0,0,40570,41873,88361,43671,44541,47421,1983,4100,0,1596,3600,0,No
210000,Female,2,2,43,0,0,0,0,0,0,209781,180962,181870,159975,138349,112371,6500,6601,5085,4087,4220,27704,No
130000,Female,2,3,48,-1,-1,-1,2,0,0,1778,0,109,109,109,0,0,109,0,0,0,0,No
500000,Female,1,1,49,-2,-1,-1,-1,-1,-1,1088,4007,9933,14557,53328,58052,4031,10021,14576,53850,58332,37616,No
180000,Female,2,1,38,-1,2,2,-1,0,0,7098,4089,0,8941,5181,5181,0,0,8941,0,0,0,Yes
340000,Female,1,1,36,1,-1,-1,-1,-1,-1,0,544,4881,717,3785,10911,544,4881,717,3785,10911,10226,No
450000,Female,1,2,37,0,-1,-1,-1,-1,-1,37070,17596,24965,0,1649,5212,17596,24965,0,1649,5212,535,No
210000,Female,1,1,43,1,-2,-2,-2,-2,-2,0,0,0,0,0,0,0,0,0,0,0,0,No
400000,Female,2,1,46,0,0,0,0,0,0,43405,39802,37115,39907,35061,35969,15000,15000,10000,15000,20000,20000,No
80000,Female,3,1,52,-2,-2,-2,-2,-2,-2,210,-2,926,-1,401,0,0,928,0,402,0,0,No
240000,Female,1,1,44,-2,-2,-2,-2,-2,-2,2771,4756,3496,4708,1522,2407,4756,3496,4708,1522,2407,1576,No
120000,Female,2,1,50,0,0,0,0,0,0,118492,119637,102228,75558,47536,44749,6141,4474,2647,1367,1322,1500,No
60000,Female,3,1,63,0,0,0,0,0,0,59471,59021,49580,38140,29843,27719,2400,1940,1477,1025,1006,1261,No
360000,Female,1,2,54,0,-1,-1,0,0,-1,132387,11590,70460,67357,71713,27399,11606,70579,10022,20000,27399,71429,No
360000,Female,3,1,50,-1,-1,-1,-1,-1,-1,846,1831,2776,0,44110,0,1831,2776,0,44110,0,2103,Yes
30000,Female,3,1,51,0,0,2,2,2,0,22373,25363,23582,21422,18302,16527,3400,1400,1000,700,1000,488,No
500000,Female,1,1,53,-2,-2,-1,-1,-1,-1,1200,0,3609,4053,0,4487,0,3609,4053,0,4487,638,No
20000,Female,2,1,54,3,2,3,2,2,2,6329,8488,8212,7931,8797,8514,2415,0,0,1000,0,500,Yes
90000,Female,2,1,56,-1,-1,-1,-1,-1,-1,1160,4701,13878,6556,2947,4808,4701,13882,6556,2947,4808,3131,No
100000,Female,3,2,54,1,2,2,2,0,0,66212,64021,66362,61417,57893,58212,0,6700,60,2200,2500,2300,No
120000,Female,1,1,51,0,0,0,-1,0,0,82865,82741,62914,60584,61412,55572,3652,1258,60584,1228,0,0,No
100000,Female,3,3,51,1,-2,-2,-2,-2,-2,0,0,0,0,0,0,0,0,0,0,0,0,Yes
150000,Female,2,1,51,0,0,0,0,0,0,146018,147598,148393,149709,107862,108623,7000,7600,6000,4000,4100,4300,No
10000,Female,2,1,51,1,2,0,0,0,0,9151,8855,9828,8637,8808,8995,0,1133,1144,315,329,363,No
490000,Female,1,1,53,-2,-2,-2,-2,-2,-2,1700,8913,0,400,4186,6205,8913,0,400,4186,6205,2025,No
50000,Female,3,2,52,0,0,0,0,0,0,47670,48447,49493,48497,18930,19329,1954,2000,20567,1000,664,1000,No
340000,Female,2,1,57,-1,-1,-1,-1,-1,-1,16729,8942,10301,20793,14817,4614,8942,10321,20793,14817,4614,7005,No
240000,Female,3,1,51,0,0,0,0,0,0,225614,232072,204121,171051,175416,179754,10473,8000,30000,6000,6000,20000,No
50000,Female,3,1,53,2,2,2,2,2,2,40926,43236,45250,46003,44193,44838,3000,3000,1800,0,1500,2300,Yes
500000,Female,2,1,50,0,0,0,2,0,0,290301,296479,306661,306438,298068,293489,11000,15000,10000,10003,10000,11000,No
410000,Female,2,1,50,0,0,0,0,0,0,249152,246659,248934,246011,240845,213767,9000,11000,10000,7500,8000,8000,No
280000,Female,2,1,64,0,0,2,0,0,0,22715,37818,35497,30164,7164,7164,15506,17,3364,0,0,0,No
240000,Female,2,2,59,0,0,0,0,0,0,230026,239796,231230,196471,190004,161867,20000,12000,7000,8000,6000,6205,No
20000,Female,1,2,54,0,0,0,0,0,0,17016,17909,18298,18761,17781,10674,1568,1737,1200,0,0,0,No
100000,Female,3,2,50,0,0,0,2,0,0,82397,84027,88734,86369,89994,89681,3004,7500,0,5001,3390,4000,No
270000,Female,2,1,65,-1,-1,-1,-1,-1,-1,157,0,2521,5145,8422,6374,0,2521,5184,8422,6374,0,No
80000,Female,3,2,57,0,0,0,0,0,0,78312,77359,76081,76526,27571,28783,3459,3500,1959,982,2000,1482,No
280000,Female,1,1,47,4,3,2,2,2,2,127928,127530,130168,131222,132758,135654,3000,6000,4500,5000,5000,5000,Yes
30000,Female,3,1,52,1,-2,-2,-2,-1,0,-190,-760,-760,-760,760,760,0,0,0,1520,0,0,No
90000,Female,3,1,53,0,0,0,0,0,0,88363,87235,88338,78994,50095,48987,3200,4000,2602,2000,3000,2000,Yes
600000,Female,1,1,53,-2,-2,-2,-2,-2,-2,84300,27446,0,0,6677,83034,27446,0,0,6677,83034,0,No
70000,Female,3,1,54,0,0,0,0,0,0,37717,38744,40538,39489,11590,11835,1655,2449,2400,414,431,500,No
270000,Female,3,1,58,-2,-2,-2,-2,-2,-2,936,1188,2078,795,828,1251,1188,2078,795,828,1251,2267,No
260000,Female,3,1,59,0,0,0,0,0,0,258885,261183,262546,238614,195149,195771,10000,11000,13067,10003,8000,11488,No
50000,Female,3,1,59,0,0,-2,-2,-2,-2,25775,0,0,0,0,0,0,0,0,0,0,0,No
50000,Female,3,1,53,0,0,0,0,0,0,48549,49180,48521,8731,8777,9261,2277,2290,1500,1000,1000,2000,Yes
70000,Female,3,2,52,0,0,0,0,0,0,103570,105991,67243,67533,28653,29253,3500,2777,1751,969,1004,938,No
210000,Female,3,1,55,-1,-1,-2,-1,0,0,3857,0,0,95438,96317,98400,0,0,95438,3393,3580,3998,No
330000,Female,3,1,50,-1,-1,-2,-2,-2,-1,2064,0,0,0,0,324,0,0,0,0,324,0,No
200000,Female,2,1,51,0,0,0,0,0,0,288015,148160,98651,251331,255017,54705,4470,9746,155858,5869,1964,1938,No
220000,Female,1,1,51,-2,-2,-2,-2,-2,-2,3315,2625,4863,1917,809,709,2625,4863,1917,809,709,1195,No
50000,Female,3,1,52,0,0,0,0,0,0,11463,12763,14149,15162,15463,15788,1500,1600,1252,553,574,747,No
280000,Female,2,1,56,2,0,0,0,0,0,284128,284204,284041,283396,213294,213384,9970,10261,17003,7657,7750,7861,Yes
200000,Female,3,1,50,0,0,0,0,0,0,8413,8611,15818,21813,20890,29890,5000,8000,10000,10000,10000,4686,No
230000,Female,2,2,51,0,0,0,0,0,0,213457,226037,213682,219016,172407,163690,17000,10000,10000,10000,10000,10000,No
230000,Female,1,1,51,-2,-2,-2,-2,-2,-1,0,0,0,0,0,496,0,0,0,0,496,496,Yes
100000,Female,3,1,49,0,0,0,0,0,0,62049,58158,57952,58627,46055,43176,2247,2900,2408,1689,1820,2040,No
80000,Female,2,1,49,0,0,0,0,0,0,83888,83503,82265,81974,81253,78343,3900,3000,3500,3200,3800,3300,No
80000,Female,2,2,51,0,0,0,0,0,-1,80106,43289,21017,12883,-217,45966,1400,1500,1000,0,46700,1700,Yes
70000,Female,2,1,57,0,0,0,0,0,0,18379,19571,22729,24346,24940,25539,1500,3500,2000,1000,1000,1500,No
200000,Female,1,1,54,-2,-2,-2,-2,-2,-2,0,0,0,0,0,0,0,0,0,0,0,0,Yes
20000,Female,2,1,51,2,2,2,2,0,0,17612,18820,19717,18701,18726,18501,1800,1500,0,1000,1000,1000,No
50000,Female,2,1,55,0,0,0,0,0,0,23605,27856,16386,15511,15664,19761,5856,3386,5411,5664,5761,3866,No
360000,Female,2,1,52,1,-2,-2,-2,-2,-2,0,0,0,0,0,0,0,0,0,0,0,207,No
200000,Female,3,2,49,-1,-1,-1,-1,-1,-1,1801,181,4095,5711,21420,6719,181,4126,5711,21520,6719,150,No
90000,Female,2,1,55,2,2,2,0,0,0,83040,81998,83674,80890,31565,33049,900,4003,3000,3000,3000,2000,Yes
50000,Female,3,2,59,0,0,0,0,2,2,50761,50185,59509,31495,30552,29556,2500,2600,6000,1300,0,1300,No
400000,Female,2,1,48,0,0,0,0,0,0,352730,335226,317661,319004,316611,314106,12370,15012,13000,12055,13368,12000,No
110000,Female,3,1,51,0,0,0,0,0,0,105476,109153,109501,105290,78812,78503,5436,5007,5290,8812,8503,8200,No
50000,Female,3,1,58,1,2,2,2,0,0,24135,23454,26755,26026,27310,29729,0,4000,0,2000,3000,0,Yes
150000,Female,3,1,65,-2,-2,-2,-2,-2,-2,0,0,500,0,0,0,0,500,0,0,0,0,No
50000,Female,2,1,56,0,0,0,0,0,0,48703,48836,48049,47060,19171,18624,2000,2000,2000,1000,1000,1000,No
300000,Female,1,1,59,-1,-1,-1,-1,-1,-1,12982,10114,10195,34010,20854,64741,11138,10217,34039,20854,64741,39441,No
290000,Female,2,1,49,0,0,0,0,0,0,282538,281749,238490,86202,83155,84927,10711,12915,2962,2863,2996,3257,Yes
500000,Female,2,1,52,0,0,0,0,0,0,588000,277559,288835,281810,273700,269552,17559,36500,20000,36000,20000,80013,No
140000,Female,3,1,50,-1,2,-1,-1,-1,-1,845,845,1690,0,1690,0,0,1690,0,1690,0,845,Yes
350000,Female,5,1,49,1,-2,-2,-2,-2,-2,0,36011,8978,11925,8574,5417,36011,8978,11975,8574,5417,1828,No
180000,Female,2,2,49,0,0,0,0,0,0,56677,35062,32721,32627,28272,26984,1600,1600,1500,1000,968,1000,No
390000,Female,1,1,48,1,-1,-1,-1,-1,-1,0,5660,3730,9526,0,2680,5660,3730,9526,0,2680,200,No
50000,Female,1,2,52,-1,0,0,0,0,-1,28594,33080,29233,23340,-300,31031,5000,3000,1000,0,31331,0,No
50000,Female,1,2,51,0,0,0,0,0,0,43273,44652,46331,47896,47266,48002,2800,2795,2750,1130,1314,1159,No
200000,Female,1,1,49,-1,-1,-1,-1,-2,-2,413,0,103,0,0,0,0,103,0,0,0,225,No
180000,Female,1,2,53,-2,-2,-2,-2,-2,-2,-1580,-1580,-1580,-1580,-1580,-1580,0,0,0,0,0,0,No
50000,Female,2,1,50,0,0,0,2,0,0,12699,13734,17634,17053,17394,18563,1247,4147,0,624,1451,0,No
110000,Female,1,1,51,0,0,0,0,0,0,103701,102318,92724,94573,65034,66241,3771,3656,3687,2476,2406,2427,No
310000,Female,2,1,62,0,0,0,0,0,0,113529,116101,119953,119583,120837,99114,5000,6000,5005,5000,4000,3000,No
80000,Female,3,2,60,0,0,0,0,0,0,37298,19025,12720,14169,13828,1664,3000,3000,2030,3000,1000,839,No
80000,Female,3,1,54,0,0,0,0,0,0,55498,56368,42486,24500,28900,29400,2000,2000,1600,5000,1000,600,No
240000,Female,1,1,53,-2,-2,-1,-1,-2,-2,0,0,2007,-40,-40,8091,0,2007,40,0,8131,0,No
210000,Female,2,1,54,-2,-2,-2,-2,-2,-2,0,0,0,225,760,0,0,0,225,760,0,0,No
30000,Female,2,2,50,0,0,0,0,0,0,25416,26260,24084,23631,29863,29369,1389,1602,1563,8500,1100,500,No
80000,Female,1,1,52,0,0,0,0,0,0,34243,35240,36275,37290,38030,38838,1570,1605,1620,1360,1420,1500,No
70000,Female,3,1,49,2,2,2,2,2,2,19954,21024,21790,21142,23772,24930,1700,1400,0,3000,1700,1340,Yes
50000,Female,3,2,50,1,-2,-2,-2,-2,-2,0,0,0,0,0,0,0,0,0,0,0,0,Yes
180000,Female,3,1,64,-2,-2,-2,-2,-2,-2,18084,1703,3681,21325,2228,856,1703,3697,21330,2228,1531,16934,No
160000,Female,2,1,60,-2,-2,-2,-2,-2,-2,16060,1605,4200,2461,0,0,1605,4200,2461,0,0,230,No
180000,Female,1,1,53,1,-2,-2,-2,-2,-2,0,0,0,0,0,0,0,0,0,0,0,0,No
30000,Female,2,3,54,0,0,0,0,0,0,26302,26873,28138,27074,13275,12500,2000,1719,1613,271,2250,0,No
210000,Female,2,1,56,-1,-1,-1,-1,-1,-1,25487,6655,6355,18543,6022,1334,6655,6359,18543,6022,1334,3864,No
120000,Female,3,1,55,1,-2,-1,2,0,0,-150,-150,7342,7029,7172,7338,0,7492,0,143,166,16000,No
20000,Female,3,1,51,1,2,0,0,0,0,15399,14859,15913,17033,17466,19635,0,1600,1700,1000,2600,0,Yes
30000,Female,2,1,49,1,2,-1,-1,-1,2,10440,9972,16073,6342,8073,1731,0,16101,6342,1731,0,5517,No
50000,Female,3,1,53,1,2,0,0,0,0,51254,49852,28379,15988,16718,17446,0,6200,2000,1000,1000,1000,No
20000,Female,3,1,51,1,-1,-1,-1,-2,-2,0,780,340,-50,-830,-1660,780,340,0,0,0,0,No
50000,Female,2,1,58,0,0,0,0,0,0,50182,41207,19129,18538,17494,17833,1500,1700,1500,700,1000,1000,No
20000,Female,2,1,49,1,2,0,0,0,0,19127,16943,18359,19000,19600,19600,0,2000,1400,1000,0,0,No
310000,Female,3,1,53,-2,-2,-2,-2,-2,-2,1126,2603,-6,1184,7883,193,2635,0,1190,7909,193,3189,No
120000,Female,2,1,40,0,0,0,0,0,0,123270,122736,123394,123123,121499,121296,6000,6500,6500,5000,5000,5000,No
360000,Female,3,1,47,0,0,0,0,0,0,366484,365469,364081,365927,363629,303097,14463,15861,13600,12057,9340,9515,No
240000,Female,3,2,49,-1,0,0,0,2,0,1271,4241,7164,10041,9731,13540,3000,3000,3000,0,4000,3000,No
500000,Female,3,2,53,-2,-2,-2,-2,-2,-2,0,0,0,0,0,1150,0,0,0,0,1150,0,Yes
500000,Female,2,1,53,-1,-1,-1,-1,-1,0,10789,7855,17481,12021,132906,122256,7919,17512,12021,132906,0,37380,No
200000,Female,2,1,56,-2,-2,-2,-2,-2,-2,2155,0,1750,4990,1200,676,0,1750,4990,1369,676,2158,No
30000,Female,3,1,67,2,2,0,0,0,0,26590,25869,26947,27529,24909,24576,0,1800,1370,1264,2078,836,Yes
130000,Female,3,1,49,0,0,0,0,0,0,108711,107996,87817,47175,48126,49234,6000,4542,2200,2000,2000,2000,No
80000,Female,3,1,50,0,0,0,-1,-1,-1,55070,57863,54382,773,-5857,57071,5012,7450,5000,1630,69794,15000,No
150000,Female,2,1,51,0,0,0,0,0,0,71776,72909,74722,77865,78819,80607,2046,2413,3776,2224,2448,2500,No
530000,Female,1,1,54,-2,-2,-2,-2,-2,-2,6458,5598,36532,3288,1415,448,5600,36532,3293,1415,448,1687,No
210000,Female,1,1,53,0,0,0,0,0,0,180227,186423,169614,172297,177427,182399,11000,8000,7000,8000,8000,9000,No
30000,Female,2,3,54,1,-2,-2,-2,-1,0,0,0,0,0,20363,20819,0,0,0,20363,784,4000,No
410000,Female,2,1,50,0,0,0,0,0,0,358896,361330,360396,367893,375268,383121,13000,13100,13500,13500,13900,15000,No
240000,Female,2,1,50,-2,-2,-2,-2,-2,-2,664,1086,7041,12208,790,2009,1086,7041,12208,1109,2009,1077,No
50000,Female,1,2,61,3,2,0,0,-2,-2,60458,54438,53605,0,0,0,0,1100,0,0,0,0,Yes
200000,Female,3,1,67,0,0,0,0,0,0,187610,188072,166668,159513,150852,151996,10000,17014,15019,15000,15000,10000,No
70000,Female,2,2,55,0,0,0,0,0,0,57867,53214,54571,42413,42946,43843,1920,2230,2004,1537,1589,1598,No
140000,Female,3,2,53,0,0,0,0,0,0,68889,68662,65581,56271,54586,54247,3075,3014,2606,2005,2404,2629,No
320000,Female,3,2,54,-1,-1,0,0,0,0,54661,183429,303849,299996,307016,308110,183429,203849,22080,10000,10000,0,No
50000,Female,3,1,53,0,0,0,0,0,-2,46138,47164,47602,37280,18678,18602,2182,2400,1000,18678,600,500,No
500000,Female,2,2,50,-1,-1,-1,0,0,0,588,2393,5306,5453,3221,1269,2393,5308,1000,0,0,1557,Yes
300000,Female,2,1,51,-2,-2,-2,-2,-2,-2,0,0,0,0,0,0,0,0,0,0,0,0,Yes
400000,Female,1,1,51,1,-2,-2,-2,-2,-2,-9,1084,3884,0,27703,0,1093,3884,0,27703,0,56677,No
170000,Female,2,2,51,0,-1,-1,-1,-1,-1,1606,1420,1420,1420,1420,3464,1420,1420,1420,1420,3464,1420,No
60000,Female,3,1,50,2,0,0,0,0,0,61349,61600,61952,60661,29095,17636,2900,3300,2000,900,889,21500,Yes
120000,Female,1,1,47,-1,-1,3,2,0,0,632,948,948,632,632,316,948,0,0,316,0,466,Yes
210000,Female,1,2,50,-1,-1,-2,-1,-1,-1,1561,0,0,806,1945,0,0,0,806,1945,0,1315,No
50000,Female,3,1,51,0,0,0,0,0,0,45096,28907,29691,29104,28968,29440,1500,1508,1502,1100,1032,4500,No
30000,Female,2,2,51,0,0,2,2,2,2,22473,25293,24602,27964,27232,29800,3200,1,3801,0,3001,0,No
130000,Female,2,1,51,0,0,0,0,0,0,124619,128845,131045,94390,91111,93112,6301,6000,5000,4000,3500,4000,No
280000,Female,2,1,50,2,2,2,2,0,0,106341,108711,111510,108253,109065,111447,5600,6000,0,4100,4300,4300,Yes
240000,Female,1,1,51,-2,-2,-2,-1,-1,-1,4302,542,3934,6630,6817,7658,546,3953,6646,6865,7673,4208,No
240000,Female,3,1,50,0,0,0,0,0,0,242152,237635,242191,212879,185490,188850,8000,8000,7000,6000,6000,7000,No
270000,Female,2,1,51,-1,-1,-1,0,-1,-1,7582,10392,11088,6045,750,4003,10392,11586,6013,750,4003,5000,No
500000,Female,1,1,52,-2,-2,-2,-2,-2,-2,9534,9164,9285,20348,10893,9697,9267,9961,20390,10925,9718,13021,No
170000,Female,3,2,53,0,0,0,0,0,0,161858,162402,159863,159700,77043,77047,5800,6500,5000,3000,3000,2500,No
80000,Female,3,1,50,2,3,2,2,2,0,2684,2502,2321,4247,3914,3242,0,0,2001,4,1073,23076,No
280000,Female,3,1,53,0,0,0,2,0,0,4866,4405,7322,7043,8932,9654,1200,3000,0,2000,1000,2000,No
110000,Female,1,1,52,-1,-1,-2,-1,-1,-2,1865,0,0,1930,-170,-170,0,0,1930,0,0,0,No
250000,Female,1,1,54,-1,-1,-1,-1,0,-1,390,1090,390,2855,390,2950,1090,390,2855,0,2950,0,No
50000,Female,3,3,53,0,0,0,0,0,0,49326,50302,50036,48816,19587,18406,1803,2100,1500,1000,700,600,Yes
280000,Female,2,1,57,-1,-1,-1,-1,0,-1,7640,9369,12261,12610,3160,9380,9369,12277,12610,0,9380,2098,No
500000,Female,2,1,54,0,0,0,0,0,0,455977,397418,392278,375931,364134,354019,13455,13691,12692,11883,11922,10032,No
260000,Female,3,1,65,0,0,0,0,0,0,225028,188891,174617,178214,182251,186144,8165,6500,6500,7000,7000,7500,No
250000,Female,2,1,52,-2,-2,-2,-2,-2,-1,1376,4038,313,316,657,993,4038,313,316,657,993,3039,Yes
140000,Female,3,1,56,0,0,0,0,0,0,141342,137996,139888,126590,111187,111414,5025,5962,4878,4100,4200,4003,No
180000,Female,1,1,55,1,-2,-2,-2,-2,-2,0,0,0,0,0,0,0,0,0,0,0,0,No
190000,Female,2,1,52,-2,-2,-1,-1,-1,-1,175,1547,6101,4803,5039,0,1547,6101,4803,5039,0,0,No
290000,Female,1,1,52,0,0,0,2,2,2,85532,69025,85735,79698,71981,63168,12000,20000,0,5500,0,10000,No
230000,Female,1,2,53,-2,-2,-2,-2,-2,-2,0,742,0,0,596,4870,742,0,0,596,4870,0,No
220000,Female,2,1,54,-1,-1,-1,-1,-1,-1,265,4786,2367,2873,11768,7484,4786,2367,2888,11768,7484,13062,No
30000,Female,2,1,60,1,-2,-2,-2,-2,-2,0,0,0,0,0,0,0,0,0,0,0,0,No
300000,Female,2,2,57,-1,-1,-1,2,-1,0,2890,390,1380,390,1170,390,390,1380,0,1170,0,0,No
260000,Female,3,1,57,-1,2,-1,2,-1,-1,1148,123,1668,446,123,35722,0,1668,0,490,35722,0,No
140000,Female,2,1,58,2,2,2,2,2,2,68859,70428,71902,72924,72335,75508,3300,3200,2800,1200,4500,3000,Yes
70000,Male,2,1,40,0,0,0,0,0,0,30346,27040,23756,18897,10873,10707,1681,1635,1463,525,535,570,No
200000,Male,2,2,30,0,0,0,0,0,0,183464,184391,169311,165686,162639,165627,7197,7035,7032,6008,7002,6523,No
90000,Male,1,2,31,2,0,0,0,0,0,90226,90378,27831,28790,29087,28941,2500,1500,1443,1100,1042,2000,Yes
30000,Male,2,2,49,1,2,2,0,0,-1,24597,26852,23117,24800,29410,23905,3000,0,3000,5000,23905,23771,No
80000,Male,1,2,25,0,0,0,0,0,0,67751,68484,54926,55241,56560,57881,2500,3000,2000,2000,2000,3000,No
150000,Male,1,2,26,-1,0,0,0,0,0,29997,31171,30356,30545,31257,33762,2000,2000,2000,1200,3000,2000,No
360000,Male,1,2,29,1,-1,-1,-1,-1,-1,-4316,60054,187734,17328,10658,77898,65000,188000,17384,20000,78000,46677,No
400000,Male,2,1,30,-1,0,0,0,-1,-1,11633,12294,13038,13751,5765,21784,1200,1287,1000,5819,26957,507,No
300000,Male,1,2,30,-1,-1,2,0,0,-1,121,2175,774,2774,2774,14190,3204,0,2000,0,15000,2043,No
50000,Male,2,2,30,2,2,2,2,2,2,21839,22771,23700,24016,23332,24849,1600,1600,1000,0,1896,0,Yes
20000,Male,1,2,27,1,2,2,2,0,0,15678,15129,17973,31269,11401,8311,0,3100,0,2000,1000,2000,No
90000,Male,2,2,28,2,2,0,0,2,0,82671,78750,66605,63795,61061,54646,0,3324,5380,0,2000,1800,Yes
180000,Male,2,1,28,0,0,0,0,2,0,148735,150771,156334,165696,165582,168952,6000,8000,13500,4110,6200,13600,No
230000,Male,2,2,29,-1,-1,0,0,0,0,566,5477,7996,6406,6040,6446,5480,4001,3000,3000,2000,5000,No
160000,Male,2,1,28,1,-2,-2,-2,-2,-1,0,0,0,0,0,1300,0,0,0,0,1300,1244,No
200000,Male,2,2,25,1,2,0,0,0,0,124652,109401,63518,14607,16399,18026,6,5000,2000,2000,2000,20000,No
300000,Male,2,2,27,0,0,-1,-1,0,-1,1726,-9,1974,17648,36732,1000,2800,1983,17652,36183,1002,0,No
360000,Male,1,2,29,-2,-2,-2,-2,-2,-2,0,0,0,0,0,0,0,0,0,0,0,0,No
230000,Male,2,2,30,-1,0,-1,0,0,0,9125,7795,191795,192255,187755,187740,4000,191795,10000,8000,8000,8000,No
80000,Male,1,2,27,0,0,0,0,0,-1,74413,76817,74554,43727,16307,1755,7000,3000,1400,326,1755,0,No
90000,Male,2,2,27,2,0,0,0,-2,-2,2542,3556,4490,0,0,0,1066,1000,0,0,0,0,Yes
80000,Male,1,2,25,0,0,0,0,0,0,37325,38503,39429,24600,10000,0,2100,2000,1000,700,0,0,No
160000,Male,1,2,29,1,-1,-1,-2,-2,-2,0,6285,0,0,0,0,6285,0,0,0,0,0,No
200000,Male,1,2,30,-2,-2,-2,-2,-2,-2,0,0,0,0,0,0,0,0,0,0,0,0,No
60000,Male,2,2,25,0,0,0,0,0,0,15614,16231,17074,17684,20003,21040,1267,1500,1291,3000,2000,390,No
360000,Male,1,2,27,-2,-2,-2,-2,-2,-2,2807,894,5939,1390,-5,-5,898,5970,1396,0,0,0,No
360000,Male,3,2,30,-2,-2,-2,-2,-2,-2,0,0,0,0,0,0,0,0,0,0,0,0,No
220000,Male,1,2,28,-1,-1,-1,-1,-1,-1,184,1709,919,47545,2398,3338,1709,919,47545,2398,5178,12448,No
120000,Male,1,2,27,0,0,0,0,0,0,21812,20874,21930,22165,20502,19030,1700,1700,1500,700,1000,1000,No
50000,Male,2,2,23,-1,-1,2,0,0,0,45708,48316,44070,45021,45145,46470,6000,0,2000,2000,3000,3600,No
300000,Male,2,2,29,-2,-2,-2,-2,-2,-2,0,0,0,0,0,0,0,0,0,0,0,0,Yes
400000,Male,1,2,36,-2,-2,-2,-2,-2,-2,0,0,0,0,0,0,0,0,0,0,0,0,Yes
260000,Male,3,2,35,0,0,0,0,0,0,33078,42056,43986,45879,54264,59872,10000,10000,10390,10009,10000,10000,No
80000,Male,2,1,27,0,0,0,0,2,0,58777,60201,61633,69160,26000,25000,3000,3000,9160,0,0,0,No
50000,Male,1,2,30,0,0,0,-1,-1,-2,50457,51400,0,3794,0,0,2400,0,3794,0,0,9551,No
20000,Male,2,2,27,-1,-1,-2,-2,-2,-2,1200,0,0,0,0,0,0,0,0,0,0,0,No
50000,Male,2,1,29,0,0,0,0,0,0,47555,47531,46604,47982,29667,30449,1932,2005,2383,1068,1266,1045,No
20000,Male,3,2,23,1,2,-1,-1,0,0,19901,19105,572,19206,18595,19135,0,572,20502,1000,840,705,No
150000,Male,1,2,30,0,0,0,0,0,0,84777,81530,78940,73785,70787,59526,2881,3073,2584,1260,1357,1736,No
620000,Male,2,2,29,0,0,0,0,0,0,524191,524555,445543,443199,451040,431316,19306,15669,16011,16000,15500,17002,No
270000,Male,3,2,36,0,0,0,0,0,0,276192,271773,262623,268735,273709,273139,11000,11100,12000,11000,10200,10500,No
130000,Male,2,2,29,1,2,2,2,2,2,88766,91466,93182,90851,96576,98452,5000,4000,0,7200,3500,3600,Yes
150000,Male,2,2,22,-1,0,0,0,0,0,82791,82533,77002,45340,36352,36499,3187,2381,1579,1265,1584,597,No
50000,Male,2,1,26,0,0,0,0,0,0,38189,28440,23228,21482,18029,18705,3000,1436,1162,2184,871,500,No
50000,Male,2,1,26,1,4,3,2,2,3,13294,12799,12311,11816,14014,13506,0,0,0,2394,0,0,Yes
20000,Male,2,2,23,2,0,0,2,2,-2,15021,17452,19853,19437,0,0,6000,3000,295,0,0,0,Yes
170000,Male,1,2,25,0,0,0,0,0,0,112367,106345,91409,90720,83208,83956,5451,4456,2992,3000,3200,3200,No
50000,Male,2,2,29,0,0,0,0,0,0,51232,50732,50962,49908,32361,21138,1900,2300,1500,1500,900,900,No
20000,Male,3,2,22,0,0,0,0,0,2,18306,18977,19328,19035,19262,12308,1287,1462,1522,1165,0,1000,No
20000,Male,2,2,22,1,2,2,2,0,0,14542,14011,16899,16335,16509,17590,0,3132,0,742,1501,0,Yes
20000,Male,2,2,21,0,0,0,-1,0,0,23675,20297,17054,2333,1300,0,1800,1240,2333,0,0,0,No
20000,Male,2,2,21,0,0,0,0,0,0,18671,18497,19633,18347,9347,0,1614,1750,1000,1000,0,0,No
20000,Male,1,2,22,0,0,0,0,0,0,19231,20235,21579,22231,22301,21687,1331,1675,1327,800,783,777,Yes
90000,Male,2,2,25,0,0,0,0,0,0,79938,67857,66929,67797,47739,48163,3000,3000,3000,3000,2000,2000,No
80000,Male,2,1,26,-1,3,2,-1,2,2,495,330,165,481,316,151,0,0,481,0,0,0,No
60000,Male,1,2,23,0,0,0,0,0,0,31348,50778,53407,19443,16597,18423,20109,5000,2000,1000,2000,1000,No
50000,Male,2,2,22,0,0,0,0,0,2,49718,50362,49904,50405,29795,28383,1786,2000,1500,2200,0,1100,No
20000,Male,1,2,22,0,0,2,0,0,0,17875,20524,17478,18224,18926,19627,3300,0,1500,1000,1000,1000,No
20000,Male,3,2,23,0,0,0,0,0,0,19812,20388,19145,20124,20127,20150,1300,1330,1309,702,719,1000,No
50000,Male,2,2,24,-1,-1,0,0,0,0,90,6560,7029,1734,916,18864,7396,1459,1000,18,18784,1000,No
20000,Male,2,2,22,1,4,3,2,0,0,17456,16896,16345,15785,17018,18736,0,0,0,1500,2000,2000,Yes
20000,Male,2,2,22,2,3,2,2,2,0,15662,16004,17046,16676,16704,16984,900,1600,200,600,700,2100,No
50000,Male,3,1,22,0,0,0,0,0,0,45458,46450,47599,48456,44546,43256,2051,2200,2016,2009,2092,1020,Yes
50000,Male,3,2,23,0,0,-2,-2,-2,-2,4332,0,0,0,0,0,0,0,0,0,0,0,No
50000,Male,2,2,23,0,0,0,0,-2,-2,35176,30250,12625,0,0,0,2007,5000,0,0,0,0,No
20000,Male,2,2,23,1,2,0,0,0,0,16830,14566,10100,9238,6902,5813,50,5000,1200,500,500,1000,No
420000,Male,2,1,24,0,0,0,0,0,0,392639,397332,376317,214062,164003,162836,16117,20516,7092,6019,4636,5570,No
50000,Male,2,2,25,0,0,0,2,0,0,17826,18620,19722,19305,19409,20221,1400,2200,806,1000,2000,1000,No
110000,Male,2,2,26,1,2,2,3,2,2,83796,86713,93436,91075,88714,94316,5200,9000,0,0,7062,3424,No
20000,Male,6,2,21,0,0,0,0,0,-2,13203,4443,3259,2969,0,0,1036,1132,2000,0,0,0,No
50000,Male,3,2,23,0,0,0,0,0,0,9168,10178,11200,12214,12608,12718,1166,1188,1202,596,461,462,No
180000,Male,2,2,23,0,0,0,0,0,0,96709,99673,100951,104625,106498,115632,4485,3682,5253,5000,11000,10000,No
20000,Male,2,2,22,0,0,2,2,2,2,18690,12289,5560,6310,7204,6943,3500,1000,1000,1000,0,1000,No
20000,Male,2,2,21,0,0,0,0,0,0,22291,15999,12874,8350,7500,8500,1700,1174,4000,150,1000,0,No
20000,Male,2,2,21,0,0,0,0,-1,-1,20070,19278,3346,-780,780,2130,1072,1000,0,1560,2130,3680,No
20000,Male,2,2,22,2,3,2,2,3,2,18292,17710,17137,19830,19240,18419,0,0,3000,0,0,2000,Yes
50000,Male,2,2,22,0,0,0,0,0,0,38311,52702,50639,53052,47335,32489,20052,16216,8734,1018,9421,10055,No
50000,Male,3,2,26,2,0,0,0,0,0,31708,32439,28302,13881,14376,15261,1700,2000,1500,1100,1500,2000,No
150000,Male,4,3,27,-1,-1,0,0,-2,-2,3462,1147,7002,0,0,0,1147,6000,0,0,0,0,No
70000,Male,2,2,27,2,2,2,2,2,2,29193,30214,31130,31622,32102,32742,1800,1700,1300,1300,1300,1300,Yes
50000,Male,2,2,27,1,2,0,0,0,0,47568,46482,44546,40745,19910,17786,0,2000,1241,633,616,2500,Yes
150000,Male,1,1,32,0,0,-2,-1,-1,-2,15000,0,0,1662,0,0,0,0,1662,0,0,0,No
100000,Male,2,2,26,0,-1,-1,-1,2,-1,44053,2206,1953,3053,853,48280,2206,1953,3100,0,48280,0,No
20000,Male,2,2,24,0,0,0,0,0,0,15730,16776,35036,14694,16914,14074,1313,2110,4000,6000,4000,174,No
20000,Male,2,2,24,0,0,2,3,2,2,14068,16706,18342,17755,17967,17538,3200,2200,0,800,0,1401,No
20000,Male,2,2,22,0,0,-1,0,0,0,20813,19666,20076,19875,19659,19310,1000,20700,2000,800,465,1000,No
190000,Male,2,2,29,0,0,0,0,0,0,185222,163336,157158,149423,115038,97756,5836,6358,5487,4038,3803,3042,No
20000,Male,3,2,24,1,3,2,0,0,3,14665,14146,13634,14401,16257,15713,0,0,1300,2101,0,0,Yes
70000,Male,2,1,26,1,2,0,0,0,0,8587,9386,9456,9528,7481,7794,1100,1178,1250,300,400,250,No
50000,Male,2,2,24,0,0,0,-1,0,0,52359,51158,3957,52522,31921,29265,2064,1053,53874,1009,934,719,No
20000,Male,2,2,25,1,2,0,0,-1,0,20873,20240,20365,19565,9928,12758,4,1378,1203,15460,3000,2000,Yes
20000,Male,1,2,24,-1,-1,-1,-1,0,-1,720,100,1192,7804,6200,3982,100,1192,7807,124,3982,1156,Yes
20000,Male,2,2,24,0,0,0,0,0,0,10768,12087,13115,14190,14328,14629,1502,1530,1600,670,680,686,No
50000,Male,2,2,24,-1,0,0,0,2,0,48846,48136,72898,36103,29384,29356,1904,3700,5396,6,1003,1449,No
20000,Male,1,2,23,0,0,0,0,0,0,10242,18778,19065,18025,17414,17068,10000,1300,1300,609,700,1809,No
50000,Male,2,2,23,1,-2,-2,-1,-1,-2,0,0,0,1000,0,0,0,0,1000,0,0,0,No
50000,Male,2,2,24,1,2,0,0,-1,-1,5784,3392,2182,0,2092,-2272,0,1000,0,2092,0,0,No
20000,Male,1,2,24,1,-1,-1,-2,-1,-1,255,541,275,329,544,190,541,275,329,544,190,241,No
20000,Male,2,2,25,1,2,-1,-1,0,0,12589,716,243,19853,20157,20182,0,1000,20000,1000,720,1800,No
50000,Male,2,2,25,0,0,0,0,0,0,46980,47809,49040,29662,28360,28831,1910,2141,1763,1161,1077,1167,Yes
20000,Male,2,2,27,0,0,0,0,0,0,12546,13830,14599,15650,15964,17204,1500,1300,1300,574,1500,0,Yes
20000,Male,2,1,24,1,4,3,2,2,2,17611,18038,17473,16900,17690,18255,1000,0,0,1376,1000,649,No
20000,Male,2,2,23,0,0,0,0,0,0,20432,16941,18066,19259,20071,19800,1280,1405,1598,1410,1021,0,No
20000,Male,2,2,25,0,0,0,0,0,0,17286,18199,18559,19068,19053,16500,1594,1344,1243,618,579,778,Yes
220000,Male,1,2,26,0,0,0,0,0,0,44432,128967,96750,71616,65415,57914,100000,18720,37800,7096,12000,25000,No
140000,Male,1,2,26,0,0,-2,-2,-1,-1,17376,4879,6266,4379,420,0,4907,6284,4392,420,0,245,No
50000,Male,1,2,27,0,0,2,0,0,2,48215,44175,83132,42079,44781,45619,4007,0,1706,3408,1700,0,No
50000,Male,2,2,25,0,0,0,0,0,0,47034,48442,49173,49290,48910,48910,2500,2200,1700,1000,0,0,No
10000,Male,2,2,26,1,-1,0,0,0,0,7140,8489,9488,9129,9479,9523,11153,1152,1150,500,345,387,No
50000,Male,1,2,25,0,0,0,0,0,0,18164,19456,20486,21241,21788,23281,1900,1645,1400,900,2000,0,No
50000,Male,2,2,26,0,0,0,0,0,0,25126,26697,28222,27180,27979,28926,2000,2000,2000,1500,1500,1000,No
20000,Male,1,2,25,0,0,0,0,0,0,26694,10298,9768,8798,9404,6864,1200,2000,2000,1000,1000,1000,No
200000,Male,1,2,26,-2,-2,-2,-2,-2,-2,-4,909,6737,6012,5167,3132,913,6737,6031,5167,3132,2290,No
40000,Male,1,2,26,0,0,0,0,0,0,21651,19279,19076,15838,17616,11081,5009,5000,1560,7000,497,2000,No
30000,Male,2,2,23,0,0,2,2,0,0,14404,32852,17113,4818,4818,0,3196,2000,0,0,0,0,No
20000,Male,2,2,23,2,0,0,2,0,0,15789,16831,20404,19621,14051,0,1610,4183,0,281,0,0,Yes
50000,Male,2,2,23,0,0,0,-1,0,0,51274,50474,49724,48437,18712,19129,4175,41000,51705,700,718,700,No
20000,Male,3,2,24,-1,2,-1,-1,-1,-1,546,48,498,449,1651,1114,0,948,449,1700,1114,0,No
130000,Male,2,2,25,0,0,0,0,0,2,72850,74937,75900,74982,79701,81282,3300,2800,3000,6000,3000,0,No
160000,Male,2,2,25,0,0,0,0,0,0,4071,4554,4770,5494,4586,4686,1060,1276,1000,92,100,1000,No
110000,Male,2,2,25,0,-1,0,0,-1,-1,54165,88490,99595,99055,30328,24564,88490,30000,40000,30328,24564,42000,No
50000,Male,2,2,37,0,0,0,0,0,0,16029,17039,18064,19076,19453,19862,1281,1306,1318,695,721,1018,Yes
50000,Male,2,2,25,0,0,4,3,2,2,29206,53086,51981,50805,51518,50713,25000,0,0,1800,108,2400,No
240000,Male,2,2,26,0,0,0,0,0,0,27967,28707,27970,187880,169261,148519,10016,2081,169267,5062,4608,5096,No
20000,Male,2,2,27,0,0,0,0,-2,-2,2003,2948,3372,0,0,0,1086,1000,0,0,0,0,No
500000,Male,3,2,30,-1,0,0,0,-1,-1,1092,5227,5453,5540,6263,1831,4303,1096,1020,6315,1833,9649,No
60000,Male,2,2,26,0,0,0,0,0,0,59487,59199,59326,58938,30101,29735,2113,2500,3000,2500,1500,1100,No
50000,Male,3,2,25,0,0,0,0,2,2,47727,45926,47095,49485,49083,45187,2100,2200,3500,2000,0,5151,No
50000,Male,2,2,24,0,0,0,0,0,0,46521,47597,48799,41286,16764,16960,2150,2352,1239,717,585,589,No
20000,Male,2,2,25,-1,-1,-1,-1,-1,0,390,390,390,390,390,780,390,390,390,390,390,0,No
30000,Male,2,2,25,0,0,0,0,0,0,30274,30517,30485,30533,29148,29782,1932,3900,1700,1200,1180,2500,No
80000,Male,2,1,25,1,2,2,0,0,0,80906,82789,80903,80215,63296,49854,3800,6,3636,2646,2000,1830,No
10000,Male,2,2,26,0,0,0,0,0,0,8882,9933,9825,17506,16608,9176,1300,2200,1300,320,1820,1000,No
20000,Male,5,2,26,0,0,0,0,0,-2,20564,20284,19394,39950,0,0,3055,1467,1096,1000,0,0,No